864.000000 176.000000
866.000000 193.666667
867.666667 212.666667
869.000000 232.333333
870.000000 253.666667
870.666667 275.666667
870.666667 298.666667
870.000000 322.000000
869.000000 346.000000
867.666667 370.333333
866.000000 395.333333
864.000000 420.000000
861.666667 444.666667
858.666667 468.666667
855.000000 492.666667
851.000000 516.000000
847.000000 538.333333
843.000000 560.333333
839.000000 580.666667
835.333333 600.000000
832.333333 617.666667
830.000000 634.666667
828.000000 649.666667
826.333333 662.666667
824.666667 674.000000
823.333333 684.333333
821.666667 693.000000
