520.333333 575.333333
535.333333 574.000000
551.000000 572.666667
567.000000 571.000000
584.333333 569.000000
602.666667 566.666667
622.000000 564.000000
642.666667 560.666667
664.000000 557.333333
686.666667 554.000000
709.666667 551.333333
733.666667 548.666667
758.333333 546.333333
784.333333 544.000000
810.333333 542.000000
836.333333 540.000000
862.333333 538.000000
888.666667 536.333333
915.000000 535.000000
941.000000 534.000000
967.333333 533.000000
1010.666667 532.000000
1053.666667 531.666667
1137.333333 531.333333
1204.666667 530.666667
1267.666667 529.333333
1284.000000 528.000000
1294.000000 526.666667
1302.333333 525.000000
1309.333333 523.333333
1315.000000 521.666667
1319.333333 520.333333
