190.666667 378.666667
189.333333 395.666667
188.000000 414.000000
187.333333 432.000000
186.666667 450.666667
186.000000 469.666667
184.666667 490.666667
183.000000 512.666667
180.666667 534.666667
178.333333 556.333333
175.666667 577.333333
173.666667 598.333333
171.666667 618.666667
170.666667 638.000000
169.666667 656.000000
169.666667 672.666667
170.000000 688.333333
171.333333 702.000000
172.666667 713.333333
174.333333 722.666667
175.666667 730.333333
177.333333 736.666667
179.000000 741.333333
180.666667 744.666667
