1246.333333 308.333333
1246.666667 319.333333
1247.000000 330.333333
1247.333333 342.666667
1247.666667 355.333333
1248.000000 368.666667
1248.000000 382.000000
1248.000000 396.000000
1248.333333 410.333333
1248.666667 425.666667
1249.000000 441.333333
1249.000000 457.000000
1249.000000 473.000000
1249.000000 489.333333
1249.000000 506.666667
1249.000000 524.000000
1249.000000 541.666667
1249.000000 559.333333
1249.000000 576.666667
1249.000000 593.666667
1249.000000 610.666667
1249.000000 627.666667
1248.666667 644.333333
1248.000000 660.666667
1247.333333 676.666667
1247.000000 692.333333
1246.666667 707.333333
1246.333333 721.666667
1245.666667 735.666667
1245.333333 748.666667
1245.000000 760.333333
1244.666667 771.333333
1244.333333 781.666667
1244.000000 792.000000
1244.000000 801.333333
1244.000000 809.333333
1244.000000 818.000000
1244.000000 825.333333
1244.000000 832.000000
1244.000000 835.666667
1244.000000 839.000000
1244.000000 841.333333
1244.000000 843.000000
