403.333333 314.666667
457.333333 315.000000
513.000000 316.333333
546.333333 317.666667
573.000000 319.000000
593.666667 320.000000
613.666667 321.000000
634.333333 322.333333
655.000000 323.666667
675.666667 325.000000
696.666667 326.000000
717.333333 327.333333
738.666667 328.666667
759.666667 330.000000
781.000000 331.000000
801.666667 332.000000
822.000000 333.333333
842.333333 334.666667
862.333333 336.000000
882.333333 337.000000
902.333333 338.333333
922.333333 339.666667
942.333333 341.000000
961.666667 342.000000
980.666667 343.333333
999.333333 345.000000
1017.000000 347.000000
1034.333333 349.000000
1051.000000 351.000000
1067.333333 353.333333
1083.000000 355.666667
1098.000000 358.333333
1112.666667 361.000000
1126.666667 364.000000
1139.666667 367.000000
1152.000000 369.666667
1163.666667 372.333333
1174.666667 374.666667
1184.333333 376.666667
1192.666667 378.333333
1199.666667 379.666667
1206.333333 381.000000
1212.333333 382.000000
1217.666667 383.000000
1222.000000 384.000000
