898.666667 166.333333
904.333333 164.666667
910.333333 163.333333
917.333333 162.000000
924.666667 161.000000
942.333333 160.666667
959.666667 161.000000
977.333333 162.333333
984.666667 163.666667
992.000000 165.333333
999.000000 166.666667
1006.000000 168.333333
1013.333333 170.333333
1020.666667 173.000000
1028.333333 176.000000
1035.333333 178.666667
1042.333333 181.333333
1049.000000 184.333333
1056.333333 187.666667
1064.000000 191.000000
1071.666667 194.333333
1079.000000 198.000000
1086.000000 202.333333
1092.666667 207.000000
1099.333333 212.000000
1106.000000 217.333333
1113.333333 223.000000
1120.666667 228.666667
1127.666667 234.000000
1135.666667 240.666667
1143.000000 247.666667
1150.000000 255.000000
1155.000000 261.333333
1159.666667 267.666667
1164.333333 274.000000
1168.666667 280.333333
1173.333333 287.000000
1177.666667 294.000000
1182.000000 301.333333
1185.666667 309.000000
1189.000000 316.666667
1192.000000 323.666667
1194.666667 330.666667
1197.333333 337.666667
1199.666667 345.333333
1202.000000 352.666667
1204.333333 360.000000
1206.666667 366.666667
1209.000000 373.000000
1211.000000 378.666667
1213.333333 384.000000
1215.666667 389.000000
1218.000000 394.333333
1220.000000 399.666667
1222.000000 405.333333
1224.333333 410.666667
1226.666667 416.333333
1229.000000 422.000000
1231.000000 428.000000
1233.000000 434.000000
1235.000000 440.000000
1236.666667 446.333333
1238.333333 452.333333
1239.666667 458.333333
1241.000000 463.666667
1242.000000 469.000000
1243.000000 474.000000
1243.666667 479.000000
1244.000000 483.666667
1244.333333 488.333333
1244.666667 493.333333
1245.000000 498.666667
1244.666667 504.333333
1244.333333 510.000000
1244.000000 516.000000
1244.000000 522.333333
1244.000000 529.000000
1243.666667 536.000000
1243.000000 543.333333
1242.333333 550.666667
1241.666667 557.666667
1241.000000 564.000000
1240.000000 570.000000
1238.666667 576.000000
1237.000000 581.666667
1235.000000 587.333333
1233.000000 593.000000
1230.666667 598.666667
1228.333333 604.000000
1225.666667 609.333333
1223.000000 614.333333
1220.333333 619.000000
1217.666667 623.333333
1215.000000 627.666667
1212.000000 632.333333
1209.333333 637.000000
1206.666667 642.000000
1204.000000 647.000000
1201.333333 652.000000
1198.666667 657.000000
1196.000000 661.666667
1192.666667 666.000000
1189.333333 670.333333
1185.333333 674.666667
1181.333333 679.333333
1176.666667 683.666667
1172.000000 688.333333
1167.000000 692.666667
1162.333333 697.333333
1157.666667 701.666667
1152.666667 706.333333
1147.000000 710.666667
1140.666667 715.333333
1134.000000 719.333333
1126.666667 723.333333
1119.666667 726.666667
1112.333333 730.333333
1104.666667 733.666667
1096.000000 737.333333
1087.000000 741.000000
1078.333333 745.000000
1069.666667 749.333333
1061.000000 753.666667
1051.666667 758.000000
1042.333333 761.666667
1033.333333 765.000000
1025.000000 768.000000
1016.666667 770.666667
1007.666667 773.333333
998.000000 775.666667
988.333333 778.000000
979.000000 779.666667
969.666667 781.333333
960.000000 783.000000
950.000000 785.333333
940.333333 787.666667
931.000000 790.000000
922.333333 792.333333
913.666667 794.666667
905.666667 797.333333
897.666667 800.000000
890.666667 802.666667
884.000000 805.000000
878.333333 806.666667
873.333333 808.333333
869.000000 809.666667
865.333333 811.000000
861.666667 812.000000
857.666667 813.000000
