685.666667 604.666667
685.000000 614.666667
684.000000 625.000000
682.666667 636.000000
681.000000 646.666667
679.000000 656.666667
677.000000 666.333333
675.333333 676.000000
673.666667 686.333333
672.000000 697.000000
670.000000 708.000000
668.333333 719.666667
666.666667 731.666667
665.000000 744.000000
663.333333 755.666667
661.333333 767.000000
659.666667 778.000000
657.666667 788.333333
656.000000 797.666667
654.333333 805.333333
652.666667 812.000000
651.333333 817.666667
650.000000 822.333333
649.000000 826.000000
648.333333 828.666667
647.666667 830.666667
647.333333 832.000000
647.000000 833.000000
646.666667 834.000000
646.000000 835.000000
645.000000 836.000000
