945.333333 396.000000
922.666667 397.000000
904.333333 398.000000
863.666667 398.333333
821.666667 397.666667
778.666667 396.333333
756.333333 394.666667
734.333333 393.000000
713.000000 390.666667
692.000000 388.000000
671.666667 385.000000
652.000000 382.000000
633.333333 378.333333
615.333333 374.333333
598.000000 369.333333
581.333333 364.000000
565.333333 358.333333
550.333333 353.000000
536.666667 348.000000
524.000000 343.333333
512.333333 338.666667
501.666667 334.333333
492.333333 329.666667
484.333333 325.333333
477.000000 321.000000
470.333333 317.333333
464.333333 314.000000
