416.000000 125.666667
426.000000 132.666667
437.333333 139.666667
450.000000 147.000000
464.000000 154.666667
478.666667 163.000000
494.666667 171.333333
511.333333 179.333333
529.333333 187.000000
548.666667 195.000000
569.000000 203.333333
590.333333 212.000000
612.000000 220.666667
634.666667 229.000000
657.666667 237.000000
681.666667 245.666667
705.666667 255.000000
730.666667 264.666667
756.000000 274.333333
782.000000 284.000000
807.666667 294.666667
833.666667 305.666667
860.000000 316.666667
886.666667 327.000000
913.666667 337.333333
940.000000 348.000000
966.000000 358.666667
990.666667 368.333333
1015.000000 377.000000
1038.666667 385.000000
1061.333333 393.000000
1083.000000 401.333333
1103.333333 409.333333
1122.333333 417.000000
1140.333333 423.666667
1157.000000 429.666667
1172.333333 435.000000
1185.333333 440.000000
1197.333333 444.666667
1208.000000 449.000000
1217.666667 453.000000
1225.333333 457.000000
1231.333333 460.333333
1235.333333 463.000000
