634.333333 581.000000
625.666667 584.000000
616.000000 587.000000
606.000000 590.000000
595.666667 593.000000
584.666667 595.666667
573.000000 598.000000
560.666667 600.000000
548.000000 602.000000
534.666667 604.333333
521.333333 606.666667
507.666667 609.333333
494.000000 612.000000
480.333333 615.000000
467.333333 618.333333
455.333333 621.666667
444.333333 625.666667
434.000000 630.000000
424.333333 635.000000
415.333333 640.000000
407.333333 645.000000
400.333333 650.000000
394.000000 655.000000
388.333333 659.666667
382.666667 663.666667
377.333333 667.333333
372.000000 670.666667
367.000000 674.000000
362.333333 676.666667
358.000000 678.666667
354.333333 680.333333
351.000000 681.666667
348.333333 683.000000
346.333333 684.000000
344.666667 685.000000
343.000000 686.000000
341.333333 687.000000
