244.000000 577.666667
259.333333 576.333333
275.333333 575.000000
297.333333 574.000000
320.000000 573.000000
343.000000 572.000000
367.333333 571.000000
405.000000 570.000000
450.333333 569.666667
510.333333 570.000000
564.666667 571.000000
619.000000 572.000000
660.000000 573.000000
700.666667 574.000000
734.666667 575.333333
761.333333 576.666667
781.333333 578.000000
801.000000 579.000000
820.333333 580.333333
839.333333 581.666667
857.666667 583.000000
876.000000 584.333333
894.000000 585.666667
911.666667 587.333333
928.666667 588.666667
945.333333 590.333333
961.333333 592.000000
976.666667 594.333333
991.333333 596.666667
1005.666667 599.333333
1019.333333 601.666667
1032.000000 604.333333
1044.000000 606.666667
1056.000000 609.333333
1067.333333 611.666667
1077.333333 614.000000
1086.000000 616.333333
1093.666667 618.666667
1100.666667 621.000000
1106.666667 622.666667
1112.000000 624.000000
1117.000000 625.000000
1121.666667 626.000000
1126.000000 627.000000
1130.333333 628.000000
