557.666667 292.333333
573.000000 293.666667
589.000000 295.000000
605.666667 296.333333
629.000000 297.666667
687.333333 298.333333
754.333333 298.000000
832.333333 297.666667
886.333333 298.000000
933.666667 299.000000
966.000000 300.333333
990.000000 301.666667
1013.333333 303.333333
1036.666667 305.000000
1059.000000 307.000000
1081.333333 309.333333
1102.000000 311.666667
1122.333333 314.333333
1141.333333 317.333333
1159.333333 320.666667
1175.666667 324.000000
1191.000000 327.000000
1205.333333 329.666667
1218.000000 332.000000
1228.666667 334.000000
1238.000000 335.666667
1246.000000 337.000000
1253.000000 338.000000
1258.333333 339.000000
