563.666667 433.000000
553.333333 430.000000
542.666667 426.666667
531.333333 423.000000
520.000000 419.000000
508.666667 414.333333
497.000000 409.333333
485.000000 404.000000
473.000000 398.666667
461.333333 392.666667
449.666667 386.000000
438.000000 378.666667
426.000000 371.333333
414.666667 364.000000
404.000000 357.333333
394.000000 351.000000
384.000000 345.333333
374.000000 340.333333
364.666667 335.666667
356.000000 331.333333
348.333333 327.333333
341.333333 323.666667
334.333333 320.000000
327.333333 316.333333
320.000000 312.666667
313.333333 309.333333
307.333333 306.333333
302.000000 303.666667
297.333333 301.666667
293.333333 299.666667
290.000000 298.333333
287.666667 297.000000
