610.000000 259.000000
598.000000 260.333333
591.333333 262.000000
584.333333 264.333333
577.333333 267.000000
569.666667 270.333333
561.666667 274.000000
553.333333 278.000000
545.333333 282.333333
537.666667 287.000000
529.333333 292.333333
520.000000 298.000000
510.333333 304.000000
501.000000 310.333333
491.666667 317.000000
481.666667 324.000000
471.333333 331.333333
461.333333 338.666667
452.000000 346.333333
443.333333 354.000000
435.000000 361.666667
427.333333 368.666667
420.000000 375.000000
413.666667 381.000000
408.333333 386.666667
403.666667 392.000000
399.666667 396.666667
396.000000 401.333333
393.333333 405.666667
391.000000 410.000000
389.333333 414.333333
388.000000 418.666667
387.333333 423.000000
387.000000 427.333333
387.000000 432.000000
387.000000 437.000000
387.333333 442.000000
387.666667 447.333333
388.000000 453.000000
388.000000 459.000000
388.000000 465.333333
388.000000 471.666667
388.000000 478.333333
388.000000 485.333333
387.666667 492.666667
387.333333 500.333333
387.000000 507.666667
387.000000 514.666667
387.000000 521.666667
387.000000 528.666667
387.333333 536.000000
387.666667 543.333333
388.333333 550.666667
389.333333 558.000000
391.000000 565.000000
393.333333 572.333333
396.333333 579.666667
400.000000 587.333333
404.333333 595.000000
409.333333 603.000000
414.666667 611.000000
420.333333 619.000000
426.333333 627.000000
433.333333 635.333333
441.333333 644.000000
449.666667 652.666667
458.333333 661.000000
467.000000 668.666667
476.000000 676.333333
485.000000 684.000000
494.333333 691.666667
503.333333 699.000000
512.000000 706.000000
520.000000 712.666667
528.333333 719.000000
537.000000 725.333333
545.666667 731.666667
553.666667 738.333333
561.333333 745.000000
568.666667 752.000000
576.000000 758.666667
583.333333 765.000000
590.666667 771.000000
598.000000 777.000000
604.666667 782.666667
611.333333 788.333333
617.666667 794.000000
624.000000 799.666667
630.333333 805.000000
636.666667 809.666667
642.666667 814.000000
648.333333 818.000000
653.666667 822.000000
659.333333 825.666667
664.666667 829.000000
670.666667 832.000000
676.666667 835.000000
683.333333 837.666667
689.666667 840.333333
696.000000 842.666667
701.333333 844.666667
705.666667 846.000000
709.000000 847.000000
711.666667 848.000000
