717.666667 363.666667
720.000000 380.333333
722.333333 398.333333
724.333333 417.333333
726.333333 437.000000
727.666667 457.666667
729.000000 479.000000
729.666667 502.000000
730.000000 525.666667
729.666667 550.333333
729.000000 575.000000
728.000000 600.333333
727.000000 625.666667
725.666667 651.000000
724.000000 675.666667
722.333333 700.000000
720.666667 723.333333
719.333333 745.666667
718.000000 767.000000
717.000000 786.333333
716.000000 804.333333
715.333333 820.666667
715.000000 835.666667
714.666667 851.666667
714.000000 864.666667
713.333333 876.000000
712.666667 882.333333
712.000000 887.666667
