836.000000 308.333333
834.000000 320.000000
832.000000 333.000000
830.000000 346.333333
828.000000 360.333333
826.000000 374.333333
824.333333 389.000000
822.666667 404.333333
821.000000 420.333333
819.333333 437.000000
817.666667 454.333333
816.333333 472.000000
815.000000 489.666667
814.333333 507.666667
813.666667 526.000000
813.333333 544.333333
813.000000 562.333333
813.333333 580.000000
814.000000 597.000000
815.000000 614.000000
816.000000 630.333333
817.000000 646.666667
818.000000 662.000000
819.000000 677.000000
820.000000 691.666667
821.333333 705.333333
822.666667 718.000000
823.666667 729.666667
824.333333 740.666667
825.000000 750.000000
825.666667 757.333333
826.333333 762.666667
826.666667 766.333333
