1152.666667 263.333333
1136.000000 260.000000
1118.333333 257.000000
1100.000000 254.000000
1080.333333 251.333333
1060.333333 248.666667
1039.000000 246.333333
1017.000000 244.333333
993.666667 242.666667
970.333333 241.000000
946.666667 239.333333
923.333333 237.666667
900.000000 236.000000
877.000000 233.666667
853.666667 230.666667
830.333333 227.333333
806.333333 223.666667
782.666667 219.666667
758.666667 215.333333
735.333333 211.000000
712.000000 207.333333
689.000000 204.000000
666.666667 201.000000
645.333333 198.333333
625.333333 196.000000
606.333333 194.000000
588.333333 192.333333
567.000000 191.000000
