199.666667 639.333333
218.666667 639.000000
238.666667 638.000000
255.333333 637.000000
272.666667 636.000000
290.333333 635.000000
308.666667 634.000000
327.000000 632.666667
345.333333 631.333333
369.333333 630.000000
398.000000 629.666667
426.000000 630.000000
446.666667 631.000000
461.000000 632.000000
474.666667 633.000000
487.666667 634.000000
499.666667 635.333333
510.666667 636.666667
521.333333 638.000000
531.333333 639.000000
548.333333 639.333333
564.000000 639.000000
579.000000 638.000000
