922.333333 533.000000
908.000000 536.000000
893.000000 539.333333
877.333333 543.333333
861.000000 548.000000
843.666667 553.000000
825.666667 558.000000
807.000000 563.000000
787.666667 567.666667
768.333333 572.000000
747.666667 575.666667
726.666667 579.000000
704.333333 581.666667
682.333333 583.666667
660.000000 585.000000
638.000000 586.000000
608.666667 586.333333
573.333333 586.000000
539.333333 585.000000
514.333333 584.000000
496.666667 583.000000
479.666667 581.666667
464.000000 580.000000
450.000000 578.000000
437.000000 576.000000
424.666667 574.000000
413.333333 571.666667
403.666667 569.000000
395.333333 566.000000
388.000000 563.333333
380.333333 560.000000
374.000000 557.333333
369.000000 554.666667
