774.333333 266.333333
773.666667 277.333333
773.000000 289.333333
772.000000 301.666667
770.666667 314.333333
769.333333 327.333333
768.000000 341.000000
766.666667 355.000000
765.000000 369.000000
763.000000 383.666667
761.000000 398.666667
759.000000 414.666667
757.000000 431.000000
755.000000 447.333333
753.000000 464.000000
751.000000 480.666667
749.333333 498.000000
748.000000 515.333333
747.000000 532.666667
746.333333 550.000000
746.000000 567.333333
746.000000 584.000000
746.333333 600.000000
747.000000 615.333333
748.000000 630.666667
748.666667 645.000000
749.333333 658.000000
749.666667 670.000000
750.333333 681.666667
750.666667 692.666667
751.333333 702.333333
751.666667 710.666667
752.000000 717.666667
752.333333 723.666667
752.666667 728.333333
753.000000 732.000000
753.000000 734.666667
753.000000 736.666667
753.000000 738.000000
