1024.000000 274.000000
1020.000000 287.666667
1015.666667 302.000000
1011.000000 317.333333
1006.000000 333.333333
1000.333333 350.000000
994.333333 366.666667
988.333333 383.666667
982.666667 400.333333
977.333333 417.000000
972.333333 433.333333
968.000000 449.666667
964.000000 466.000000
960.333333 482.333333
957.333333 499.333333
955.000000 516.666667
953.666667 533.666667
953.000000 549.666667
953.000000 565.000000
953.333333 579.666667
954.000000 593.666667
955.000000 606.333333
956.000000 617.333333
956.666667 627.000000
957.000000 635.666667
957.333333 643.333333
957.666667 649.333333
