843.000000 317.333333
842.666667 306.000000
842.333333 295.000000
842.000000 284.000000
841.666667 273.666667
841.333333 264.000000
840.666667 255.000000
840.333333 246.000000
840.000000 237.000000
840.333333 228.000000
840.666667 219.000000
841.000000 210.333333
841.333333 201.333333
842.000000 192.000000
842.666667 182.000000
843.000000 172.333333
843.333333 163.000000
844.000000 154.333333
844.666667 145.666667
845.000000 137.666667
844.666667 130.333333
844.333333 123.666667
843.666667 118.000000
843.000000 112.666667
842.000000 108.333333
841.333333 104.000000
840.666667 100.000000
840.333333 96.000000
840.333333 91.666667
840.666667 87.000000
841.000000 82.333333
841.000000 78.000000
841.000000 74.000000
841.000000 70.333333
841.000000 66.666667
841.000000 63.333333
841.333333 60.000000
841.666667 57.000000
842.000000 54.000000
842.000000 51.000000
842.000000 48.000000
