858.000000 144.333333
857.333333 155.666667
857.000000 166.666667
857.333333 177.000000
858.000000 187.000000
859.000000 196.666667
860.000000 206.000000
861.000000 214.666667
862.000000 223.000000
862.666667 231.000000
863.333333 239.333333
864.000000 248.000000
864.666667 257.000000
865.333333 266.000000
866.000000 274.666667
866.666667 283.666667
867.333333 292.333333
867.666667 301.333333
868.333333 309.666667
868.666667 317.666667
869.333333 325.333333
869.666667 333.000000
870.333333 340.666667
871.000000 348.333333
871.666667 355.000000
872.000000 361.000000
872.000000 365.333333
872.000000 369.000000
