554.333333 268.000000
573.333333 269.000000
593.333333 269.333333
620.000000 269.000000
643.333333 267.666667
668.000000 266.000000
688.666667 264.000000
710.000000 262.000000
733.000000 260.000000
757.000000 258.000000
782.333333 256.333333
807.666667 255.000000
833.666667 254.000000
860.000000 252.666667
887.333333 251.333333
915.000000 250.000000
943.000000 249.000000
970.666667 248.000000
1007.000000 247.666667
1051.333333 248.000000
1095.333333 249.000000
1129.666667 250.000000
1155.000000 251.000000
1179.666667 252.000000
1203.333333 253.000000
1233.000000 254.000000
1271.666667 254.333333
1307.000000 254.000000
1332.000000 253.000000
1343.666667 251.666667
1354.333333 250.333333
1363.333333 249.000000
1370.666667 247.666667
