906.333333 143.666667
906.666667 155.666667
907.000000 168.000000
907.333333 180.333333
908.000000 193.333333
908.666667 207.000000
909.333333 220.666667
909.666667 234.666667
910.333333 249.000000
910.666667 264.000000
911.333333 279.333333
912.000000 295.000000
913.000000 311.333333
913.666667 328.000000
914.333333 344.333333
915.000000 360.000000
916.000000 375.666667
916.666667 391.000000
917.333333 406.333333
917.666667 421.000000
918.000000 436.000000
918.333333 450.333333
918.666667 464.000000
919.000000 477.333333
918.666667 490.333333
918.333333 503.000000
917.666667 515.000000
917.333333 527.000000
916.666667 539.000000
916.000000 550.333333
915.333333 560.666667
914.666667 570.333333
914.333333 579.666667
914.000000 589.000000
913.666667 597.333333
913.333333 605.000000
913.000000 611.333333
913.000000 616.666667
913.000000 621.000000
913.000000 624.333333
913.000000 626.666667
913.000000 628.000000
913.000000 629.000000
