875.333333 525.333333
885.666667 532.000000
896.666667 539.333333
908.333333 547.000000
920.333333 555.333333
932.333333 564.000000
944.666667 573.000000
957.666667 582.333333
970.666667 592.000000
983.000000 601.666667
995.333333 611.333333
1008.000000 620.666667
1020.000000 630.333333
1031.000000 639.666667
1040.666667 648.666667
1050.000000 657.000000
1058.666667 664.666667
1067.000000 671.333333
1074.333333 677.000000
1080.333333 681.666667
1085.333333 685.666667
1089.333333 689.000000
1093.000000 691.666667
1095.333333 694.000000
1097.333333 696.000000
1099.000000 698.000000
1101.000000 700.000000
1102.666667 702.000000
1104.000000 703.666667
1105.000000 705.333333
1106.000000 706.666667
1106.666667 708.000000
1107.333333 709.000000
1107.666667 710.000000
1108.333333 711.000000
