1175.666667 157.666667
1170.000000 171.666667
1164.333333 186.333333
1159.000000 202.000000
1153.666667 218.000000
1147.000000 234.333333
1139.333333 250.666667
1131.333333 267.000000
1123.666667 283.333333
1116.666667 299.333333
1110.000000 315.000000
1104.000000 330.666667
1097.666667 346.666667
1091.333333 362.666667
1085.333333 379.000000
1080.333333 395.000000
1076.333333 411.333333
1073.333333 426.666667
1071.000000 442.000000
1069.333333 456.000000
1068.333333 469.000000
1068.000000 480.666667
1068.000000 491.333333
1068.000000 501.000000
1067.666667 509.333333
1067.333333 516.333333
1067.000000 521.666667
1066.666667 525.666667
1066.333333 528.333333
