344.000000 158.333333
341.000000 175.333333
338.000000 193.333333
334.333333 212.333333
330.333333 231.666667
325.666667 251.666667
320.666667 272.000000
315.333333 293.000000
310.000000 314.333333
305.000000 335.333333
300.333333 356.000000
296.333333 375.666667
293.000000 394.666667
290.000000 412.666667
287.666667 429.666667
285.666667 445.333333
284.333333 459.333333
283.333333 471.666667
283.000000 482.666667
283.000000 492.333333
283.000000 500.333333
283.000000 506.666667
283.333333 511.333333
283.666667 514.666667
284.000000 516.666667
284.000000 518.000000
