315.333333 372.666667
327.000000 379.333333
340.000000 385.666667
354.000000 392.333333
368.666667 399.333333
384.000000 407.000000
400.666667 414.666667
418.333333 421.666667
437.000000 428.333333
456.666667 435.000000
476.666667 442.000000
498.000000 449.666667
519.333333 457.333333
542.000000 465.000000
564.333333 472.333333
588.000000 479.666667
611.666667 487.666667
636.333333 496.000000
661.000000 505.000000
686.000000 514.000000
711.000000 522.666667
736.333333 531.333333
762.000000 540.333333
788.000000 549.666667
814.000000 559.000000
839.666667 567.666667
865.000000 576.000000
889.666667 584.333333
914.000000 593.000000
937.666667 601.333333
960.000000 609.000000
981.666667 616.000000
1002.000000 622.333333
1021.333333 628.000000
1039.000000 633.333333
1055.333333 638.666667
1070.000000 644.333333
1083.000000 650.000000
1094.000000 655.333333
1104.000000 660.333333
1112.333333 664.333333
1119.333333 668.000000
1124.333333 670.666667
1127.666667 672.666667
1129.333333 674.000000
