828.000000 252.666667
831.333333 250.666667
835.333333 248.666667
840.000000 247.000000
844.666667 245.333333
849.000000 244.000000
853.333333 243.000000
858.000000 242.000000
873.666667 241.666667
890.666667 242.000000
909.333333 243.000000
919.000000 244.000000
929.000000 245.333333
939.000000 247.000000
949.333333 249.333333
960.333333 252.333333
971.333333 256.000000
982.000000 260.333333
992.333333 265.000000
1002.666667 270.000000
1013.000000 275.000000
1022.666667 280.333333
1031.666667 285.666667
1040.000000 291.333333
1048.000000 297.333333
1056.000000 304.333333
1064.000000 312.333333
1071.666667 321.000000
1079.000000 330.333333
1085.333333 340.000000
1091.333333 350.000000
1096.333333 359.666667
1101.333333 368.666667
1105.666667 377.333333
1110.000000 385.666667
1114.000000 394.333333
1118.000000 402.666667
1121.666667 411.000000
1125.333333 419.333333
1128.666667 427.666667
1132.000000 436.333333
1135.000000 444.666667
1137.666667 453.000000
1140.000000 461.000000
1142.000000 469.000000
1143.666667 477.333333
1145.000000 485.666667
1146.000000 494.000000
1147.000000 502.000000
1147.666667 509.666667
1148.000000 516.666667
1148.000000 523.333333
1148.000000 529.666667
1148.000000 536.333333
1147.666667 543.000000
1146.666667 550.333333
1145.333333 557.666667
1143.666667 565.000000
1141.666667 572.333333
1139.000000 580.000000
1136.000000 588.000000
1133.000000 596.000000
1130.000000 604.000000
1126.666667 612.000000
1123.000000 620.333333
1119.000000 629.000000
1115.000000 638.000000
1111.000000 647.000000
1107.333333 655.666667
1103.333333 664.000000
1099.000000 672.000000
1094.000000 680.000000
1089.000000 688.333333
1083.666667 696.333333
1078.000000 704.000000
1072.333333 711.000000
1067.333333 717.666667
1061.000000 726.000000
1054.666667 734.333333
1047.666667 742.333333
1042.000000 748.666667
1036.000000 754.333333
1030.000000 760.333333
1024.333333 765.333333
1019.000000 770.333333
1013.666667 775.000000
1008.000000 780.000000
1001.666667 785.000000
995.000000 790.000000
988.333333 794.666667
981.666667 799.333333
975.333333 803.666667
969.000000 808.000000
962.333333 812.000000
955.000000 815.666667
946.666667 819.333333
938.000000 822.333333
929.333333 825.333333
920.666667 828.000000
911.666667 831.000000
902.000000 834.000000
892.666667 836.666667
884.666667 838.666667
878.666667 840.333333
874.333333 841.666667
871.000000 843.000000
868.333333 843.333333
