391.000000 804.000000
414.333333 795.000000
439.000000 785.666667
464.000000 775.666667
490.333333 765.333333
517.333333 755.000000
545.000000 745.000000
573.666667 734.666667
603.000000 723.666667
633.000000 712.666667
663.333333 701.666667
693.666667 691.000000
724.333333 679.666667
755.666667 668.000000
787.333333 656.333333
819.333333 644.666667
851.000000 632.666667
882.666667 620.666667
914.000000 608.666667
945.000000 597.333333
975.666667 585.666667
1006.000000 574.000000
1035.333333 562.333333
1064.000000 551.000000
1091.666667 540.000000
1118.666667 528.666667
1144.666667 517.333333
1170.000000 506.333333
1194.333333 496.000000
1217.666667 486.000000
1239.333333 476.000000
1259.333333 466.333333
1278.000000 457.333333
1295.333333 449.333333
1311.000000 442.333333
1325.000000 436.000000
1337.333333 430.000000
1348.666667 424.333333
1358.000000 419.000000
1366.000000 414.333333
1372.000000 410.333333
1376.666667 407.333333
1379.666667 405.333333
