860.000000 439.333333
867.666667 431.333333
875.666667 423.333333
884.333333 415.333333
893.000000 407.666667
903.000000 400.000000
914.000000 392.000000
925.666667 384.000000
937.666667 376.000000
950.333333 368.000000
963.666667 360.333333
976.666667 353.333333
989.000000 346.666667
1001.333333 340.333333
1013.666667 334.000000
1025.666667 328.000000
1037.333333 321.666667
1049.000000 315.333333
1061.000000 309.000000
1072.333333 303.333333
1083.000000 298.000000
1093.333333 292.666667
1104.000000 287.333333
1114.666667 282.000000
1124.333333 277.000000
1133.000000 272.333333
1140.666667 267.666667
1148.333333 263.666667
1155.666667 259.666667
1163.000000 256.333333
1169.666667 253.000000
1175.666667 250.333333
1181.000000 248.000000
1185.666667 246.333333
1190.000000 244.666667
1193.666667 243.333333
1196.666667 242.000000
1199.000000 241.000000
1201.333333 240.000000
1203.333333 239.000000
1205.333333 238.000000
1206.666667 237.000000
