295.000000 188.000000
295.000000 204.000000
295.000000 220.333333
295.000000 237.333333
295.000000 254.666667
295.000000 272.666667
294.666667 291.000000
294.333333 310.333333
293.666667 329.666667
293.333333 349.000000
292.666667 368.000000
292.333333 387.000000
292.000000 405.666667
291.666667 424.333333
291.333333 442.333333
291.000000 460.333333
291.000000 477.666667
290.666667 494.333333
290.333333 510.333333
290.000000 525.333333
289.666667 540.000000
289.333333 553.333333
288.666667 565.666667
288.333333 577.000000
287.666667 587.666667
287.333333 597.333333
286.666667 606.000000
286.000000 613.333333
285.333333 620.333333
285.000000 626.000000
284.666667 631.000000
284.333333 634.666667
284.000000 637.333333
284.000000 639.000000
284.000000 640.000000
