1053.666667 447.000000
1040.333333 449.000000
1026.666667 451.000000
1012.666667 452.666667
998.000000 454.666667
983.000000 456.333333
967.666667 458.666667
952.000000 460.333333
936.000000 462.333333
919.333333 463.666667
902.666667 465.333333
885.000000 466.666667
867.666667 468.000000
844.000000 469.000000
816.000000 470.000000
782.666667 471.000000
740.333333 472.000000
693.666667 473.000000
653.000000 474.000000
623.333333 475.000000
604.333333 476.000000
585.333333 477.000000
571.333333 478.333333
557.666667 479.666667
544.333333 481.000000
526.333333 482.000000
503.666667 483.000000
470.333333 483.333333
442.666667 482.666667
420.333333 481.333333
410.666667 480.000000
402.333333 478.666667
395.000000 477.000000
388.333333 474.666667
382.000000 472.333333
376.333333 469.666667
371.000000 467.333333
366.333333 464.666667
