668.666667 193.666667
662.666667 192.333333
655.666667 191.000000
641.000000 190.666667
627.333333 191.000000
613.000000 192.333333
604.666667 194.000000
596.333333 196.000000
587.333333 198.333333
577.666667 201.000000
567.000000 204.000000
556.333333 207.333333
545.666667 211.000000
534.333333 215.333333
522.666667 220.000000
511.000000 225.000000
500.000000 230.000000
488.666667 235.333333
477.333333 240.666667
466.000000 246.333333
455.666667 251.666667
445.666667 257.000000
436.333333 262.000000
427.000000 266.666667
418.333333 271.333333
410.000000 275.333333
402.666667 279.000000
396.000000 282.000000
390.000000 284.666667
384.333333 287.000000
379.000000 289.000000
374.000000 291.000000
369.333333 292.666667
365.000000 294.333333
361.000000 296.000000
357.000000 298.000000
353.333333 300.333333
350.000000 302.666667
347.000000 305.000000
344.000000 307.666667
341.000000 310.666667
338.333333 314.333333
335.666667 318.000000
333.333333 322.333333
331.000000 326.333333
328.666667 330.666667
326.333333 334.666667
324.000000 339.333333
322.000000 344.000000
320.333333 349.000000
319.000000 353.666667
318.000000 358.000000
317.000000 362.333333
316.000000 366.666667
315.000000 371.333333
314.333333 375.666667
314.000000 380.333333
313.666667 384.666667
313.333333 389.333333
312.666667 394.000000
312.333333 399.000000
312.000000 404.000000
312.000000 409.333333
312.333333 415.000000
312.666667 420.666667
313.333333 426.333333
313.666667 432.000000
314.333333 438.000000
315.000000 444.333333
316.000000 450.666667
317.000000 456.666667
318.000000 462.333333
319.000000 467.666667
320.333333 473.000000
321.666667 478.333333
323.333333 484.333333
324.666667 490.333333
326.333333 496.666667
328.000000 503.000000
330.000000 509.666667
332.333333 516.000000
334.666667 522.333333
337.000000 528.333333
339.333333 534.333333
342.000000 539.666667
345.000000 545.000000
348.000000 550.000000
351.000000 555.000000
354.333333 560.000000
358.000000 565.000000
362.000000 570.333333
366.000000 576.333333
370.000000 582.666667
374.333333 589.666667
378.666667 596.333333
383.000000 603.333333
387.333333 610.000000
392.000000 616.666667
396.666667 623.333333
401.666667 630.000000
406.666667 637.000000
412.000000 644.333333
417.000000 651.666667
422.333333 659.000000
427.666667 666.000000
433.000000 673.000000
438.333333 679.666667
444.333333 686.333333
451.000000 692.666667
458.000000 699.333333
464.666667 705.333333
471.333333 711.333333
478.000000 716.666667
485.000000 722.333333
492.333333 727.333333
499.666667 732.333333
507.333333 736.666667
514.666667 740.666667
522.333333 744.333333
530.000000 748.000000
538.000000 752.000000
546.000000 755.666667
553.666667 759.333333
561.000000 762.666667
568.000000 766.000000
574.666667 769.000000
581.000000 772.000000
587.333333 775.000000
593.666667 778.000000
600.000000 781.000000
605.666667 784.000000
611.000000 786.666667
616.000000 789.333333
621.000000 792.000000
626.333333 794.666667
631.333333 797.333333
636.333333 799.666667
640.666667 802.000000
645.000000 803.666667
649.000000 805.333333
652.666667 807.000000
656.000000 808.666667
659.000000 810.333333
662.000000 811.666667
665.000000 813.333333
667.666667 814.666667
670.000000 816.333333
672.333333 818.000000
675.333333 819.666667
678.000000 821.000000
680.333333 822.000000
682.666667 823.000000
