900.000000 388.333333
906.333333 377.333333
913.000000 366.333333
920.333333 355.333333
928.333333 344.000000
936.333333 332.333333
944.333333 321.333333
952.000000 310.666667
960.333333 300.000000
969.000000 289.000000
978.000000 278.333333
986.333333 268.333333
994.000000 259.333333
1001.333333 250.666667
1008.666667 242.666667
1016.333333 234.666667
1023.333333 227.666667
1030.000000 221.000000
1035.666667 215.333333
1041.000000 210.333333
1045.333333 206.000000
1048.666667 202.666667
1051.000000 200.000000
1053.000000 198.000000
1054.333333 196.333333
1055.333333 195.000000
