827.000000 578.000000
826.666667 581.000000
826.000000 584.333333
825.333333 588.333333
824.666667 593.333333
824.000000 598.666667
822.666667 604.333333
821.333333 609.666667
819.666667 615.333333
817.666667 621.333333
815.000000 628.000000
812.333333 635.333333
809.333333 643.000000
806.333333 650.666667
803.000000 658.000000
800.000000 664.666667
796.666667 670.666667
793.333333 676.000000
790.333333 681.000000
787.666667 686.000000
785.666667 691.000000
783.666667 696.333333
782.333333 701.666667
780.333333 708.666667
778.333333 715.333333
776.333333 721.666667
774.666667 726.000000
773.000000 730.333333
771.000000 735.000000
769.000000 740.666667
767.000000 746.333333
765.000000 752.000000
763.000000 757.000000
761.000000 761.666667
759.000000 766.000000
757.000000 769.666667
754.666667 773.666667
