1524.666667 335.000000
1517.000000 334.000000
1509.000000 333.000000
1500.666667 332.000000
1491.000000 331.000000
1480.333333 330.000000
1465.666667 329.000000
1451.000000 328.000000
1436.000000 327.000000
1424.333333 326.000000
1412.666667 325.000000
1400.666667 324.000000
1388.000000 323.000000
1375.333333 322.000000
1363.000000 321.000000
1350.333333 320.000000
1337.333333 319.000000
1324.333333 318.000000
1299.666667 317.666667
1272.000000 318.000000
1245.000000 319.000000
1231.333333 320.000000
1220.666667 321.000000
1210.000000 322.000000
1201.333333 323.000000
1194.333333 324.000000
1189.333333 325.000000
