532.666667 582.000000
566.333333 582.333333
601.333333 581.666667
633.000000 580.333333
650.333333 578.666667
668.000000 577.000000
686.333333 574.666667
705.000000 572.666667
724.000000 570.666667
743.333333 569.333333
763.000000 568.000000
802.666667 567.666667
842.000000 568.000000
881.333333 569.000000
906.666667 570.000000
932.000000 571.000000
956.333333 572.000000
974.000000 573.000000
991.000000 574.000000
1007.666667 575.000000
1023.333333 576.000000
1038.000000 577.000000
1052.000000 578.000000
1065.333333 579.000000
1077.666667 580.000000
1088.333333 581.000000
1098.333333 582.000000
1107.333333 583.000000
1116.000000 584.000000
1123.666667 585.000000
1132.333333 586.000000
