460.333333 547.000000
485.666667 539.333333
512.000000 530.666667
539.333333 521.333333
567.333333 512.000000
596.333333 503.000000
626.333333 493.666667
657.333333 483.666667
688.666667 473.333333
720.666667 463.000000
753.000000 453.000000
786.333333 442.666667
819.666667 431.666667
853.333333 420.333333
887.333333 409.000000
921.333333 397.666667
955.000000 386.000000
987.666667 374.000000
1019.666667 362.666667
1051.333333 351.666667
1082.333333 340.666667
1112.666667 329.333333
1142.000000 318.000000
1170.666667 307.333333
1198.666667 296.333333
1226.000000 285.000000
1252.333333 273.666667
1277.333333 263.000000
1301.333333 253.333333
1324.333333 244.000000
1346.333333 234.666667
1366.333333 225.333333
1385.000000 216.666667
1402.000000 209.000000
1417.666667 202.333333
1431.333333 196.000000
1444.000000 190.333333
1457.333333 184.000000
