1178.333333 294.000000
1124.000000 294.333333
1073.000000 294.000000
1019.666667 293.000000
997.000000 292.000000
973.666667 291.000000
952.000000 290.000000
925.666667 289.000000
890.666667 288.000000
861.333333 287.000000
832.333333 286.000000
813.333333 285.000000
794.000000 284.000000
779.666667 283.000000
765.000000 282.000000
750.333333 281.000000
735.333333 280.000000
720.333333 279.000000
705.333333 278.000000
690.666667 277.000000
676.000000 276.000000
661.333333 275.000000
647.333333 274.000000
633.666667 273.000000
620.333333 272.000000
607.333333 270.666667
595.333333 269.333333
584.000000 267.666667
573.000000 266.000000
562.333333 264.000000
552.666667 262.000000
544.333333 260.000000
537.000000 258.000000
530.333333 256.000000
523.666667 254.000000
517.666667 252.000000
512.000000 250.333333
507.000000 248.666667
502.333333 247.333333
497.666667 246.000000
