719.333333 783.666667
723.666667 776.000000
728.000000 768.000000
732.333333 759.666667
736.666667 751.666667
740.666667 743.333333
744.000000 735.333333
746.666667 727.000000
750.000000 718.666667
753.333333 710.000000
757.333333 701.000000
760.666667 692.000000
764.666667 682.333333
769.000000 672.666667
774.333333 662.333333
779.666667 652.000000
785.000000 641.000000
790.666667 629.666667
797.000000 618.000000
804.000000 606.000000
811.000000 594.333333
817.666667 583.333333
823.666667 573.333333
828.666667 564.333333
832.333333 557.000000
834.666667 551.333333
836.000000 547.333333
837.000000 544.666667
837.333333 543.000000
