949.000000 94.666667
947.333333 107.000000
945.333333 119.666667
943.333333 132.666667
940.666667 146.000000
938.000000 159.666667
935.000000 173.333333
931.666667 187.333333
928.333333 202.000000
924.666667 217.000000
921.333333 232.666667
918.000000 248.666667
915.000000 265.333333
912.333333 282.000000
910.000000 299.000000
908.000000 316.666667
906.333333 334.333333
905.000000 352.000000
904.000000 369.000000
903.000000 386.000000
902.333333 402.333333
901.666667 418.666667
901.000000 434.333333
900.000000 449.666667
899.333333 463.666667
898.666667 477.333333
898.000000 490.333333
897.000000 502.333333
896.333333 512.666667
895.666667 521.666667
895.000000 530.000000
893.666667 537.666667
892.333333 544.666667
891.000000 550.666667
890.000000 555.666667
889.000000 559.666667
888.333333 562.666667
887.666667 564.666667
887.333333 566.000000
