723.000000 294.000000
723.000000 306.666667
723.333333 319.666667
723.666667 333.333333
724.333333 347.333333
725.000000 361.333333
726.000000 375.333333
727.000000 389.666667
728.000000 404.333333
729.000000 419.333333
730.000000 434.666667
731.000000 450.000000
732.333333 465.000000
733.333333 480.333333
734.333333 495.333333
735.000000 510.666667
735.666667 525.666667
736.333333 541.000000
736.666667 555.666667
737.000000 570.333333
737.333333 584.666667
738.000000 598.666667
739.000000 612.000000
739.666667 625.000000
740.000000 638.000000
740.000000 650.000000
740.000000 661.000000
740.000000 671.333333
740.000000 682.000000
740.000000 692.666667
739.666667 702.333333
739.000000 711.000000
738.333333 718.666667
738.000000 726.000000
738.000000 732.666667
738.000000 738.666667
738.000000 743.666667
738.000000 747.666667
738.000000 750.666667
738.000000 753.000000
738.000000 754.666667
