920.666667 495.333333
931.666667 503.000000
942.666667 511.333333
954.333333 520.000000
966.333333 529.333333
978.333333 539.000000
989.666667 549.000000
1001.333333 559.000000
1012.666667 568.333333
1023.666667 577.000000
1033.666667 585.000000
1043.000000 593.333333
1052.000000 601.666667
1061.000000 609.666667
1069.666667 616.666667
1077.666667 623.333333
1084.666667 629.333333
1091.000000 635.333333
1096.666667 641.000000
1102.000000 646.666667
1107.000000 652.000000
1111.666667 656.666667
1116.000000 661.000000
1120.000000 665.000000
1123.666667 668.333333
1126.666667 671.333333
1129.333333 673.666667
1131.666667 676.000000
1133.666667 678.000000
1135.333333 679.666667
1136.666667 681.333333
1138.333333 682.666667
1139.666667 684.000000
1141.000000 685.000000
1141.666667 686.333333
1142.333333 687.666667
1143.000000 689.000000
1144.000000 690.000000
