936.000000 115.333333
931.000000 132.333333
926.000000 150.333333
920.666667 169.333333
915.333333 189.000000
909.666667 209.666667
904.000000 231.000000
897.666667 253.333333
891.000000 275.666667
884.333333 298.666667
878.333333 321.333333
873.000000 343.333333
868.000000 364.333333
863.333333 384.333333
858.666667 403.666667
854.333333 422.000000
850.333333 439.000000
846.666667 454.666667
843.333333 468.666667
840.000000 481.333333
837.000000 492.666667
834.333333 502.333333
832.000000 510.666667
830.333333 517.333333
829.000000 522.000000
