134.333333 310.333333
133.666667 324.666667
133.333333 340.000000
133.000000 355.666667
132.666667 371.666667
132.333333 388.000000
131.666667 405.000000
131.333333 422.333333
130.666667 439.666667
130.000000 457.000000
128.666667 475.000000
127.000000 493.666667
125.333333 513.666667
124.333333 533.000000
124.000000 551.666667
124.000000 569.333333
124.000000 586.666667
124.000000 603.333333
124.000000 619.666667
124.000000 635.333333
124.000000 650.333333
124.000000 664.000000
124.000000 677.000000
124.000000 689.333333
124.000000 700.666667
124.000000 710.666667
124.000000 720.000000
124.000000 728.666667
124.000000 737.000000
124.000000 744.666667
123.666667 751.333333
123.333333 757.000000
123.000000 761.666667
123.000000 765.333333
123.000000 768.000000
123.000000 769.666667
123.000000 771.000000
