556.333333 277.333333
569.000000 281.000000
582.000000 284.333333
595.333333 287.333333
609.000000 289.666667
623.333333 291.666667
637.666667 293.000000
653.000000 294.000000
669.000000 295.000000
735.666667 296.000000
803.000000 297.000000
870.666667 298.000000
889.333333 299.000000
908.000000 300.333333
927.333333 301.666667
946.666667 303.333333
965.333333 305.000000
983.666667 307.000000
1001.333333 309.000000
1018.333333 311.000000
1034.333333 313.333333
1049.666667 316.000000
1064.666667 318.666667
1078.333333 321.000000
1090.666667 323.000000
1102.000000 325.000000
1112.666667 327.000000
1122.666667 328.666667
1131.666667 330.333333
1139.666667 331.666667
1146.666667 333.000000
1155.333333 334.000000
