1434.000000 170.333333
1434.666667 182.666667
1435.000000 196.000000
1435.333333 210.000000
1435.666667 224.333333
1436.000000 239.666667
1436.000000 255.333333
1436.000000 271.333333
1436.000000 287.333333
1436.000000 304.000000
1436.000000 321.333333
1436.000000 338.666667
1436.000000 355.666667
1436.000000 372.666667
1436.000000 389.666667
1435.666667 406.666667
1435.333333 423.666667
1435.000000 440.000000
1434.666667 456.333333
1434.000000 472.333333
1432.666667 489.000000
1431.333333 506.000000
1430.000000 523.333333
1429.000000 540.000000
1428.333333 555.666667
1427.666667 570.000000
1427.000000 583.666667
1426.333333 596.666667
1425.666667 608.333333
1425.000000 619.000000
1424.000000 629.000000
1422.666667 639.000000
1421.333333 648.333333
1420.000000 657.000000
1419.000000 664.333333
1418.333333 671.000000
1417.666667 676.333333
1417.000000 681.000000
1416.333333 685.000000
1415.666667 688.333333
1415.333333 691.000000
1415.000000 693.000000
