1012.000000 129.666667
1010.333333 142.000000
1008.666667 155.000000
1007.333333 168.333333
1005.666667 182.000000
1004.000000 196.333333
1001.666667 211.000000
999.000000 226.333333
996.000000 242.000000
993.000000 258.333333
989.666667 275.333333
986.000000 292.666667
982.000000 310.666667
978.000000 329.000000
974.666667 347.666667
972.000000 366.333333
970.000000 385.000000
968.666667 403.333333
967.666667 421.333333
967.333333 438.333333
967.333333 455.000000
968.000000 471.333333
968.666667 487.333333
969.333333 502.666667
969.666667 517.333333
970.333333 532.000000
970.666667 546.000000
971.000000 558.666667
971.000000 569.333333
971.000000 578.666667
971.000000 587.000000
