672.000000 405.000000
664.333333 400.000000
656.000000 395.000000
647.000000 389.666667
637.000000 383.666667
625.666667 376.333333
613.333333 368.333333
600.000000 359.666667
585.666667 351.000000
570.333333 341.666667
554.666667 332.000000
539.000000 322.333333
523.333333 313.000000
507.666667 304.000000
492.333333 295.333333
477.333333 286.666667
463.333333 278.333333
449.666667 270.000000
436.333333 262.333333
423.333333 255.000000
411.333333 248.333333
400.000000 241.666667
388.666667 235.333333
377.333333 229.000000
366.333333 223.333333
356.666667 218.333333
348.333333 214.000000
341.333333 210.333333
335.000000 207.333333
329.333333 205.000000
324.333333 203.333333
320.333333 202.000000
317.000000 201.000000
