910.333333 245.000000
914.666667 243.000000
920.000000 241.333333
926.666667 239.666667
933.666667 238.000000
941.333333 236.000000
949.333333 234.000000
958.333333 232.000000
968.333333 230.333333
978.333333 229.000000
988.333333 228.000000
1002.333333 227.666667
1017.000000 228.333333
1032.333333 229.666667
1043.666667 231.666667
1055.666667 234.000000
1067.333333 237.000000
1078.666667 240.000000
1089.333333 243.666667
1100.000000 248.000000
1111.000000 253.666667
1121.333333 260.000000
1130.666667 267.000000
1139.333333 274.333333
1148.000000 282.000000
1156.666667 290.000000
1165.000000 298.666667
1172.666667 307.666667
1180.000000 316.666667
1186.333333 325.333333
1192.000000 334.333333
1197.000000 343.666667
1201.666667 353.333333
1206.000000 362.666667
1210.000000 371.666667
1213.666667 380.333333
1217.333333 389.000000
1220.666667 398.333333
1224.000000 407.666667
1227.000000 417.000000
1229.666667 425.666667
1232.333333 434.666667
1234.666667 443.666667
1236.666667 453.000000
1238.333333 461.666667
1239.666667 470.333333
1241.000000 478.666667
1241.666667 487.666667
1242.333333 496.666667
1242.666667 506.000000
1243.000000 514.666667
1242.666667 523.000000
1242.333333 530.666667
1241.666667 538.333333
1241.000000 545.666667
1240.000000 553.333333
1238.666667 560.666667
1237.000000 568.333333
1235.000000 575.666667
1232.333333 583.333333
1229.333333 591.333333
1225.666667 599.666667
1222.333333 608.000000
1218.333333 616.000000
1214.333333 623.666667
1210.000000 631.333333
1206.000000 638.666667
1202.000000 646.000000
1198.000000 653.000000
1193.666667 659.666667
1188.666667 666.000000
1182.666667 672.333333
1176.000000 678.666667
1169.333333 685.333333
1162.666667 692.000000
1156.000000 698.666667
1148.333333 705.333333
1140.000000 711.666667
1131.333333 717.666667
1122.666667 723.000000
1113.666667 728.000000
1103.333333 733.000000
1092.333333 737.666667
1081.000000 742.000000
1069.666667 746.333333
1057.666667 751.000000
1045.000000 755.666667
1032.333333 760.333333
1019.666667 764.666667
1007.000000 769.000000
994.666667 772.666667
983.000000 776.000000
972.000000 779.333333
961.333333 782.666667
951.000000 785.666667
941.333333 788.333333
933.000000 790.666667
926.666667 792.666667
922.333333 794.000000
918.666667 795.000000
