931.000000 348.666667
931.000000 346.333333
931.000000 343.666667
931.000000 341.333333
931.000000 338.666667
931.000000 336.000000
931.000000 333.000000
931.000000 329.666667
931.000000 326.000000
861.333333 322.000000
791.666667 317.666667
722.000000 313.333333
722.000000 309.000000
722.000000 305.000000
722.000000 301.000000
722.000000 296.666667
722.000000 292.000000
722.000000 287.333333
722.000000 282.666667
722.000000 277.666667
722.000000 272.000000
721.666667 266.000000
721.333333 260.333333
720.333333 254.666667
719.333333 249.333333
717.666667 243.666667
715.666667 238.000000
713.333333 232.000000
710.666667 226.333333
707.666667 221.000000
704.333333 216.333333
700.666667 212.000000
697.000000 208.333333
693.000000 204.666667
689.000000 201.333333
685.000000 198.333333
681.000000 195.666667
677.000000 193.333333
673.000000 191.000000
669.000000 188.666667
665.000000 186.000000
660.666667 183.333333
656.333333 180.333333
651.666667 177.333333
647.333333 174.000000
643.000000 171.000000
639.000000 168.000000
635.000000 165.000000
631.333333 162.000000
628.000000 159.333333
625.000000 156.666667
621.333333 154.333333
617.333333 152.000000
612.666667 150.333333
607.666667 149.000000
602.000000 148.000000
593.000000 147.000000
576.333333 146.000000
556.333333 145.666667
538.000000 146.000000
527.333333 147.000000
520.000000 148.000000
513.666667 149.333333
507.333333 151.000000
501.333333 153.000000
495.666667 155.333333
490.000000 158.000000
484.333333 161.333333
478.666667 165.000000
473.000000 169.000000
467.333333 173.333333
461.666667 177.666667
456.333333 182.000000
451.333333 185.666667
447.000000 189.333333
443.000000 193.000000
439.000000 197.000000
435.333333 201.000000
432.000000 205.333333
429.000000 209.666667
426.333333 214.000000
424.000000 218.000000
422.000000 222.000000
420.333333 226.000000
418.666667 230.000000
417.333333 233.666667
416.000000 237.333333
415.333333 240.666667
414.666667 244.333333
414.000000 248.333333
413.333333 252.666667
413.000000 257.333333
413.333333 262.333333
413.666667 267.666667
414.333333 273.000000
414.666667 278.333333
415.333333 283.666667
415.666667 289.666667
416.333333 295.666667
417.000000 302.000000
418.000000 308.333333
419.333333 314.666667
420.666667 320.666667
422.000000 326.333333
423.000000 331.666667
424.333333 337.333333
425.666667 343.000000
427.333333 349.666667
429.000000 357.000000
431.000000 365.000000
433.000000 373.000000
435.000000 381.333333
437.333333 389.666667
440.000000 398.333333
442.666667 406.666667
445.333333 415.000000
448.000000 422.666667
450.666667 430.000000
453.000000 437.333333
455.333333 444.333333
458.000000 451.000000
461.000000 457.333333
464.000000 463.666667
467.000000 470.000000
470.000000 476.000000
473.000000 482.666667
476.333333 489.666667
479.666667 497.000000
483.333333 504.333333
487.000000 511.333333
491.000000 518.666667
495.333333 525.666667
500.000000 533.333333
504.666667 540.666667
509.000000 548.333333
513.333333 555.666667
517.333333 563.000000
521.333333 569.666667
524.666667 576.333333
528.333333 582.666667
532.000000 589.666667
536.333333 596.666667
540.666667 604.000000
545.333333 611.000000
550.000000 618.333333
554.666667 626.000000
559.333333 634.000000
563.666667 642.000000
567.666667 650.000000
571.000000 657.333333
574.333333 664.333333
577.666667 670.333333
581.666667 676.000000
585.666667 681.000000
590.333333 686.000000
595.000000 691.000000
600.000000 695.666667
605.000000 700.333333
609.666667 704.666667
614.666667 709.333333
619.333333 713.666667
625.000000 718.666667
630.666667 724.000000
637.666667 730.000000
644.333333 736.333333
651.333333 742.666667
657.666667 749.333333
664.333333 755.666667
671.000000 761.666667
678.000000 767.000000
684.666667 771.666667
691.000000 776.000000
697.000000 779.666667
702.666667 783.333333
707.666667 786.666667
711.666667 789.666667
715.000000 792.333333
717.666667 795.000000
720.333333 798.000000
722.333333 800.666667
724.000000 802.666667
725.000000 804.000000
726.000000 805.000000
727.000000 806.000000
728.000000 806.333333
729.333333 806.000000
730.333333 805.000000
