722.333333 376.666667
722.666667 374.333333
723.000000 372.000000
723.000000 369.666667
723.333333 367.000000
723.666667 364.000000
724.000000 361.000000
724.333333 358.000000
724.666667 354.666667
725.000000 351.000000
725.000000 347.000000
725.000000 342.666667
725.000000 338.000000
725.000000 333.000000
725.000000 327.666667
725.000000 322.000000
725.000000 315.666667
725.000000 309.333333
725.000000 303.000000
725.000000 297.000000
725.000000 290.666667
725.000000 284.000000
724.666667 277.000000
724.333333 270.000000
723.666667 263.000000
723.000000 256.333333
721.666667 250.000000
720.000000 244.000000
717.666667 237.666667
715.000000 231.000000
711.666667 224.333333
708.000000 218.333333
703.666667 212.666667
699.000000 207.666667
694.000000 202.666667
689.000000 198.000000
683.666667 193.333333
678.000000 188.666667
671.666667 184.333333
665.000000 179.666667
657.666667 175.666667
650.333333 172.000000
643.000000 169.000000
635.666667 166.000000
627.666667 163.333333
619.000000 160.666667
610.000000 158.666667
601.000000 156.666667
592.000000 155.333333
580.333333 154.000000
569.000000 153.666667
558.000000 154.000000
550.333333 155.333333
543.000000 157.333333
536.333333 159.666667
530.000000 162.666667
524.000000 166.000000
518.000000 170.000000
512.000000 174.333333
506.333333 179.000000
501.000000 184.000000
496.000000 190.000000
491.000000 197.333333
486.333333 205.666667
482.333333 214.333333
479.000000 223.333333
476.000000 233.000000
473.000000 243.333333
470.000000 253.666667
467.000000 263.666667
464.000000 273.000000
461.000000 282.000000
458.333333 291.000000
455.666667 300.000000
453.333333 309.000000
451.333333 318.000000
450.000000 327.333333
449.000000 337.333333
448.666667 348.000000
449.000000 358.666667
450.000000 369.000000
451.333333 379.000000
453.000000 388.666667
455.333333 398.333333
458.000000 407.333333
461.000000 416.666667
464.333333 425.666667
468.333333 435.333333
473.333333 444.666667
479.000000 454.333333
486.000000 463.666667
494.333333 473.666667
504.000000 484.000000
515.000000 495.000000
527.000000 506.000000
540.333333 517.000000
554.333333 528.333333
569.000000 540.333333
584.000000 553.000000
599.000000 566.333333
614.333333 580.333333
629.333333 595.000000
643.666667 610.333333
657.000000 626.333333
670.000000 642.666667
682.333333 658.666667
694.000000 674.333333
704.000000 689.333333
713.333333 704.000000
722.000000 718.000000
730.333333 731.666667
738.000000 744.333333
745.000000 755.666667
751.333333 765.000000
756.666667 773.000000
760.666667 779.000000
763.666667 783.666667
765.666667 786.666667
767.000000 788.666667
768.000000 790.000000
769.333333 790.333333
