722.333333 343.000000
720.666667 335.666667
718.666667 328.000000
715.666667 320.000000
711.666667 311.666667
706.666667 303.000000
700.666667 293.666667
693.666667 284.000000
686.333333 274.000000
678.333333 263.666667
669.666667 253.000000
660.000000 242.000000
649.666667 231.333333
638.666667 221.000000
626.666667 211.000000
614.000000 201.333333
600.666667 192.333333
587.000000 184.333333
573.000000 177.666667
559.000000 172.333333
544.666667 168.333333
530.333333 165.666667
516.000000 164.666667
502.666667 165.333333
489.666667 167.333333
477.333333 170.666667
465.333333 175.000000
454.333333 180.333333
444.000000 186.000000
434.333333 192.333333
425.333333 199.333333
417.000000 206.666667
409.333333 214.333333
402.333333 222.000000
396.333333 230.333333
391.333333 239.000000
387.333333 248.333333
384.333333 257.666667
382.000000 267.000000
380.333333 276.000000
379.333333 285.000000
379.333333 294.000000
380.000000 303.333333
381.333333 313.000000
383.000000 323.000000
385.333333 333.333333
388.333333 344.000000
392.333333 355.333333
397.000000 366.666667
402.666667 378.000000
408.666667 389.666667
415.333333 402.000000
422.333333 414.666667
430.000000 427.666667
438.333333 440.666667
446.666667 453.333333
455.000000 465.333333
463.000000 477.333333
471.000000 489.666667
479.333333 502.000000
488.000000 514.000000
497.000000 526.666667
506.000000 539.666667
515.000000 553.333333
524.333333 566.333333
534.000000 579.666667
543.666667 592.666667
553.000000 605.666667
561.666667 618.333333
571.000000 631.000000
580.666667 643.666667
591.333333 655.666667
602.000000 667.000000
614.000000 678.000000
626.666667 688.666667
639.666667 698.666667
652.333333 708.000000
664.666667 716.333333
676.666667 724.000000
687.666667 730.333333
697.333333 736.000000
705.333333 741.000000
712.333333 745.666667
718.666667 750.333333
724.666667 754.666667
729.666667 758.666667
734.000000 761.666667
737.666667 764.333333
741.000000 766.666667
744.000000 769.000000
746.666667 770.666667
749.000000 772.000000
751.000000 772.333333
753.000000 772.000000
755.000000 771.000000
