1158.000000 206.000000
1157.000000 229.333333
1156.333333 252.000000
1155.666667 273.333333
1155.000000 293.666667
1154.333333 312.666667
1153.666667 330.666667
1153.333333 347.000000
1152.666667 361.666667
1152.333333 375.000000
1152.333333 387.666667
1152.666667 399.333333
1153.000000 409.666667
1153.000000 418.666667
1153.000000 426.666667
1153.000000 433.333333
1153.000000 438.666667
1153.000000 442.333333
1153.000000 445.000000
1153.000000 446.666667
1153.000000 448.000000
1152.666667 448.333333
1152.000000 448.000000
1151.333333 447.000000
