857.000000 200.000000
859.000000 198.000000
861.666667 195.666667
865.333333 193.333333
869.333333 191.666667
874.333333 190.000000
880.000000 188.333333
886.000000 187.000000
892.333333 185.666667
899.000000 184.333333
909.333333 183.000000
920.333333 182.666667
932.000000 183.000000
940.666667 184.333333
949.333333 186.000000
958.333333 188.000000
968.000000 190.333333
977.666667 193.000000
986.666667 196.333333
995.333333 200.000000
1004.000000 204.333333
1013.000000 209.000000
1022.000000 214.333333
1030.666667 220.000000
1038.666667 226.000000
1046.333333 232.333333
1054.333333 239.333333
1062.666667 247.000000
1071.000000 255.333333
1079.000000 264.000000
1086.666667 273.000000
1093.666667 282.000000
1100.333333 291.000000
1106.666667 300.333333
1113.000000 309.666667
1119.000000 319.000000
1124.666667 327.666667
1130.000000 336.333333
1134.666667 345.333333
1138.666667 354.666667
1142.000000 363.666667
1145.000000 372.000000
1147.666667 380.333333
1150.000000 389.000000
1151.666667 398.333333
1153.333333 407.666667
1154.666667 417.333333
1156.000000 427.000000
1157.000000 437.000000
1157.666667 447.000000
1158.333333 457.000000
1158.666667 466.666667
1159.000000 476.000000
1159.000000 484.666667
1159.000000 493.333333
1158.666667 501.666667
1158.333333 509.333333
1157.666667 516.333333
1156.666667 522.666667
1155.333333 529.000000
1153.666667 535.333333
1152.000000 542.333333
1150.000000 550.000000
1148.000000 557.666667
1145.666667 565.000000
1142.666667 572.000000
1139.333333 579.333333
1135.333333 586.666667
1131.000000 594.333333
1126.333333 601.666667
1121.666667 609.000000
1117.000000 615.666667
1111.666667 622.333333
1105.666667 628.666667
1098.666667 635.333333
1090.666667 642.000000
1082.000000 648.666667
1073.333333 655.333333
1064.333333 661.666667
1054.333333 668.000000
1043.666667 673.666667
1033.000000 679.000000
1022.666667 684.000000
1011.666667 688.666667
999.666667 693.333333
987.333333 698.000000
974.666667 703.333333
961.666667 708.666667
948.666667 713.666667
936.000000 718.000000
924.000000 721.666667
912.333333 725.000000
901.000000 727.666667
891.000000 730.000000
882.666667 731.666667
876.666667 733.000000
872.000000 734.000000
868.333333 735.000000
865.666667 735.333333
