839.333333 373.000000
838.000000 368.000000
837.000000 362.666667
836.333333 357.333333
836.000000 352.333333
836.000000 347.666667
836.000000 342.666667
836.000000 337.333333
836.333333 331.333333
837.000000 325.333333
838.000000 319.000000
839.333333 313.000000
840.666667 306.666667
842.333333 300.000000
844.333333 293.000000
846.666667 286.000000
849.333333 278.666667
851.666667 271.333333
854.333333 264.333333
856.666667 258.333333
860.000000 250.666667
864.666667 241.333333
870.000000 231.333333
875.000000 223.666667
879.666667 217.666667
884.666667 212.000000
890.333333 206.333333
895.666667 201.000000
901.333333 195.666667
906.666667 190.000000
912.000000 184.000000
917.333333 178.333333
922.666667 173.000000
928.333333 167.666667
933.666667 162.666667
939.000000 157.666667
944.333333 153.666667
949.333333 149.666667
954.333333 146.000000
959.333333 142.333333
964.666667 139.000000
970.666667 136.000000
976.666667 133.333333
982.666667 130.666667
988.000000 128.333333
993.000000 126.333333
997.666667 124.666667
1002.333333 123.000000
1007.000000 121.000000
1012.000000 119.000000
1017.333333 117.333333
1022.666667 115.666667
1028.333333 114.333333
1033.666667 112.666667
1038.666667 111.333333
1044.666667 110.000000
1053.666667 109.666667
1063.333333 110.000000
1071.666667 111.000000
1077.000000 112.000000
1082.000000 113.333333
1086.666667 114.666667
1091.000000 116.333333
1095.000000 118.000000
1099.000000 120.000000
1103.000000 122.000000
1107.000000 124.000000
1111.000000 126.000000
1115.000000 128.333333
1119.000000 130.666667
1123.000000 133.333333
1127.000000 136.000000
1131.000000 139.000000
1134.666667 142.000000
1138.000000 145.333333
1141.000000 149.000000
1144.333333 153.333333
1147.333333 158.333333
1150.333333 163.666667
1152.666667 169.333333
1155.000000 174.666667
1157.000000 180.000000
1159.000000 185.333333
1161.000000 190.666667
1163.000000 196.000000
1165.000000 201.333333
1167.000000 206.666667
1168.666667 212.333333
1170.000000 217.666667
1171.000000 223.000000
1172.000000 228.000000
1173.333333 233.000000
1174.333333 238.333333
1175.666667 244.000000
1176.666667 249.666667
1177.666667 255.666667
1178.666667 261.666667
1179.666667 268.000000
1181.000000 273.666667
1182.000000 279.666667
1183.000000 285.666667
1183.666667 292.000000
1184.000000 298.000000
1184.000000 304.000000
1184.000000 310.000000
1184.000000 316.000000
1183.666667 322.000000
1183.000000 328.000000
1182.000000 333.666667
1180.666667 339.333333
1179.000000 345.000000
1176.666667 351.000000
1174.333333 357.333333
1171.666667 363.666667
1169.000000 370.000000
1166.000000 376.000000
1162.666667 382.333333
1159.333333 389.000000
1156.000000 395.666667
1153.000000 402.333333
1150.000000 408.666667
1147.000000 415.000000
1144.000000 421.000000
1140.666667 427.333333
1137.000000 433.666667
1132.666667 440.000000
1128.333333 446.333333
1124.000000 452.666667
1120.000000 459.000000
1116.000000 465.000000
1112.333333 470.666667
1108.666667 476.666667
1105.333333 482.333333
1101.666667 488.666667
1098.000000 494.666667
1094.000000 501.000000
1090.000000 507.000000
1086.333333 513.000000
1082.666667 518.666667
1079.000000 524.000000
1074.666667 529.666667
1070.333333 535.666667
1066.000000 542.333333
1062.000000 549.000000
1058.000000 556.000000
1054.000000 563.000000
1049.666667 570.000000
1045.000000 577.000000
1040.000000 584.000000
1034.666667 591.333333
1029.000000 598.666667
1023.666667 606.000000
1018.666667 612.666667
1013.666667 619.333333
1008.000000 626.333333
1002.000000 634.000000
995.666667 642.333333
989.000000 651.333333
982.333333 660.666667
976.000000 670.000000
970.000000 679.000000
964.333333 688.333333
959.333333 697.666667
954.666667 706.666667
950.000000 715.000000
944.666667 723.000000
939.333333 731.000000
934.000000 739.000000
928.666667 747.000000
923.666667 755.000000
918.333333 762.666667
913.333333 770.333333
907.333333 778.000000
901.333333 786.000000
895.000000 794.000000
888.666667 801.666667
882.666667 808.666667
877.000000 814.666667
872.333333 820.333333
868.333333 825.333333
865.000000 829.666667
862.333333 833.000000
860.333333 836.000000
859.000000 839.000000
858.000000 841.666667
857.333333 844.000000
857.000000 846.000000
857.000000 848.000000
857.000000 849.666667
857.000000 851.000000
857.000000 852.000000
857.000000 853.000000
857.000000 853.333333
857.333333 852.333333
