627.000000 204.000000
622.000000 206.000000
617.000000 208.000000
612.000000 210.333333
607.000000 212.666667
602.333333 215.000000
598.000000 217.000000
594.000000 219.000000
590.000000 221.000000
586.000000 223.000000
582.333333 224.666667
578.666667 226.333333
575.000000 228.000000
571.333333 230.000000
567.333333 232.000000
563.666667 234.333333
559.666667 237.333333
556.000000 241.000000
551.666667 245.666667
547.666667 250.666667
543.666667 256.333333
540.333333 262.000000
537.000000 267.666667
534.000000 273.333333
530.666667 278.666667
527.333333 284.333333
524.000000 290.000000
521.000000 296.000000
518.000000 302.000000
515.000000 308.000000
512.000000 314.000000
508.666667 320.333333
505.333333 326.666667
502.333333 333.666667
500.000000 340.333333
498.000000 347.666667
496.333333 354.666667
495.000000 362.000000
494.333333 369.000000
494.000000 376.000000
494.000000 383.000000
494.000000 390.000000
494.000000 397.333333
494.000000 404.666667
494.000000 412.000000
494.000000 419.000000
494.000000 426.333333
494.000000 433.666667
494.333333 441.000000
494.666667 447.666667
495.333333 454.000000
496.000000 460.000000
497.333333 466.000000
499.000000 472.000000
501.333333 478.333333
504.000000 485.000000
507.000000 492.333333
510.333333 500.000000
513.666667 507.666667
517.333333 515.666667
521.000000 524.000000
525.000000 533.000000
529.000000 541.666667
533.000000 550.333333
537.333333 558.333333
542.000000 566.333333
546.666667 573.666667
551.333333 581.000000
555.666667 588.000000
560.333333 594.666667
564.666667 601.000000
569.000000 606.666667
573.333333 612.333333
578.000000 617.666667
583.000000 623.000000
588.333333 628.333333
594.000000 633.333333
599.666667 638.333333
605.333333 642.666667
610.666667 647.333333
615.666667 651.666667
620.333333 655.666667
624.666667 659.000000
629.000000 662.000000
633.333333 665.000000
637.666667 667.666667
642.333333 670.333333
646.666667 672.666667
651.333333 674.666667
655.666667 676.333333
660.000000 678.000000
664.000000 679.666667
668.000000 681.000000
673.000000 682.000000
679.333333 682.333333
686.000000 682.000000
