825.333333 319.666667
827.000000 313.000000
829.333333 306.000000
832.000000 298.666667
835.333333 290.666667
839.333333 282.333333
843.666667 273.666667
848.333333 265.666667
853.000000 257.333333
858.000000 249.333333
863.333333 241.000000
869.333333 232.666667
876.000000 224.666667
883.000000 217.000000
890.000000 209.666667
897.000000 202.666667
904.000000 195.333333
911.666667 188.000000
920.000000 180.333333
928.666667 173.000000
937.000000 166.333333
945.333333 160.000000
954.333333 154.000000
964.000000 148.333333
974.000000 143.333333
984.000000 139.000000
994.333333 135.333333
1005.000000 132.000000
1016.000000 129.333333
1026.666667 127.333333
1037.333333 126.000000
1048.000000 125.666667
1059.333333 126.000000
1070.333333 127.333333
1081.000000 129.000000
1090.666667 131.333333
1100.666667 134.333333
1111.000000 137.666667
1121.333333 141.333333
1130.666667 145.333333
1139.000000 149.666667
1147.333333 154.666667
1155.333333 160.000000
1163.333333 166.000000
1170.333333 171.666667
1177.000000 177.333333
1182.666667 183.000000
1187.666667 188.666667
1192.000000 194.666667
1196.000000 200.666667
1199.333333 207.000000
1202.000000 213.333333
1204.000000 219.666667
1206.000000 226.666667
1207.666667 236.333333
1208.666667 247.000000
1209.000000 258.000000
1208.666667 267.000000
1208.000000 276.000000
1207.000000 285.000000
1205.666667 294.333333
1204.000000 304.333333
1202.000000 314.666667
1199.666667 325.666667
1197.000000 337.333333
1193.333333 349.666667
1189.000000 362.333333
1184.000000 374.666667
1178.666667 387.333333
1173.333333 399.666667
1167.666667 412.000000
1162.333333 424.333333
1156.666667 437.000000
1151.000000 449.333333
1145.000000 461.000000
1138.666667 472.333333
1131.666667 483.666667
1124.333333 495.333333
1117.333333 506.333333
1110.333333 517.000000
1102.666667 527.000000
1093.666667 537.000000
1084.333333 547.000000
1075.000000 556.666667
1065.333333 566.333333
1054.333333 576.000000
1042.333333 586.333333
1030.000000 596.666667
1017.333333 607.333333
1004.000000 618.000000
990.333333 629.333333
976.666667 640.666667
963.000000 652.000000
949.333333 663.333333
936.000000 675.000000
923.333333 686.666667
910.666667 698.000000
898.666667 708.666667
887.333333 719.666667
877.000000 730.666667
867.000000 742.000000
857.666667 752.333333
849.000000 762.000000
841.000000 771.000000
833.666667 779.333333
827.333333 786.666667
822.333333 793.000000
818.666667 798.333333
816.000000 802.333333
814.333333 805.000000
813.000000 806.666667
812.333333 808.000000
811.666667 808.000000
811.333333 807.000000
810.666667 803.666667
810.333333 798.333333
