946.333333 221.000000
955.666667 219.000000
966.333333 217.000000
977.666667 215.333333
989.666667 213.666667
1002.666667 212.333333
1016.333333 211.000000
1040.000000 210.666667
1063.000000 211.666667
1086.666667 214.000000
1101.000000 217.000000
1115.666667 220.666667
1130.000000 225.000000
1144.666667 229.666667
1159.000000 234.666667
1173.000000 240.333333
1186.666667 247.333333
1200.333333 255.333333
1213.666667 263.666667
1225.666667 272.000000
1236.666667 280.666667
1247.333333 290.000000
1258.000000 300.333333
1268.333333 310.666667
1277.666667 321.333333
1285.666667 332.666667
1292.666667 345.000000
1298.666667 357.666667
1304.000000 370.333333
1309.000000 383.000000
1313.333333 396.000000
1317.000000 409.000000
1319.666667 422.666667
1321.333333 436.333333
1322.333333 450.000000
1322.333333 463.333333
1322.333333 477.333333
1321.000000 491.666667
1319.000000 505.333333
1316.000000 519.000000
1313.000000 533.000000
1309.333333 547.333333
1305.333333 561.000000
1301.000000 574.333333
1296.333333 588.000000
1291.000000 601.000000
1284.333333 613.666667
1277.000000 625.666667
1269.000000 638.666667
1261.000000 651.000000
1251.666667 663.000000
1241.333333 674.000000
1229.666667 685.666667
1218.333333 697.333333
1205.666667 709.000000
1192.666667 719.666667
1178.666667 730.333333
1164.000000 740.666667
1148.666667 750.666667
1132.666667 759.333333
1116.000000 767.000000
1098.666667 774.333333
1080.000000 782.000000
1061.666667 789.666667
1043.333333 797.000000
1025.333333 804.000000
1008.000000 810.333333
991.666667 815.666667
976.666667 820.000000
962.333333 824.000000
948.666667 827.666667
937.333333 830.666667
928.666667 833.000000
922.666667 834.666667
917.666667 836.000000
914.333333 836.333333
912.333333 835.666667
912.333333 834.333333
913.000000 832.666667
