810.000000 318.333333
810.333333 315.000000
810.666667 311.333333
811.000000 307.666667
811.000000 303.666667
810.666667 299.333333
810.000000 294.333333
809.000000 289.000000
807.666667 283.000000
806.000000 276.666667
803.666667 270.000000
801.000000 263.000000
798.000000 256.000000
794.666667 249.000000
791.333333 242.000000
787.666667 235.333333
784.333333 228.666667
781.000000 222.333333
778.000000 216.333333
775.333333 211.000000
772.666667 206.000000
770.000000 201.000000
766.666667 196.000000
762.666667 191.000000
758.000000 186.000000
752.666667 181.000000
747.000000 176.000000
741.000000 171.000000
735.000000 166.333333
729.000000 162.000000
722.666667 158.333333
716.333333 155.333333
709.333333 153.000000
702.333333 151.333333
695.000000 149.666667
685.666667 148.333333
676.333333 147.666667
666.666667 148.000000
659.333333 149.000000
652.000000 150.000000
645.000000 151.333333
638.000000 153.333333
631.000000 156.000000
624.000000 159.333333
617.000000 163.000000
610.333333 167.333333
603.666667 171.666667
597.333333 176.333333
591.333333 181.000000
586.000000 186.000000
580.666667 191.333333
575.666667 197.000000
570.666667 203.000000
566.333333 209.000000
562.333333 215.333333
559.333333 222.000000
557.000000 229.333333
555.333333 236.666667
554.333333 244.000000
554.000000 251.333333
554.333333 258.666667
555.000000 266.333333
556.000000 273.666667
557.000000 281.333333
558.000000 288.666667
559.000000 296.000000
560.000000 303.000000
561.333333 310.000000
563.000000 317.333333
565.000000 325.000000
567.000000 333.000000
569.333333 341.333333
572.000000 350.000000
575.000000 359.333333
578.000000 368.333333
581.333333 377.333333
585.333333 386.000000
590.333333 395.333333
596.000000 405.000000
602.000000 415.000000
608.333333 425.333333
614.666667 436.000000
621.333333 447.000000
628.000000 458.000000
635.333333 469.000000
643.000000 480.333333
651.000000 492.000000
658.666667 503.666667
666.333333 515.000000
674.333333 526.333333
682.666667 538.333333
691.000000 550.333333
699.000000 562.333333
707.000000 574.666667
715.000000 587.333333
723.000000 600.333333
731.333333 613.333333
739.333333 627.000000
747.000000 641.000000
754.000000 654.666667
761.000000 668.000000
767.666667 680.666667
774.666667 692.666667
781.666667 704.333333
788.666667 715.333333
795.333333 726.000000
802.000000 735.666667
808.666667 744.666667
815.000000 752.666667
820.666667 759.666667
826.333333 765.666667
832.000000 771.000000
837.000000 775.333333
841.000000 779.000000
844.000000 782.000000
846.000000 785.000000
847.000000 788.000000
846.666667 791.000000
846.000000 794.000000
845.000000 796.666667
844.000000 799.000000
843.000000 800.666667
842.333333 802.000000
842.000000 803.000000
841.666667 804.000000
