668.666667 376.666667
665.666667 367.000000
661.666667 356.333333
656.666667 345.000000
650.666667 333.000000
644.333333 320.666667
637.333333 308.333333
630.333333 295.666667
622.333333 283.333333
614.333333 272.000000
606.000000 262.333333
597.666667 254.000000
589.000000 246.333333
579.333333 239.666667
569.000000 234.333333
558.333333 230.666667
547.666667 228.333333
532.666667 228.000000
517.333333 229.000000
502.000000 231.333333
491.333333 234.000000
480.666667 237.333333
470.333333 241.000000
460.333333 245.000000
451.000000 249.333333
442.666667 254.000000
435.000000 259.333333
428.333333 265.333333
421.666667 272.333333
415.666667 280.333333
410.000000 289.000000
405.333333 298.333333
401.666667 308.000000
399.333333 318.666667
398.000000 330.000000
397.666667 342.333333
398.000000 355.000000
399.333333 368.000000
401.333333 381.000000
404.666667 394.333333
408.666667 407.666667
413.333333 421.000000
418.333333 434.333333
424.000000 447.666667
431.000000 461.333333
439.333333 475.333333
448.666667 490.000000
459.000000 505.666667
470.000000 522.333333
482.333333 540.000000
494.666667 558.666667
507.333333 577.666667
520.000000 597.666667
533.333333 617.333333
546.666667 637.333333
560.000000 656.333333
573.333333 674.666667
586.666667 691.333333
600.000000 707.333333
613.000000 722.333333
626.000000 736.666667
638.666667 749.333333
650.666667 760.666667
662.000000 771.000000
672.666667 780.333333
682.666667 788.666667
691.666667 795.333333
699.000000 801.000000
705.000000 805.333333
709.000000 808.333333
712.000000 810.000000
713.666667 811.000000
715.333333 811.333333
716.666667 810.666667
717.666667 809.333333
718.333333 808.000000
718.666667 806.666667
719.000000 805.333333
719.000000 803.666667
