587.333333 357.666667
587.000000 353.333333
587.333333 348.666667
587.666667 344.333333
588.000000 339.333333
588.000000 334.333333
588.000000 328.666667
588.000000 323.333333
588.333333 317.666667
589.000000 312.333333
589.666667 307.000000
590.333333 301.666667
591.000000 296.000000
592.333333 290.000000
594.000000 284.000000
596.000000 277.333333
598.333333 270.666667
601.000000 264.000000
604.333333 258.000000
607.666667 252.333333
611.000000 247.000000
614.666667 241.666667
618.666667 235.666667
623.000000 229.666667
627.333333 223.666667
632.666667 218.000000
639.000000 212.000000
646.000000 206.333333
652.666667 201.000000
659.333333 196.000000
666.000000 190.666667
673.333333 185.000000
681.000000 179.000000
689.000000 173.666667
696.666667 168.666667
704.333333 164.333333
712.333333 160.333333
721.000000 157.000000
730.000000 154.333333
738.666667 152.333333
746.666667 151.000000
757.000000 150.666667
767.666667 151.000000
778.666667 152.333333
786.666667 154.000000
794.000000 156.333333
801.000000 159.000000
807.666667 162.333333
814.333333 166.333333
820.666667 171.000000
827.333333 176.000000
833.666667 180.666667
840.000000 185.333333
845.666667 190.333333
851.333333 195.666667
856.666667 201.333333
861.666667 207.333333
866.000000 214.000000
870.333333 220.666667
874.333333 227.333333
878.333333 233.666667
881.666667 240.333333
885.000000 247.000000
888.000000 254.333333
890.666667 261.666667
893.000000 269.333333
894.666667 276.666667
896.000000 284.333333
897.000000 292.333333
898.000000 301.000000
898.666667 310.000000
899.333333 318.666667
899.666667 327.333333
900.000000 336.000000
900.000000 345.000000
899.666667 354.333333
899.333333 363.666667
898.666667 373.000000
898.000000 382.333333
897.000000 392.000000
895.666667 402.000000
894.000000 412.333333
892.000000 422.666667
889.666667 433.333333
887.000000 444.000000
884.000000 454.666667
881.000000 465.000000
877.666667 475.333333
874.333333 485.666667
871.000000 496.333333
868.000000 506.666667
864.666667 517.333333
860.666667 528.000000
856.000000 539.000000
850.666667 550.000000
845.000000 561.000000
839.000000 572.333333
833.000000 584.000000
827.000000 595.666667
821.000000 607.000000
814.666667 618.000000
807.666667 629.000000
800.000000 640.000000
792.333333 650.666667
784.666667 661.333333
776.666667 672.000000
768.000000 683.333333
758.666667 694.666667
749.333333 706.000000
740.333333 717.000000
731.666667 728.000000
723.000000 738.666667
714.000000 749.000000
705.000000 759.000000
696.333333 769.000000
688.000000 779.000000
680.333333 789.000000
673.000000 798.333333
665.666667 807.333333
658.000000 815.666667
650.666667 823.666667
644.000000 831.000000
638.666667 837.666667
634.333333 843.666667
631.333333 848.666667
629.000000 853.000000
627.333333 856.333333
626.000000 859.000000
625.333333 860.666667
625.000000 862.000000
