722.000000 407.333333
722.000000 405.000000
722.000000 403.000000
721.666667 401.000000
721.333333 398.666667
721.000000 396.333333
720.666667 394.000000
720.000000 391.666667
719.333333 389.000000
718.666667 386.000000
718.000000 382.666667
717.000000 379.666667
716.000000 376.333333
715.000000 373.333333
714.000000 369.666667
713.000000 366.333333
712.000000 363.000000
711.000000 359.666667
709.666667 356.333333
708.333333 353.000000
706.666667 349.666667
705.000000 346.333333
703.000000 343.000000
701.000000 340.000000
698.666667 337.000000
696.333333 334.333333
694.000000 331.666667
691.666667 329.333333
689.333333 326.666667
686.666667 324.333333
684.000000 321.666667
681.000000 319.000000
678.000000 316.000000
675.000000 313.000000
672.000000 310.000000
669.000000 307.000000
665.666667 304.000000
662.333333 301.000000
658.666667 298.000000
655.000000 295.000000
651.000000 292.000000
646.666667 288.666667
642.333333 285.333333
637.666667 282.000000
633.000000 278.666667
628.000000 275.333333
623.000000 272.000000
618.000000 269.333333
613.000000 266.666667
608.000000 264.333333
602.666667 262.000000
597.333333 260.333333
592.333333 258.666667
588.000000 257.000000
583.666667 255.333333
579.000000 253.666667
574.000000 252.000000
568.333333 250.000000
562.000000 248.000000
555.333333 246.333333
549.000000 244.666667
543.000000 243.333333
535.333333 242.000000
513.000000 241.666667
487.666667 242.000000
464.000000 243.000000
455.333333 244.000000
448.333333 245.000000
442.000000 246.333333
436.333333 247.666667
433.000000 249.000000
430.000000 250.000000
426.666667 251.333333
423.333333 252.666667
419.666667 254.333333
416.333333 256.333333
412.666667 259.333333
409.000000 263.000000
405.000000 267.333333
401.333333 272.333333
398.000000 277.666667
395.333333 283.000000
392.666667 288.333333
390.333333 294.000000
388.333333 299.666667
386.666667 305.000000
385.333333 310.333333
384.000000 316.333333
382.666667 322.666667
381.333333 329.000000
380.333333 335.333333
379.666667 342.000000
379.333333 349.000000
378.666667 356.333333
378.333333 363.666667
377.666667 371.333333
377.666667 379.000000
377.666667 387.000000
378.333333 395.000000
379.000000 403.000000
379.666667 411.000000
380.333333 419.000000
381.000000 426.666667
381.666667 434.333333
382.333333 441.666667
383.000000 449.000000
384.000000 456.000000
385.000000 462.666667
386.000000 468.666667
387.333333 474.333333
388.666667 480.000000
390.333333 486.000000
392.000000 492.000000
394.333333 498.000000
396.666667 504.000000
399.333333 510.000000
402.000000 515.666667
404.666667 521.333333
407.333333 526.666667
410.000000 532.000000
413.000000 537.000000
416.000000 542.000000
419.000000 547.000000
422.000000 552.333333
425.000000 557.666667
428.000000 563.666667
431.333333 569.333333
435.333333 575.333333
440.333333 581.000000
445.666667 587.000000
451.666667 593.000000
457.666667 598.666667
463.666667 604.000000
469.333333 609.333333
475.000000 614.666667
481.333333 620.000000
488.000000 625.333333
495.333333 630.666667
502.333333 636.000000
509.000000 641.000000
515.000000 646.333333
521.000000 651.666667
527.666667 657.333333
534.666667 662.666667
542.000000 668.333333
549.333333 673.666667
556.666667 679.000000
564.000000 684.333333
571.666667 690.000000
579.666667 696.000000
588.333333 702.000000
596.666667 708.000000
604.666667 713.666667
612.333333 719.333333
620.333333 725.333333
628.666667 731.666667
637.333333 738.000000
645.666667 744.000000
654.000000 750.333333
662.333333 757.000000
671.333333 764.333333
680.666667 772.333333
690.000000 780.666667
698.666667 789.000000
706.666667 797.000000
714.000000 804.666667
720.666667 811.666667
727.333333 818.000000
733.666667 823.666667
739.666667 828.666667
745.000000 833.000000
749.666667 837.000000
754.000000 840.666667
757.666667 844.000000
761.000000 847.000000
763.666667 849.666667
765.666667 851.666667
767.000000 853.000000
768.000000 854.000000
769.000000 855.000000
769.666667 856.000000
