680.666667 390.666667
680.333333 389.333333
679.666667 387.666667
679.333333 386.000000
679.000000 384.000000
678.666667 381.666667
678.000000 378.666667
677.333333 374.666667
676.666667 370.000000
676.333333 364.666667
676.000000 359.333333
675.666667 353.666667
675.333333 348.333333
675.000000 343.333333
674.666667 338.666667
674.333333 334.000000
674.000000 329.333333
674.000000 325.000000
674.000000 321.000000
674.000000 317.000000
674.000000 313.000000
673.666667 309.333333
673.333333 306.000000
673.000000 303.000000
673.000000 300.333333
673.000000 297.666667
673.000000 295.333333
673.000000 293.000000
672.666667 291.333333
672.333333 290.000000
672.000000 289.000000
672.000000 288.000000
672.000000 287.000000
671.666667 286.000000
671.333333 285.000000
671.000000 284.000000
671.000000 283.000000
670.666667 282.000000
670.333333 281.000000
670.000000 280.000000
669.666667 278.666667
669.000000 277.333333
668.333333 275.666667
667.666667 274.000000
667.000000 272.333333
666.000000 270.666667
665.000000 269.333333
664.000000 267.666667
662.666667 266.000000
661.333333 264.000000
660.000000 262.000000
658.666667 260.000000
657.000000 258.000000
655.000000 255.666667
652.666667 253.333333
650.333333 251.000000
647.666667 248.666667
645.000000 246.666667
642.000000 244.666667
639.000000 243.000000
636.666667 241.333333
634.333333 239.666667
632.666667 238.333333
630.666667 237.000000
629.333333 236.000000
627.666667 235.000000
626.333333 234.000000
624.666667 233.000000
623.000000 232.000000
621.000000 230.666667
619.000000 229.333333
616.666667 227.666667
614.000000 226.333333
611.000000 224.666667
607.666667 223.333333
604.333333 221.666667
600.666667 220.333333
597.333333 219.000000
594.000000 218.000000
590.000000 217.000000
586.000000 216.000000
582.333333 215.000000
579.666667 214.000000
577.000000 213.000000
574.000000 212.000000
569.333333 211.000000
564.333333 210.000000
558.666667 209.000000
553.000000 208.000000
545.666667 207.000000
538.666667 206.000000
533.000000 205.000000
527.000000 204.000000
518.333333 203.000000
507.333333 202.666667
496.333333 203.000000
487.333333 204.333333
480.000000 206.000000
474.333333 208.000000
468.666667 210.000000
463.000000 212.333333
457.000000 215.333333
451.000000 218.666667
445.333333 222.000000
440.000000 224.666667
435.000000 227.666667
430.000000 230.666667
425.000000 234.000000
420.000000 237.000000
415.000000 240.333333
410.000000 243.666667
405.000000 247.333333
400.333333 250.666667
396.000000 254.333333
392.000000 258.000000
388.333333 262.000000
384.666667 266.333333
381.333333 270.666667
378.000000 275.000000
375.000000 279.000000
371.666667 283.000000
368.333333 287.000000
364.666667 291.000000
361.333333 295.333333
358.000000 300.000000
354.666667 305.000000
351.666667 310.000000
348.666667 315.000000
346.333333 320.000000
344.000000 324.666667
342.333333 329.666667
341.000000 335.000000
340.000000 341.000000
339.000000 347.000000
338.333333 353.333333
338.000000 360.000000
338.000000 366.666667
338.000000 373.000000
338.333333 379.000000
339.000000 384.666667
340.000000 390.000000
341.000000 395.000000
342.000000 400.000000
343.333333 405.000000
345.000000 410.000000
346.666667 414.666667
348.666667 419.333333
350.666667 423.666667
353.333333 428.333333
355.666667 433.000000
358.333333 438.000000
361.000000 443.333333
364.000000 448.666667
367.000000 454.333333
369.666667 459.666667
372.333333 464.666667
374.666667 469.333333
377.000000 473.666667
379.000000 477.666667
380.666667 481.000000
382.333333 484.000000
384.000000 487.333333
386.000000 490.666667
388.333333 494.333333
391.333333 498.000000
394.666667 502.000000
398.333333 506.000000
402.000000 510.333333
406.000000 514.666667
410.000000 519.333333
413.666667 523.666667
417.000000 528.000000
420.000000 532.000000
423.000000 536.000000
426.000000 540.333333
428.666667 544.666667
431.333333 549.000000
433.666667 553.000000
436.000000 557.000000
438.333333 560.666667
441.000000 564.333333
443.666667 568.000000
446.333333 571.666667
449.000000 575.333333
452.000000 578.666667
455.000000 582.000000
458.000000 585.333333
461.000000 588.666667
464.000000 592.000000
466.666667 595.000000
469.333333 598.000000
471.666667 601.000000
474.000000 603.666667
475.666667 606.000000
477.000000 608.000000
478.333333 610.000000
480.000000 612.000000
482.333333 614.000000
485.333333 616.333333
489.333333 619.000000
494.000000 621.666667
499.000000 624.333333
504.000000 626.666667
509.000000 629.333333
513.666667 631.666667
518.000000 634.000000
522.000000 636.000000
525.666667 638.000000
529.666667 640.333333
534.000000 642.666667
539.000000 645.333333
544.000000 648.000000
549.333333 651.000000
554.666667 654.333333
560.000000 657.666667
564.666667 661.000000
569.000000 663.666667
572.666667 666.333333
576.333333 669.000000
580.000000 672.000000
584.333333 674.666667
588.666667 677.333333
593.333333 680.000000
598.000000 683.000000
602.666667 686.000000
607.000000 689.333333
611.000000 692.666667
614.666667 696.333333
618.000000 699.666667
621.000000 703.000000
624.000000 706.333333
626.666667 709.666667
629.333333 713.000000
632.333333 716.000000
636.000000 719.000000
639.666667 722.000000
643.666667 725.333333
648.000000 729.000000
652.666667 732.666667
657.000000 736.666667
661.000000 741.333333
664.666667 746.666667
668.333333 752.333333
671.666667 757.666667
675.666667 763.000000
679.666667 768.333333
685.000000 774.000000
690.333333 779.666667
695.666667 785.000000
700.000000 789.666667
704.000000 794.000000
707.666667 798.000000
710.666667 802.000000
713.000000 806.000000
714.666667 810.000000
715.666667 813.666667
716.333333 817.000000
717.000000 819.666667
717.666667 822.000000
718.000000 823.666667
718.000000 825.333333
718.000000 826.666667
718.000000 828.000000
718.000000 829.000000
718.000000 830.000000
