669.666667 133.666667
663.666667 136.000000
657.000000 138.000000
650.000000 140.000000
643.000000 142.000000
636.333333 144.000000
629.666667 146.000000
623.333333 148.000000
616.666667 150.000000
610.000000 152.333333
603.333333 155.333333
597.000000 158.666667
591.333333 162.666667
585.666667 167.000000
580.333333 171.666667
574.666667 176.333333
569.000000 181.333333
563.000000 187.000000
557.000000 193.000000
551.000000 199.333333
545.000000 206.333333
539.333333 214.000000
533.666667 221.666667
528.333333 229.666667
522.666667 238.000000
517.333333 247.333333
512.000000 257.000000
507.000000 267.333333
502.000000 278.000000
497.666667 289.333333
494.000000 300.666667
491.000000 312.000000
488.333333 323.333333
486.000000 334.666667
484.333333 346.000000
483.333333 357.000000
483.000000 367.666667
483.666667 378.333333
484.666667 389.000000
486.666667 400.000000
489.333333 411.333333
493.000000 422.666667
497.666667 434.333333
502.666667 446.000000
508.000000 457.666667
513.333333 469.333333
519.000000 481.000000
525.000000 493.000000
531.333333 504.666667
538.333333 516.000000
546.000000 527.000000
554.000000 538.333333
561.666667 549.000000
569.666667 559.333333
578.000000 568.666667
587.000000 578.333333
595.666667 587.666667
604.333333 596.666667
612.666667 604.666667
621.333333 612.333333
629.666667 619.000000
638.000000 625.000000
646.000000 630.000000
653.333333 634.666667
659.666667 638.666667
664.666667 641.666667
668.666667 643.666667
671.666667 645.000000
673.666667 646.000000
