702.333333 225.333333
696.666667 227.000000
690.666667 228.666667
684.666667 230.333333
678.000000 232.000000
670.666667 233.666667
662.666667 235.333333
654.333333 236.666667
645.666667 238.000000
637.000000 239.000000
627.666667 240.000000
618.000000 241.000000
608.000000 242.000000
598.000000 243.333333
587.666667 244.666667
577.000000 246.000000
566.000000 247.333333
555.333333 249.000000
545.000000 251.333333
535.000000 254.000000
525.000000 257.333333
515.000000 261.000000
505.666667 265.333333
497.333333 270.000000
490.333333 274.666667
484.000000 279.000000
478.333333 283.333333
472.666667 287.666667
467.666667 292.000000
462.666667 296.333333
458.333333 300.666667
453.666667 305.333333
449.666667 309.666667
446.000000 314.333333
443.000000 319.000000
440.333333 324.333333
438.333333 330.000000
437.000000 336.333333
436.000000 343.333333
435.333333 351.000000
435.000000 359.333333
435.333333 367.333333
435.666667 375.333333
436.333333 383.000000
437.000000 390.666667
438.000000 398.000000
439.000000 405.000000
440.000000 412.000000
441.333333 419.000000
443.000000 425.666667
445.000000 432.666667
447.333333 440.000000
449.666667 448.333333
452.666667 456.666667
456.000000 465.000000
460.000000 473.333333
464.000000 482.000000
468.000000 491.333333
471.666667 500.666667
475.333333 509.666667
479.000000 518.000000
483.333333 526.333333
488.000000 534.666667
493.666667 543.000000
499.666667 551.333333
506.000000 559.666667
512.000000 568.000000
518.333333 576.333333
525.000000 584.666667
532.333333 593.000000
540.000000 601.333333
548.000000 609.333333
555.666667 617.333333
563.000000 625.000000
570.333333 633.000000
577.666667 641.000000
585.666667 649.000000
593.333333 656.666667
601.000000 664.000000
607.666667 670.666667
614.333333 677.333333
620.666667 684.000000
627.333333 691.000000
634.333333 698.000000
641.666667 705.000000
649.000000 711.666667
655.666667 718.000000
662.000000 724.000000
668.666667 730.333333
676.333333 737.000000
684.666667 743.666667
692.666667 750.000000
700.000000 755.666667
707.333333 761.000000
714.666667 765.666667
722.666667 770.000000
730.333333 773.666667
738.333333 776.666667
745.333333 779.000000
751.666667 781.000000
757.000000 782.666667
762.000000 784.000000
766.333333 785.000000
772.000000 785.000000
776.666667 784.000000
