385.666667 505.000000
379.666667 502.000000
373.333333 499.000000
366.333333 495.666667
359.333333 492.333333
351.666667 489.000000
343.666667 485.666667
334.333333 482.333333
324.000000 479.000000
312.666667 475.666667
300.666667 472.666667
288.000000 469.666667
274.666667 467.333333
261.000000 465.333333
246.666667 464.000000
232.333333 463.000000
213.666667 462.666667
195.333333 463.000000
177.333333 464.333333
164.666667 466.000000
153.333333 468.000000
142.666667 470.333333
132.666667 473.000000
123.333333 476.333333
115.333333 479.666667
108.666667 483.666667
103.000000 488.000000
98.000000 493.666667
93.333333 499.666667
89.666667 506.333333
87.000000 512.666667
85.000000 519.000000
83.666667 525.000000
83.000000 531.666667
83.000000 539.000000
84.000000 547.333333
86.000000 556.000000
89.666667 565.333333
94.666667 575.666667
101.333333 587.000000
109.333333 599.000000
118.000000 611.000000
127.666667 623.333333
138.000000 636.000000
149.333333 648.333333
161.333333 660.000000
174.333333 671.000000
188.333333 682.000000
203.666667 693.000000
220.333333 703.333333
238.333333 713.000000
258.000000 722.333333
279.000000 732.000000
302.000000 742.000000
325.666667 752.000000
350.666667 761.666667
376.333333 771.333333
403.000000 780.666667
430.333333 790.000000
457.666667 798.666667
485.333333 807.000000
512.666667 814.333333
540.000000 820.666667
566.666667 825.666667
592.666667 829.666667
617.000000 832.666667
639.666667 834.666667
665.333333 835.333333
692.666667 835.000000
716.666667 834.000000
733.666667 833.000000
743.666667 832.000000
750.333333 831.000000
753.000000 830.000000
753.333333 829.000000
752.666667 827.333333
751.333333 825.666667
750.000000 824.000000
