872.000000 309.666667
873.333333 305.000000
875.000000 300.000000
877.333333 294.333333
880.000000 288.000000
883.333333 280.666667
887.000000 273.333333
891.333333 265.333333
896.000000 257.333333
900.666667 248.666667
905.666667 240.000000
911.000000 231.000000
917.000000 222.333333
923.000000 213.666667
929.666667 205.000000
936.666667 196.000000
944.000000 187.000000
951.000000 178.333333
958.333333 170.000000
966.333333 162.333333
975.000000 155.333333
983.666667 148.666667
992.666667 141.666667
1002.000000 134.333333
1012.000000 127.000000
1022.000000 120.000000
1032.000000 113.666667
1042.333333 107.666667
1053.000000 102.666667
1063.666667 98.000000
1074.000000 94.333333
1084.000000 91.333333
1094.333333 88.666667
1105.000000 86.666667
1116.000000 85.000000
1130.666667 84.666667
1145.666667 85.333333
1160.666667 87.333333
1171.666667 90.000000
1182.000000 93.333333
1192.333333 97.666667
1202.666667 103.333333
1212.666667 110.000000
1221.666667 117.000000
1229.666667 124.333333
1237.000000 132.333333
1243.666667 141.000000
1250.000000 150.333333
1255.333333 159.666667
1260.333333 169.000000
1264.333333 178.333333
1268.000000 188.333333
1271.000000 199.333333
1273.333333 210.666667
1275.000000 222.000000
1276.000000 234.000000
1276.666667 246.666667
1277.000000 260.000000
1276.666667 273.333333
1276.000000 287.000000
1274.666667 300.666667
1273.000000 314.333333
1270.666667 328.333333
1268.000000 342.666667
1265.000000 356.666667
1261.666667 370.333333
1258.000000 384.000000
1254.000000 398.000000
1249.666667 411.666667
1244.666667 425.666667
1238.666667 439.666667
1232.000000 454.000000
1225.000000 468.333333
1218.000000 482.666667
1211.000000 497.333333
1203.666667 512.000000
1195.666667 527.000000
1186.666667 541.666667
1177.333333 555.666667
1167.666667 569.666667
1157.666667 583.333333
1146.666667 597.000000
1135.000000 610.000000
1122.333333 623.000000
1108.666667 636.000000
1094.333333 648.666667
1079.333333 661.000000
1063.666667 673.333333
1047.666667 685.666667
1031.666667 697.666667
1015.666667 709.000000
1000.333333 719.666667
986.000000 730.000000
973.333333 740.000000
961.333333 749.333333
950.666667 757.333333
941.333333 764.000000
933.666667 769.666667
927.333333 774.666667
922.333333 778.666667
918.333333 781.333333
915.666667 783.333333
914.000000 784.666667
912.666667 785.333333
911.333333 784.666667
910.333333 783.333333
909.666667 781.666667
909.333333 779.333333
