913.666667 189.333333
921.000000 188.000000
929.000000 187.000000
936.666667 185.666667
947.666667 184.333333
959.666667 183.000000
972.333333 182.666667
985.000000 183.000000
997.000000 184.000000
1009.000000 185.333333
1018.000000 187.000000
1026.666667 189.333333
1034.666667 191.666667
1042.333333 194.333333
1049.666667 197.333333
1057.666667 201.000000
1065.666667 205.000000
1073.666667 209.333333
1081.000000 214.000000
1087.666667 219.333333
1094.000000 224.666667
1100.333333 230.333333
1107.000000 236.000000
1114.000000 242.000000
1120.666667 248.333333
1127.000000 255.000000
1133.000000 262.000000
1138.666667 269.000000
1143.666667 275.666667
1148.333333 282.333333
1152.666667 289.000000
1157.333333 296.333333
1162.000000 304.000000
1167.000000 311.666667
1172.000000 319.333333
1176.666667 327.333333
1181.000000 335.666667
1185.000000 344.333333
1188.333333 353.000000
1191.333333 361.666667
1193.666667 370.000000
1196.000000 378.000000
1198.000000 386.000000
1199.666667 393.666667
1201.333333 401.000000
1202.666667 408.000000
1204.000000 415.000000
1205.000000 421.666667
1205.666667 428.000000
1206.333333 434.333333
1207.000000 441.333333
1207.666667 448.666667
1208.000000 456.333333
1208.000000 464.000000
1208.000000 471.333333
1208.333333 478.666667
1208.666667 485.666667
1208.666667 493.333333
1208.333333 500.666667
1207.666667 508.000000
1207.000000 515.000000
1206.000000 522.000000
1205.000000 529.000000
1203.666667 536.000000
1202.333333 543.333333
1200.666667 550.666667
1199.000000 558.000000
1196.666667 565.000000
1194.000000 572.000000
1191.000000 579.000000
1187.666667 586.000000
1184.000000 593.333333
1180.000000 600.333333
1176.000000 607.333333
1171.666667 613.666667
1167.333333 620.000000
1163.000000 626.000000
1159.000000 632.000000
1155.000000 638.333333
1150.666667 644.666667
1145.666667 651.333333
1140.000000 657.666667
1134.000000 664.000000
1128.000000 670.000000
1122.000000 676.000000
1116.000000 682.000000
1110.000000 688.333333
1104.333333 694.666667
1098.333333 701.000000
1092.333333 707.333333
1085.666667 713.666667
1079.333333 719.666667
1073.000000 725.000000
1067.000000 730.333333
1061.000000 736.000000
1054.666667 742.000000
1047.666667 748.333333
1040.000000 754.666667
1032.000000 761.000000
1024.333333 766.666667
1016.666667 772.333333
1008.666667 778.000000
999.666667 784.000000
990.666667 790.333333
982.000000 796.333333
974.333333 802.333333
966.666667 807.666667
959.333333 813.000000
951.666667 817.666667
944.333333 822.000000
937.000000 826.000000
930.666667 829.333333
925.666667 832.000000
922.000000 834.000000
919.333333 835.666667
917.333333 837.000000
916.000000 838.000000
915.000000 838.333333
