687.000000 366.333333
686.666667 360.666667
686.333333 355.000000
685.666667 348.333333
684.666667 341.333333
683.333333 333.333333
681.666667 325.000000
679.666667 315.666667
677.000000 306.000000
674.000000 295.666667
671.000000 285.000000
668.000000 274.333333
664.666667 264.333333
661.000000 254.666667
657.000000 245.666667
653.000000 237.000000
649.333333 229.666667
645.666667 223.000000
642.000000 217.333333
638.333333 212.000000
635.000000 207.666667
632.000000 203.666667
628.666667 200.333333
624.666667 196.666667
620.333333 193.666667
615.666667 190.333333
610.666667 187.333333
605.333333 184.000000
599.666667 181.333333
594.333333 179.000000
589.000000 176.666667
584.000000 174.333333
577.333333 171.333333
570.333333 169.000000
563.000000 167.000000
551.333333 166.666667
540.000000 167.000000
528.666667 168.000000
523.000000 169.333333
517.000000 171.000000
511.333333 173.000000
506.000000 175.000000
501.000000 177.000000
496.333333 179.000000
492.000000 181.333333
486.333333 185.000000
480.666667 189.000000
475.333333 193.000000
471.666667 196.000000
468.333333 199.000000
465.000000 202.000000
462.000000 205.000000
459.000000 208.000000
456.000000 211.000000
453.000000 214.000000
450.333333 217.333333
447.666667 221.000000
445.333333 225.000000
443.000000 229.333333
441.000000 234.000000
439.000000 239.000000
437.000000 244.333333
434.666667 250.000000
432.333333 256.333333
430.000000 262.666667
428.000000 269.000000
426.000000 275.333333
424.000000 281.666667
422.333333 288.000000
421.000000 294.333333
419.666667 303.000000
418.666667 311.666667
417.666667 320.000000
417.333333 326.000000
417.333333 332.000000
417.666667 338.000000
418.333333 344.000000
419.000000 350.000000
420.000000 356.333333
421.000000 363.000000
422.333333 369.666667
423.666667 376.333333
425.333333 383.000000
427.000000 390.000000
429.000000 397.333333
431.000000 404.666667
433.000000 412.333333
435.333333 420.000000
437.666667 428.000000
440.333333 436.333333
443.333333 444.666667
447.000000 453.000000
451.000000 461.000000
455.000000 468.666667
459.000000 476.333333
463.000000 484.000000
467.000000 491.666667
471.000000 499.333333
475.000000 507.000000
479.333333 515.000000
484.000000 522.666667
489.333333 530.666667
495.333333 539.000000
501.666667 548.000000
508.333333 557.000000
515.000000 566.333333
521.666667 576.000000
528.333333 586.000000
535.000000 596.000000
542.000000 606.000000
549.000000 616.000000
556.000000 626.333333
563.000000 637.333333
570.000000 648.666667
577.000000 660.333333
584.333333 672.000000
591.666667 683.666667
599.333333 694.666667
606.666667 705.333333
614.000000 715.666667
621.000000 726.000000
627.666667 735.333333
634.333333 744.000000
641.000000 751.666667
647.666667 759.000000
654.000000 766.000000
660.000000 772.666667
665.333333 779.000000
670.000000 785.000000
674.000000 790.666667
677.666667 795.666667
680.666667 800.000000
683.000000 803.666667
684.666667 807.000000
686.000000 810.000000
687.000000 813.000000
687.666667 815.333333
688.333333 817.333333
688.666667 819.000000
689.000000 820.666667
689.000000 822.000000
689.000000 823.000000
