598.000000 150.000000
579.000000 151.333333
570.000000 152.666667
563.000000 154.666667
556.000000 156.666667
549.333333 159.333333
542.666667 162.000000
536.333333 165.333333
529.333333 169.000000
522.333333 173.000000
515.000000 177.333333
508.000000 182.000000
501.000000 186.666667
494.333333 191.333333
488.333333 196.000000
482.666667 201.333333
477.000000 207.333333
471.000000 213.666667
465.000000 220.333333
459.333333 226.666667
454.000000 233.333333
449.333333 239.666667
445.000000 246.000000
441.333333 252.333333
438.000000 258.666667
435.000000 265.333333
432.333333 272.000000
429.666667 279.333333
427.333333 286.666667
425.000000 294.666667
423.000000 303.000000
421.333333 311.666667
419.666667 320.333333
418.333333 329.000000
417.000000 338.000000
416.333333 346.666667
415.666667 355.000000
415.333333 363.000000
415.000000 370.333333
415.000000 377.333333
415.000000 383.333333
415.000000 389.666667
415.333333 395.666667
415.666667 402.000000
416.000000 408.000000
416.333333 414.000000
417.000000 420.333333
417.666667 427.000000
418.333333 434.000000
419.000000 441.333333
420.000000 449.000000
421.000000 456.666667
422.333333 464.000000
423.666667 471.000000
425.000000 478.000000
426.333333 484.666667
428.000000 491.333333
430.000000 497.666667
432.000000 504.000000
434.333333 510.000000
436.666667 515.666667
439.333333 521.333333
442.333333 526.666667
446.000000 532.333333
450.000000 538.000000
454.333333 544.333333
459.000000 551.000000
463.666667 558.000000
468.333333 564.666667
473.000000 571.333333
478.333333 577.666667
484.000000 584.333333
490.666667 591.000000
497.666667 598.000000
505.000000 605.000000
512.000000 611.666667
519.333333 618.000000
527.000000 624.000000
535.333333 630.000000
544.000000 636.333333
552.666667 642.666667
561.000000 649.000000
569.000000 655.000000
577.666667 661.333333
586.666667 667.333333
595.666667 673.333333
603.666667 678.666667
611.000000 684.000000
618.000000 689.333333
625.000000 694.666667
632.000000 699.666667
639.000000 704.333333
645.666667 708.666667
652.000000 713.000000
657.666667 716.666667
663.333333 720.333333
668.666667 723.666667
674.000000 727.000000
679.000000 730.000000
684.000000 733.000000
688.333333 735.666667
691.666667 737.666667
694.000000 739.000000
695.666667 740.000000
697.333333 741.000000
