678.666667 335.666667
677.333333 328.000000
675.666667 319.666667
674.000000 311.000000
671.666667 301.666667
668.666667 292.000000
664.666667 282.000000
660.000000 271.666667
655.000000 261.000000
649.666667 250.333333
644.000000 240.000000
638.000000 230.333333
632.000000 221.000000
626.000000 212.333333
620.000000 204.000000
614.000000 196.666667
608.000000 190.000000
602.000000 184.000000
596.333333 178.666667
591.000000 173.666667
586.000000 169.666667
581.000000 166.000000
575.666667 163.000000
570.000000 160.000000
564.000000 157.333333
558.000000 154.666667
552.000000 152.333333
546.000000 150.000000
540.333333 148.000000
534.666667 146.333333
529.333333 144.666667
521.666667 143.333333
507.666667 142.666667
493.666667 143.000000
482.000000 144.333333
477.000000 146.000000
472.000000 148.333333
467.000000 151.000000
462.000000 154.333333
457.333333 158.333333
452.666667 163.000000
448.333333 168.000000
444.000000 173.333333
440.000000 179.000000
436.333333 185.333333
433.000000 191.666667
430.000000 198.333333
427.333333 205.000000
424.666667 212.000000
422.333333 218.666667
420.000000 225.333333
417.666667 232.000000
415.000000 239.000000
412.333333 246.333333
410.000000 253.666667
408.000000 261.000000
406.333333 268.000000
405.000000 275.000000
404.000000 282.000000
403.333333 288.666667
403.000000 295.333333
403.000000 302.000000
403.333333 308.666667
404.333333 315.000000
406.000000 321.333333
408.000000 327.666667
410.000000 334.666667
412.666667 342.000000
415.333333 350.000000
418.333333 358.333333
421.000000 366.666667
424.000000 375.000000
427.000000 382.666667
430.000000 390.333333
433.000000 398.000000
436.333333 405.666667
440.000000 413.333333
444.333333 421.333333
449.333333 430.000000
455.000000 439.000000
460.666667 448.333333
466.333333 457.666667
472.000000 467.666667
478.333333 478.333333
484.666667 490.000000
491.333333 501.666667
498.000000 513.666667
505.000000 525.666667
511.666667 538.333333
518.000000 550.666667
524.333333 563.000000
531.333333 575.000000
539.000000 587.000000
547.000000 598.666667
555.000000 610.333333
563.333333 621.666667
572.000000 633.333333
581.000000 645.000000
590.000000 656.666667
599.000000 668.000000
608.000000 679.000000
616.666667 689.666667
624.666667 700.000000
632.666667 709.333333
640.333333 718.000000
648.000000 726.000000
655.000000 734.000000
661.666667 741.333333
668.333333 748.333333
674.666667 754.333333
680.666667 760.000000
686.333333 764.666667
691.666667 769.000000
696.666667 772.666667
701.000000 775.666667
704.333333 777.666667
707.000000 779.000000
708.666667 780.000000
710.333333 781.000000
