716.333333 200.000000
709.666667 198.666667
702.000000 197.333333
684.000000 197.000000
665.333333 198.333333
646.000000 201.000000
636.333333 204.333333
626.666667 208.666667
617.000000 213.666667
607.333333 219.000000
598.000000 224.666667
589.000000 230.666667
580.000000 237.333333
571.333333 244.000000
562.666667 251.000000
554.333333 258.333333
546.333333 265.666667
539.000000 273.666667
532.000000 282.000000
525.333333 291.333333
519.000000 300.666667
513.000000 310.666667
507.666667 320.666667
502.666667 331.333333
498.333333 342.333333
494.333333 353.333333
491.333333 364.000000
488.666667 374.333333
486.333333 384.666667
484.333333 395.333333
483.000000 406.000000
482.000000 417.000000
481.333333 428.000000
481.000000 439.000000
481.333333 450.000000
482.000000 461.000000
483.333333 472.000000
485.333333 483.000000
488.000000 494.000000
491.666667 505.000000
496.333333 516.333333
502.333333 528.000000
508.666667 540.000000
515.666667 552.333333
523.333333 564.666667
532.333333 577.000000
542.333333 589.333333
553.000000 601.666667
564.666667 614.000000
577.000000 626.000000
590.000000 637.666667
603.000000 649.000000
616.000000 660.000000
629.000000 670.333333
641.333333 680.000000
653.333333 688.666667
665.000000 697.000000
677.000000 705.000000
688.666667 712.666667
700.000000 720.333333
710.666667 727.666667
721.000000 735.000000
730.000000 741.000000
737.333333 746.000000
742.666667 749.666667
746.666667 752.666667
749.666667 754.666667
751.666667 756.000000
753.000000 756.333333
753.666667 756.000000
