802.333333 292.333333
830.000000 294.333333
858.333333 296.333333
886.666667 297.666667
915.333333 299.000000
943.666667 300.000000
971.666667 301.000000
998.666667 302.000000
1024.666667 303.000000
1058.000000 304.000000
1097.000000 305.000000
1140.333333 306.000000
1173.666667 307.000000
1198.000000 308.000000
1214.666667 309.333333
1230.000000 311.000000
1244.666667 313.000000
1258.333333 315.000000
1270.333333 317.333333
1281.000000 319.666667
1291.000000 322.000000
1300.666667 324.000000
1309.666667 326.000000
1318.333333 328.000000
1326.000000 329.666667
1333.000000 331.333333
