1345.666667 197.666667
1329.666667 203.333333
1312.333333 209.000000
1293.666667 214.666667
1273.000000 220.000000
1250.666667 224.666667
1227.000000 229.000000
1201.666667 232.333333
1175.000000 235.333333
1146.333333 238.000000
1116.666667 240.666667
1086.000000 243.333333
1054.666667 246.000000
1022.333333 249.000000
989.333333 252.000000
956.000000 255.333333
922.666667 259.000000
888.666667 263.000000
853.666667 267.333333
818.333333 272.000000
782.333333 277.000000
745.666667 282.000000
708.000000 287.333333
670.333333 293.000000
633.000000 299.333333
596.333333 306.000000
560.333333 313.000000
526.000000 319.666667
493.333333 325.666667
463.333333 331.000000
435.666667 336.000000
410.666667 340.666667
388.333333 344.666667
368.333333 348.000000
350.666667 351.000000
334.666667 354.000000
321.333333 356.333333
