622.333333 266.000000
625.333333 256.333333
629.333333 246.000000
634.333333 235.000000
640.333333 224.000000
647.666667 213.000000
655.666667 201.666667
664.666667 190.000000
674.333333 178.666667
685.000000 168.000000
696.666667 158.000000
709.000000 148.333333
722.000000 139.333333
735.000000 131.333333
748.000000 124.333333
762.000000 118.333333
776.333333 113.333333
792.000000 109.333333
807.666667 106.333333
828.666667 105.000000
849.333333 105.666667
869.333333 108.666667
883.666667 113.666667
896.666667 120.333333
909.333333 128.000000
921.333333 136.666667
932.666667 146.666667
942.333333 158.000000
950.666667 171.000000
957.666667 185.333333
963.333333 201.000000
967.666667 217.333333
970.666667 234.666667
972.333333 252.666667
973.000000 271.666667
972.333333 291.000000
970.666667 311.000000
967.666667 331.000000
963.666667 350.666667
959.000000 370.000000
953.333333 389.000000
946.666667 408.000000
938.666667 427.000000
930.000000 445.666667
920.333333 464.666667
909.333333 483.666667
897.000000 503.333333
883.333333 523.000000
868.666667 543.000000
852.666667 563.333333
835.666667 583.333333
817.000000 603.333333
796.666667 622.666667
774.666667 641.666667
751.666667 660.000000
729.000000 677.333333
706.000000 693.666667
684.666667 708.000000
665.666667 720.666667
651.333333 731.333333
640.666667 741.000000
632.333333 749.666667
626.000000 757.666667
621.333333 764.666667
618.333333 770.333333
616.666667 774.666667
615.666667 777.333333
615.333333 779.333333
615.000000 780.666667
615.666667 780.333333
