796.333333 171.666667
818.333333 173.333333
835.666667 174.666667
848.666667 176.333333
861.666667 178.000000
875.000000 179.666667
888.333333 181.333333
902.000000 183.000000
916.000000 185.000000
930.000000 186.666667
944.333333 188.333333
959.000000 190.000000
974.000000 192.000000
989.333333 194.000000
1005.333333 196.000000
1022.000000 198.000000
1039.000000 200.000000
1056.333333 202.333333
1073.666667 205.000000
1091.333333 208.000000
1108.666667 211.333333
1125.666667 214.666667
1142.333333 218.000000
1158.333333 221.333333
1173.666667 224.333333
1188.000000 227.333333
1202.000000 230.000000
1215.333333 233.000000
1228.000000 235.666667
1240.000000 238.333333
1252.000000 241.000000
1263.666667 244.000000
1275.000000 247.000000
1285.666667 250.333333
1296.333333 254.333333
1307.000000 259.000000
1317.000000 263.666667
1326.000000 268.333333
1333.666667 272.666667
1340.666667 277.000000
1347.333333 280.666667
1353.333333 284.000000
1359.333333 287.000000
1364.333333 289.666667
1369.000000 291.666667
1372.666667 293.333333
1375.333333 294.666667
1377.666667 296.000000
