654.333333 230.000000
644.000000 232.666667
633.666667 236.000000
623.000000 240.333333
612.000000 245.333333
601.333333 251.000000
591.000000 257.333333
581.333333 264.000000
572.000000 271.000000
563.000000 278.333333
554.666667 286.000000
547.000000 294.666667
540.333333 303.666667
534.000000 313.333333
528.333333 322.666667
523.333333 332.666667
518.666667 342.666667
514.333333 353.000000
510.000000 362.666667
506.333333 372.000000
503.333333 380.666667
500.666667 389.000000
498.666667 397.000000
496.666667 405.000000
495.333333 413.000000
494.333333 421.333333
494.000000 430.333333
494.000000 440.000000
494.333333 450.000000
495.333333 459.666667
496.666667 469.333333
498.333333 478.666667
500.000000 487.666667
502.000000 496.333333
504.333333 504.666667
507.000000 512.666667
510.333333 520.333333
513.666667 527.333333
517.333333 534.666667
520.666667 541.666667
524.333333 549.333333
528.000000 556.666667
532.000000 564.000000
536.333333 571.000000
541.000000 578.000000
546.333333 585.333333
551.666667 592.666667
557.333333 600.000000
562.666667 607.000000
568.000000 614.000000
573.000000 620.666667
578.333333 627.333333
584.000000 634.000000
590.333333 641.000000
596.666667 647.666667
603.333333 654.333333
609.333333 660.666667
615.333333 667.000000
621.333333 673.000000
627.666667 679.000000
634.000000 684.666667
640.333333 690.333333
646.666667 695.666667
653.000000 701.333333
658.666667 706.666667
664.333333 712.000000
670.333333 716.666667
676.666667 721.000000
683.000000 725.000000
689.000000 728.666667
694.666667 732.000000
700.333333 735.000000
705.666667 737.666667
711.000000 740.333333
716.333333 742.666667
722.000000 745.333333
728.000000 748.000000
734.000000 750.666667
740.000000 753.000000
746.000000 755.000000
751.666667 756.666667
757.000000 758.000000
761.666667 759.000000
766.000000 760.000000
771.666667 760.333333
776.333333 760.000000
780.000000 759.000000
780.666667 757.333333
781.000000 754.333333
780.666667 749.333333
