725.000000 342.666667
724.666667 339.000000
724.333333 335.000000
724.000000 330.666667
724.000000 326.000000
724.000000 321.333333
723.666667 316.666667
723.333333 312.333333
723.000000 308.000000
722.666667 304.000000
721.666667 299.666667
720.333333 295.000000
718.000000 289.666667
715.000000 283.666667
710.666667 277.000000
706.000000 270.000000
700.666667 263.000000
695.000000 256.000000
688.666667 249.000000
682.333333 241.333333
675.666667 233.333333
668.666667 225.333333
660.666667 217.666667
652.000000 210.333333
643.000000 203.000000
633.333333 196.000000
622.666667 189.333333
611.333333 183.333333
599.333333 178.000000
586.333333 173.333333
572.666667 169.666667
558.666667 167.333333
545.000000 166.000000
531.000000 165.666667
517.333333 166.000000
504.333333 167.333333
492.000000 169.666667
480.333333 172.666667
469.333333 176.333333
459.333333 180.333333
450.333333 185.333333
442.000000 191.000000
434.333333 197.333333
427.000000 204.333333
420.333333 212.000000
414.000000 220.333333
408.666667 229.000000
403.666667 238.333333
399.666667 248.000000
396.333333 258.333333
394.000000 269.333333
392.333333 280.666667
391.666667 292.000000
392.000000 303.333333
393.666667 315.000000
396.666667 327.333333
401.333333 340.333333
407.000000 353.666667
413.333333 367.333333
420.666667 381.000000
429.333333 395.333333
439.666667 410.666667
450.666667 426.333333
462.666667 442.333333
475.333333 458.333333
489.000000 475.333333
503.333333 493.333333
518.000000 512.000000
533.333333 531.000000
548.666667 550.000000
564.666667 569.333333
580.666667 588.333333
597.000000 607.000000
613.000000 625.000000
628.666667 642.333333
644.000000 658.666667
659.000000 674.000000
673.333333 688.333333
686.666667 701.666667
698.666667 714.000000
710.000000 725.666667
720.000000 737.000000
728.333333 747.000000
734.333333 755.666667
738.666667 763.000000
741.666667 769.333333
743.666667 775.000000
745.000000 779.666667
745.666667 783.333333
745.666667 786.000000
745.333333 788.000000
744.666667 789.666667
