928.333333 332.000000
929.000000 329.000000
929.666667 326.000000
930.333333 322.666667
931.000000 319.333333
932.000000 315.666667
933.000000 312.333333
934.000000 309.000000
935.333333 305.666667
937.000000 302.000000
939.000000 298.333333
940.666667 295.333333
942.333333 292.333333
943.666667 289.333333
945.333333 285.666667
946.666667 281.666667
948.333333 277.000000
950.000000 272.333333
952.000000 267.666667
954.000000 263.000000
956.000000 258.333333
958.000000 254.000000
960.000000 250.000000
962.333333 246.333333
965.000000 242.666667
967.666667 239.000000
970.333333 235.000000
973.333333 231.000000
976.666667 227.000000
980.666667 223.000000
984.666667 219.000000
989.000000 215.000000
993.000000 211.000000
997.000000 207.333333
1000.666667 203.666667
1004.333333 200.333333
1008.333333 197.000000
1012.666667 194.000000
1017.333333 191.000000
1022.000000 188.333333
1026.666667 185.666667
1031.000000 183.333333
1035.000000 180.666667
1039.000000 178.333333
1043.000000 176.000000
1046.666667 174.000000
1050.000000 172.000000
1053.333333 170.000000
1056.666667 168.333333
1060.000000 167.000000
1063.000000 166.000000
1066.333333 165.000000
1069.333333 164.000000
1073.666667 163.000000
1080.000000 162.000000
1090.333333 161.666667
1102.333333 162.333333
1112.333333 163.666667
1119.000000 165.333333
1122.666667 166.666667
1126.000000 168.333333
1129.000000 170.333333
1131.666667 172.666667
1134.000000 175.000000
1136.333333 177.333333
1138.666667 180.000000
1141.000000 182.666667
1142.666667 185.333333
1144.333333 187.666667
1146.000000 190.333333
1148.000000 193.333333
1150.333333 196.666667
1152.666667 200.333333
1155.333333 204.000000
1158.000000 208.000000
1161.000000 212.000000
1163.666667 216.000000
1166.666667 220.000000
1169.666667 224.000000
1173.000000 228.000000
1175.666667 232.000000
1178.000000 235.666667
1180.333333 239.333333
1182.333333 242.666667
1184.333333 246.000000
1186.000000 249.000000
1187.666667 252.000000
1189.000000 255.000000
1190.333333 258.333333
1191.666667 261.666667
1193.333333 265.333333
1194.666667 269.000000
1196.000000 272.666667
1197.000000 276.333333
1198.000000 280.000000
1199.000000 283.666667
1200.000000 287.000000
1201.000000 290.333333
1202.000000 295.000000
1203.000000 300.000000
1203.666667 305.000000
1204.333333 309.000000
1204.666667 313.000000
1205.000000 316.666667
1205.000000 320.333333
1205.000000 323.666667
1205.333333 327.333333
1205.666667 330.666667
1206.000000 334.333333
1206.000000 338.000000
1206.000000 342.000000
1206.333333 345.666667
1206.666667 349.333333
1207.000000 352.666667
1207.000000 356.333333
1207.000000 359.666667
1207.000000 363.000000
1207.000000 366.000000
1207.000000 369.000000
1207.000000 372.000000
1206.666667 375.000000
1206.333333 378.000000
1205.666667 381.000000
1205.333333 384.000000
1204.666667 387.333333
1204.000000 390.666667
1203.000000 396.000000
1201.666667 401.666667
1200.333333 407.666667
1199.000000 412.333333
1198.000000 417.000000
1197.000000 422.000000
1195.666667 427.333333
1194.000000 432.666667
1192.000000 438.333333
1190.000000 444.000000
1187.666667 450.333333
1185.000000 456.333333
1182.000000 462.666667
1179.000000 468.666667
1176.000000 475.000000
1173.000000 481.000000
1169.666667 487.000000
1166.333333 493.000000
1163.000000 499.333333
1160.000000 505.666667
1157.000000 512.333333
1154.000000 518.333333
1151.000000 524.666667
1147.666667 530.666667
1144.333333 537.000000
1140.666667 543.000000
1136.666667 549.000000
1132.000000 555.000000
1126.666667 561.000000
1121.333333 567.000000
1116.000000 572.666667
1110.333333 578.666667
1104.000000 585.333333
1097.000000 593.000000
1090.000000 601.000000
1083.000000 609.000000
1076.000000 617.000000
1069.666667 625.000000
1063.666667 633.333333
1058.000000 642.000000
1052.000000 650.666667
1045.666667 659.000000
1039.333333 667.000000
1032.666667 675.000000
1026.000000 683.333333
1019.333333 692.333333
1013.000000 701.666667
1006.333333 711.333333
999.000000 721.000000
991.000000 731.333333
983.333333 742.000000
976.000000 753.000000
969.000000 764.333333
961.666667 776.000000
954.000000 787.666667
946.000000 799.000000
935.666667 813.333333
926.000000 827.000000
917.000000 839.666667
911.666667 847.666667
906.333333 854.666667
901.000000 860.666667
895.666667 865.333333
891.000000 868.666667
887.666667 871.000000
885.333333 872.666667
883.333333 874.000000
