837.000000 361.666667
837.000000 359.666667
837.333333 357.333333
837.666667 355.000000
838.333333 353.000000
839.333333 350.666667
840.666667 348.000000
842.000000 345.000000
843.333333 342.000000
844.666667 339.000000
846.000000 335.666667
847.333333 332.333333
848.666667 328.666667
850.000000 325.333333
851.000000 322.000000
852.000000 319.000000
853.000000 315.666667
854.000000 312.666667
855.000000 309.666667
856.000000 307.333333
856.666667 305.000000
857.333333 303.000000
857.666667 301.000000
858.333333 299.000000
859.000000 296.666667
860.000000 294.333333
861.000000 291.666667
862.000000 289.000000
863.000000 286.000000
864.000000 282.666667
865.333333 279.333333
866.666667 276.000000
868.000000 272.666667
869.000000 269.333333
870.333333 266.000000
871.666667 263.000000
873.000000 260.333333
874.333333 257.666667
875.666667 255.333333
877.333333 253.000000
879.000000 251.000000
881.333333 248.666667
884.000000 246.333333
887.000000 243.666667
890.333333 241.000000
893.666667 238.000000
897.000000 235.000000
900.333333 232.000000
903.666667 229.000000
907.000000 225.666667
910.333333 222.333333
913.666667 218.666667
917.333333 215.333333
921.333333 211.666667
926.000000 208.666667
931.000000 205.666667
936.000000 203.000000
941.000000 200.333333
946.000000 198.000000
950.666667 196.333333
955.333333 194.666667
960.000000 193.333333
965.000000 192.000000
970.000000 191.000000
975.333333 190.000000
981.000000 189.000000
988.333333 188.000000
1004.000000 187.666667
1021.666667 188.000000
1037.666667 189.000000
1045.333333 190.000000
1050.666667 191.000000
1056.333333 192.333333
1062.000000 194.000000
1068.000000 195.666667
1073.666667 197.666667
1079.000000 199.666667
1084.000000 202.000000
1088.666667 204.333333
1093.000000 207.000000
1096.666667 210.000000
1100.000000 213.333333
1103.333333 217.000000
1106.666667 221.333333
1110.333333 225.666667
1113.666667 230.000000
1117.333333 234.333333
1120.666667 239.333333
1124.333333 245.000000
1127.666667 251.000000
1131.000000 257.333333
1134.000000 263.666667
1136.666667 270.000000
1139.000000 276.000000
1141.000000 281.666667
1142.666667 287.333333
1144.000000 292.666667
1145.000000 298.000000
1146.000000 303.333333
1147.000000 308.666667
1147.666667 314.000000
1148.333333 319.000000
1148.666667 324.000000
1149.000000 329.000000
1149.000000 334.000000
1149.000000 339.333333
1148.666667 345.000000
1148.333333 351.000000
1147.666667 356.666667
1147.000000 362.333333
1146.000000 368.000000
1145.000000 373.666667
1143.666667 379.333333
1142.000000 384.666667
1140.000000 390.333333
1137.666667 396.333333
1135.000000 403.000000
1131.666667 410.000000
1128.000000 417.000000
1124.000000 424.000000
1119.666667 431.000000
1115.333333 438.333333
1111.000000 446.000000
1107.000000 454.333333
1102.666667 462.666667
1098.000000 471.000000
1092.666667 479.666667
1086.666667 489.000000
1080.333333 499.000000
1074.000000 509.000000
1068.000000 519.000000
1061.666667 529.666667
1055.333333 540.666667
1048.666667 552.000000
1041.666667 562.666667
1034.000000 573.333333
1026.333333 584.333333
1019.000000 595.666667
1011.666667 607.000000
1003.666667 618.333333
994.666667 630.333333
985.333333 643.000000
975.666667 656.333333
965.333333 670.333333
954.333333 684.666667
943.000000 699.000000
932.333333 713.333333
921.666667 728.000000
911.333333 742.333333
901.000000 756.333333
891.333333 770.000000
882.666667 783.333333
875.333333 795.666667
867.333333 809.333333
859.333333 821.666667
850.666667 832.666667
843.666667 839.333333
837.666667 845.000000
833.333333 849.333333
830.000000 853.000000
827.333333 855.666667
825.333333 857.666667
823.666667 859.000000
822.666667 860.000000
821.666667 861.000000
