652.000000 359.666667
652.000000 358.333333
652.000000 356.666667
652.000000 355.333333
652.000000 354.000000
652.000000 353.000000
652.000000 351.666667
652.000000 350.333333
651.666667 348.333333
651.333333 346.666667
651.000000 344.333333
651.000000 342.333333
651.000000 339.333333
651.000000 336.333333
650.666667 332.666667
650.333333 329.000000
650.000000 325.000000
650.000000 321.000000
650.000000 317.000000
649.666667 313.333333
649.333333 309.666667
649.000000 306.000000
648.666667 302.333333
648.000000 298.666667
647.000000 295.000000
646.000000 291.000000
644.666667 286.666667
643.333333 282.333333
641.666667 277.666667
640.000000 273.000000
638.000000 268.000000
636.000000 263.333333
634.000000 258.666667
632.000000 254.333333
630.000000 250.333333
627.666667 246.666667
625.333333 243.000000
623.000000 239.000000
620.666667 235.000000
618.000000 231.000000
615.000000 227.333333
612.000000 223.666667
609.000000 220.333333
605.666667 216.666667
602.333333 213.000000
598.333333 209.333333
594.333333 205.666667
590.333333 202.333333
586.666667 199.333333
583.333333 196.666667
579.666667 194.000000
576.000000 191.000000
572.000000 188.333333
568.000000 186.000000
564.000000 183.666667
559.666667 181.333333
555.333333 179.000000
551.000000 177.333333
547.000000 175.666667
543.000000 174.000000
539.000000 172.333333
535.000000 170.666667
531.000000 169.333333
526.666667 167.666667
521.333333 166.333333
513.333333 165.000000
505.000000 164.666667
495.000000 165.333333
487.333333 166.666667
479.666667 168.333333
474.000000 170.333333
468.000000 173.000000
462.000000 175.666667
456.000000 178.333333
450.333333 181.000000
445.000000 184.000000
440.000000 187.000000
435.333333 190.000000
430.666667 193.000000
426.000000 195.666667
421.000000 198.333333
416.000000 201.000000
411.000000 204.000000
406.333333 207.000000
402.333333 209.666667
398.666667 212.333333
395.666667 214.666667
392.666667 217.333333
390.333333 220.000000
388.000000 223.000000
386.000000 225.666667
384.333333 228.333333
383.000000 231.000000
381.666667 234.000000
380.333333 237.000000
378.666667 241.666667
377.000000 247.000000
375.333333 253.000000
374.000000 258.000000
373.000000 263.000000
372.333333 268.333333
371.666667 273.666667
371.333333 278.666667
371.000000 285.333333
371.333333 292.333333
372.000000 299.666667
373.000000 305.333333
373.666667 311.000000
374.333333 316.666667
375.000000 322.000000
376.000000 327.000000
377.000000 331.666667
377.666667 336.333333
378.333333 341.000000
379.000000 346.000000
379.666667 351.000000
380.333333 356.000000
381.000000 360.666667
382.000000 365.333333
383.000000 369.666667
384.333333 374.333333
386.000000 378.666667
387.666667 383.000000
389.333333 387.000000
391.000000 391.333333
393.333333 395.666667
395.666667 400.333333
398.333333 405.000000
400.666667 410.000000
403.333333 415.333333
405.666667 420.666667
408.000000 426.000000
410.333333 431.333333
412.666667 436.666667
415.333333 442.333333
417.666667 447.666667
420.000000 453.333333
422.333333 458.666667
424.666667 464.333333
427.000000 469.666667
429.333333 475.000000
432.000000 480.333333
435.333333 486.000000
439.000000 492.333333
443.000000 499.000000
447.333333 506.333333
451.666667 513.666667
456.333333 521.333333
460.666667 528.666667
465.000000 536.333333
468.666667 543.333333
471.666667 550.333333
474.333333 556.666667
476.666667 563.000000
478.666667 568.666667
480.333333 574.000000
482.000000 579.000000
484.000000 583.666667
486.333333 588.333333
489.000000 593.333333
492.000000 598.666667
495.000000 604.333333
498.000000 610.000000
501.333333 615.666667
504.666667 621.000000
508.333333 626.000000
512.000000 631.000000
515.666667 635.666667
519.333333 640.000000
523.000000 644.000000
527.333333 648.000000
532.000000 652.333333
537.000000 656.666667
542.333333 660.666667
547.666667 664.333333
553.000000 668.000000
558.000000 672.000000
563.000000 676.000000
568.333333 680.333333
574.000000 685.000000
580.000000 690.000000
586.333333 695.333333
592.666667 700.666667
599.000000 706.000000
604.666667 711.000000
610.333333 716.000000
615.666667 721.000000
621.000000 726.000000
625.666667 730.666667
630.333333 735.000000
635.000000 739.000000
640.000000 743.000000
645.000000 747.000000
649.333333 750.666667
653.333333 754.333333
657.000000 757.666667
660.333333 760.666667
663.000000 762.666667
664.666667 764.333333
666.000000 765.666667
667.000000 767.000000
668.000000 767.333333
