706.666667 378.333333
704.000000 371.666667
701.000000 365.000000
697.333333 358.000000
693.333333 351.000000
688.333333 343.666667
683.000000 336.000000
676.666667 328.333333
669.666667 320.666667
661.666667 312.666667
653.000000 304.333333
643.666667 296.000000
633.666667 288.000000
622.333333 280.000000
610.666667 272.333333
598.333333 264.666667
585.666667 257.333333
572.000000 250.000000
558.333333 243.333333
544.666667 237.666667
531.000000 232.666667
517.333333 228.333333
504.000000 224.666667
491.333333 222.000000
478.666667 220.333333
463.666667 219.666667
449.666667 220.000000
437.333333 221.333333
429.333333 223.333333
422.333333 226.333333
416.000000 230.000000
410.333333 234.000000
405.000000 238.333333
400.333333 243.333333
396.000000 249.333333
392.666667 256.333333
390.000000 264.000000
388.333333 272.000000
387.000000 280.333333
386.333333 289.333333
386.333333 299.000000
387.000000 309.000000
388.666667 319.666667
390.666667 331.333333
393.333333 344.000000
396.666667 356.666667
401.000000 369.000000
406.000000 381.000000
411.333333 393.000000
416.666667 405.000000
422.333333 417.333333
428.000000 429.666667
434.666667 442.000000
442.333333 454.333333
451.000000 466.666667
460.333333 479.333333
470.666667 492.333333
482.333333 506.000000
495.333333 520.333333
509.333333 535.000000
524.333333 550.000000
539.666667 565.333333
555.666667 580.666667
571.666667 596.000000
587.666667 610.666667
603.333333 625.333333
619.333333 639.666667
635.333333 654.000000
651.333333 668.000000
667.000000 681.333333
682.000000 694.000000
696.000000 705.666667
708.666667 716.666667
720.666667 726.666667
731.666667 735.666667
741.333333 743.666667
749.000000 750.000000
755.000000 755.000000
759.333333 758.333333
762.333333 760.666667
764.000000 762.000000
765.333333 762.000000
766.000000 761.000000
