707.000000 208.000000
703.666667 206.000000
700.000000 204.333333
696.333333 203.000000
693.000000 202.000000
690.000000 201.000000
686.000000 200.000000
681.000000 199.000000
669.333333 198.666667
657.666667 199.000000
644.000000 200.333333
635.666667 201.666667
627.333333 203.000000
620.666667 204.333333
614.000000 206.000000
607.000000 208.333333
600.333333 210.666667
594.000000 213.333333
588.333333 216.000000
583.000000 219.000000
577.666667 222.000000
571.666667 225.333333
565.000000 228.666667
558.000000 232.333333
551.000000 235.666667
544.000000 239.333333
537.000000 243.000000
529.666667 247.000000
522.333333 251.333333
514.666667 255.666667
507.666667 260.333333
501.000000 265.000000
495.000000 269.666667
489.666667 274.333333
484.666667 279.000000
478.666667 286.000000
472.666667 293.666667
467.000000 301.333333
463.333333 307.333333
459.666667 313.000000
456.333333 318.666667
452.666667 324.000000
449.333333 329.000000
446.000000 334.000000
443.000000 339.333333
440.333333 345.000000
438.000000 351.333333
436.000000 357.666667
434.000000 364.333333
432.000000 370.666667
430.333333 377.000000
428.666667 383.000000
427.666667 389.333333
426.666667 395.666667
426.000000 402.000000
425.333333 408.000000
424.666667 414.000000
424.333333 419.666667
424.000000 424.666667
423.666667 429.333333
423.333333 433.666667
423.000000 438.000000
423.000000 442.000000
423.000000 446.000000
423.333333 450.666667
424.000000 455.666667
424.666667 461.000000
425.333333 466.333333
426.000000 472.000000
427.000000 478.000000
428.000000 484.000000
429.333333 490.666667
430.666667 497.333333
432.000000 504.000000
433.333333 510.333333
434.666667 516.666667
436.333333 523.000000
438.000000 529.000000
439.666667 534.666667
441.333333 540.333333
443.000000 545.666667
445.333333 551.333333
448.000000 557.000000
451.000000 562.666667
454.333333 568.333333
457.666667 574.000000
461.666667 580.000000
465.333333 586.000000
469.333333 592.333333
473.000000 599.000000
477.333333 605.666667
482.000000 612.000000
487.000000 618.000000
492.666667 624.333333
499.000000 630.666667
505.666667 637.000000
512.333333 643.333333
519.000000 649.666667
526.000000 656.000000
533.333333 662.000000
540.666667 667.333333
548.333333 672.333333
555.333333 676.666667
562.000000 681.000000
568.000000 685.000000
574.000000 689.000000
580.000000 693.000000
586.000000 697.000000
592.333333 700.666667
598.666667 704.333333
604.666667 707.666667
610.333333 711.000000
615.666667 714.000000
621.000000 717.000000
626.000000 720.000000
631.000000 723.000000
636.000000 725.666667
641.000000 728.333333
646.000000 730.666667
651.000000 733.333333
655.666667 735.666667
660.000000 738.000000
664.000000 740.000000
668.000000 742.000000
672.000000 744.000000
676.000000 745.666667
679.666667 747.000000
683.000000 748.000000
687.666667 749.000000
693.666667 750.000000
701.333333 751.000000
