806.666667 333.666667
807.333333 329.000000
808.000000 323.666667
809.000000 318.000000
810.000000 312.000000
811.000000 306.000000
812.333333 300.000000
814.000000 293.666667
816.000000 287.000000
818.333333 280.000000
821.333333 273.000000
825.000000 266.000000
829.333333 259.000000
834.000000 252.333333
839.333333 245.666667
844.666667 239.333333
850.000000 232.666667
855.333333 226.000000
861.000000 219.000000
867.666667 212.000000
875.000000 205.000000
883.000000 198.333333
891.000000 191.666667
899.000000 185.000000
907.333333 178.333333
916.000000 172.000000
925.333333 166.333333
934.666667 161.333333
943.666667 157.333333
952.666667 154.333333
962.000000 152.000000
979.000000 151.000000
996.333333 151.666667
1014.333333 154.000000
1025.333333 157.333333
1036.000000 161.666667
1046.333333 167.000000
1056.666667 173.000000
1066.666667 179.000000
1075.666667 185.333333
1084.000000 192.333333
1091.666667 200.333333
1098.666667 209.333333
1105.000000 218.333333
1110.666667 227.666667
1116.000000 237.333333
1120.666667 248.333333
1124.666667 260.000000
1127.666667 272.000000
1130.000000 284.666667
1131.333333 297.666667
1132.000000 311.333333
1131.666667 325.333333
1130.666667 339.666667
1128.666667 353.666667
1126.000000 367.333333
1122.666667 381.000000
1119.000000 395.000000
1115.000000 409.000000
1110.666667 423.333333
1105.666667 437.666667
1099.666667 452.000000
1092.666667 466.666667
1084.666667 481.666667
1075.666667 498.000000
1065.000000 515.000000
1053.333333 532.666667
1040.333333 550.333333
1026.666667 567.666667
1012.000000 584.666667
997.000000 600.666667
981.000000 616.666667
964.333333 632.000000
947.000000 647.000000
930.000000 660.666667
913.333333 673.666667
898.000000 685.666667
884.666667 696.333333
874.000000 705.333333
865.666667 712.333333
860.000000 717.666667
856.000000 722.000000
853.333333 725.666667
851.000000 728.666667
849.666667 730.666667
848.666667 732.000000
848.333333 733.000000
848.000000 734.000000
