919.666667 352.666667
924.666667 345.000000
932.000000 334.333333
942.666667 321.333333
955.333333 306.000000
971.333333 288.666667
989.333333 269.333333
1009.666667 249.666667
1031.666667 230.333333
1055.333333 212.666667
1080.333333 196.666667
1106.666667 183.333333
1134.333333 173.666667
1162.333333 168.333333
1189.333333 167.666667
1214.333333 171.333333
1236.333333 179.333333
1254.666667 191.333333
1269.000000 207.333333
1279.000000 227.000000
1283.666667 249.666667
1282.000000 275.000000
1274.000000 302.666667
1261.000000 332.333333
1243.333333 363.666667
1222.000000 395.666667
1196.666667 428.666667
1168.000000 462.666667
1137.000000 497.666667
1105.000000 532.666667
1072.333333 567.333333
1039.666667 602.000000
1007.333333 636.333333
977.666667 670.000000
950.666667 701.666667
927.000000 731.000000
906.333333 756.666667
889.333333 778.000000
876.333333 794.666667
867.333333 806.666667
861.333333 815.000000
857.666667 820.000000
