967.666667 145.000000
978.000000 147.333333
988.000000 150.333333
998.333333 154.333333
1009.000000 159.000000
1020.000000 164.000000
1030.333333 169.333333
1040.666667 175.000000
1051.000000 180.666667
1062.000000 186.333333
1072.666667 191.666667
1082.666667 197.333333
1092.333333 203.333333
1101.666667 209.666667
1111.000000 216.000000
1120.000000 222.333333
1128.333333 228.333333
1135.666667 234.333333
1142.333333 240.000000
1149.000000 246.666667
1156.000000 254.000000
1162.666667 262.000000
1169.333333 270.000000
1175.666667 278.333333
1181.666667 287.333333
1187.000000 296.666667
1191.333333 306.333333
1195.333333 315.333333
1198.333333 324.000000
1201.333333 332.000000
1203.666667 340.333333
1205.666667 348.666667
1207.000000 357.000000
1208.000000 365.000000
1208.666667 373.000000
1209.000000 381.333333
1208.666667 390.333333
1208.333333 400.000000
1207.333333 409.666667
1206.333333 419.333333
1205.000000 429.000000
1203.666667 439.333333
1202.333333 449.666667
1200.666667 459.666667
1199.000000 469.333333
1197.000000 479.000000
1195.000000 489.000000
1193.000000 499.000000
1190.666667 508.666667
1188.000000 518.000000
1185.000000 527.333333
1181.666667 537.000000
1178.000000 546.666667
1173.666667 556.000000
1169.000000 564.666667
1164.333333 573.333333
1160.000000 582.000000
1155.666667 591.333333
1151.333333 600.333333
1146.666667 609.000000
1141.666667 616.666667
1136.000000 624.000000
1130.000000 631.333333
1124.000000 638.666667
1117.666667 646.000000
1111.333333 652.666667
1104.333333 659.333333
1096.666667 666.000000
1088.333333 672.666667
1080.000000 679.000000
1071.666667 685.000000
1062.666667 691.333333
1052.666667 697.666667
1042.333333 704.000000
1032.000000 709.666667
1021.666667 714.666667
1010.666667 719.333333
999.333333 723.333333
988.333333 727.000000
977.666667 730.000000
967.000000 732.666667
956.333333 735.333333
945.666667 737.666667
935.666667 740.333333
926.000000 743.000000
917.000000 746.000000
908.000000 749.333333
899.000000 752.666667
890.333333 756.000000
882.000000 759.000000
874.333333 761.666667
867.000000 764.333333
859.666667 766.333333
852.333333 768.000000
845.333333 769.000000
840.000000 770.000000
