986.000000 289.000000
993.333333 276.000000
1001.000000 263.000000
1009.333333 250.000000
1018.000000 237.333333
1027.333333 225.333333
1036.666667 214.000000
1046.666667 203.000000
1057.333333 192.000000
1068.666667 181.666667
1080.333333 172.333333
1092.666667 164.333333
1105.666667 157.333333
1118.666667 151.666667
1131.000000 147.000000
1143.333333 143.666667
1156.000000 141.333333
1172.666667 140.666667
1189.000000 141.666667
1205.333333 144.000000
1217.333333 147.666667
1228.666667 152.333333
1239.333333 158.666667
1249.333333 166.333333
1259.000000 175.000000
1267.666667 185.333333
1275.666667 197.000000
1282.000000 210.000000
1287.000000 223.666667
1290.333333 238.333333
1292.666667 254.000000
1294.000000 270.333333
1294.333333 286.666667
1293.666667 303.666667
1292.000000 321.333333
1290.333333 339.666667
1288.333333 357.666667
1286.000000 375.333333
1283.000000 393.000000
1279.666667 411.000000
1276.000000 429.333333
1272.000000 447.666667
1267.666667 466.333333
1263.333333 484.666667
1258.333333 503.666667
1253.000000 523.000000
1247.000000 542.666667
1240.000000 562.000000
1231.666667 580.333333
1222.000000 598.000000
1211.666667 614.666667
1201.000000 630.666667
1189.333333 645.333333
1177.000000 659.000000
1163.333333 672.000000
1149.000000 684.666667
1134.000000 696.666667
1118.666667 708.000000
1103.666667 718.666667
1088.666667 728.666667
1074.333333 738.000000
1060.000000 746.666667
1046.333333 754.666667
1033.666667 761.666667
1022.000000 768.000000
1011.333333 773.666667
1001.333333 778.666667
992.333333 783.000000
984.333333 786.666667
977.333333 790.000000
971.333333 792.666667
966.333333 795.000000
962.666667 796.666667
959.666667 798.000000
957.666667 799.000000
955.666667 799.333333
954.666667 799.000000
953.666667 797.666667
953.333333 795.666667
952.666667 793.000000
952.333333 789.666667
951.666667 786.000000
