493.000000 425.000000
491.666667 424.000000
490.000000 423.000000
488.000000 422.000000
486.333333 421.000000
484.666667 420.000000
483.000000 418.666667
480.666667 417.333333
477.333333 416.000000
472.333333 415.000000
467.333333 414.000000
463.333333 413.000000
460.666667 411.666667
458.000000 410.000000
455.000000 408.000000
452.000000 405.666667
449.333333 403.000000
446.333333 399.666667
443.666667 396.000000
440.666667 392.000000
438.333333 387.333333
436.000000 382.000000
434.000000 376.000000
432.333333 369.333333
431.000000 362.666667
430.000000 355.666667
429.333333 348.666667
428.666667 341.000000
428.333333 333.000000
428.000000 325.000000
428.000000 317.333333
428.333333 310.000000
429.000000 303.333333
430.000000 296.666667
431.000000 289.666667
432.333333 281.666667
434.000000 273.333333
436.000000 265.333333
438.666667 257.666667
442.000000 249.666667
446.333333 241.000000
451.000000 232.000000
456.000000 223.333333
461.000000 215.000000
466.000000 207.000000
471.000000 199.000000
476.666667 190.666667
482.666667 182.666667
489.666667 175.000000
496.666667 168.333333
504.333333 162.000000
511.666667 156.333333
519.666667 151.333333
528.000000 147.333333
537.000000 144.000000
545.666667 140.666667
554.333333 137.666667
563.333333 134.666667
573.000000 132.333333
583.000000 130.000000
592.666667 128.333333
602.000000 127.000000
611.333333 126.000000
624.000000 126.000000
636.666667 126.666667
648.666667 128.333333
657.000000 130.000000
664.666667 132.333333
672.333333 135.000000
680.000000 138.000000
687.666667 141.000000
695.000000 144.333333
701.666667 148.000000
707.666667 152.333333
713.333333 157.666667
719.000000 163.666667
725.000000 170.000000
731.000000 176.000000
737.000000 182.333333
743.000000 189.333333
749.000000 196.666667
754.666667 204.666667
759.666667 212.333333
764.000000 220.333333
768.000000 227.333333
772.000000 234.666667
776.333333 242.333333
780.666667 251.000000
785.000000 259.666667
788.666667 268.000000
792.333333 276.000000
796.000000 284.333333
799.666667 293.000000
802.666667 302.000000
805.333333 311.000000
807.666667 319.666667
809.666667 328.000000
811.333333 336.666667
813.000000 346.000000
814.666667 355.666667
816.000000 365.000000
817.000000 373.666667
818.000000 382.333333
819.333333 391.000000
820.666667 400.333333
822.000000 409.333333
823.000000 418.000000
824.000000 426.333333
825.000000 435.333333
826.000000 445.000000
826.666667 455.000000
827.333333 465.000000
828.000000 475.666667
828.666667 487.000000
829.333333 498.666667
829.666667 510.666667
830.000000 523.333333
830.000000 536.666667
829.666667 550.000000
829.333333 563.000000
828.666667 576.333333
828.000000 590.000000
827.000000 603.666667
826.000000 617.666667
825.000000 631.666667
824.000000 646.000000
823.000000 660.333333
822.000000 675.000000
821.333333 689.333333
820.666667 703.000000
820.333333 715.000000
819.666667 725.000000
819.333333 732.666667
819.000000 738.333333
819.000000 742.666667
818.666667 745.666667
818.333333 747.666667
817.666667 748.333333
817.000000 748.000000
