971.000000 539.000000
943.666667 539.333333
909.000000 539.000000
861.000000 538.000000
824.666667 537.000000
778.333333 536.666667
737.666667 537.000000
701.000000 538.000000
679.000000 539.000000
662.000000 540.333333
644.333333 542.000000
626.666667 544.000000
608.333333 546.000000
590.333333 548.666667
572.666667 552.000000
555.666667 556.000000
539.000000 559.666667
523.333333 563.333333
509.333333 566.666667
497.666667 569.666667
487.000000 572.333333
477.000000 574.666667
467.333333 577.333333
459.000000 579.666667
