901.000000 384.666667
901.000000 378.666667
815.000000 372.666667
728.666667 366.000000
642.000000 358.666667
641.333333 351.000000
640.666667 342.333333
640.000000 333.333333
639.000000 324.000000
637.666667 314.666667
636.000000 305.000000
634.000000 294.666667
631.666667 284.000000
629.000000 273.000000
625.333333 261.333333
620.333333 249.333333
613.666667 236.666667
606.000000 224.000000
598.000000 211.333333
589.666667 198.666667
580.666667 186.333333
570.666667 174.333333
560.333333 163.333333
549.333333 153.000000
537.666667 143.333333
525.000000 134.666667
512.000000 127.333333
499.000000 121.333333
485.333333 116.666667
471.333333 113.333333
457.000000 111.333333
443.000000 110.666667
429.000000 111.666667
415.666667 114.333333
403.000000 118.333333
391.333333 123.000000
380.000000 128.666667
369.666667 135.333333
360.333333 142.666667
352.000000 151.000000
344.333333 159.666667
337.000000 169.333333
330.666667 179.000000
325.000000 189.000000
320.333333 199.000000
316.000000 209.000000
312.333333 219.000000
309.333333 229.000000
307.000000 239.333333
305.666667 250.000000
305.333333 261.333333
306.333333 273.333333
308.000000 285.666667
310.666667 298.333333
313.666667 311.000000
317.333333 324.000000
321.333333 337.333333
325.666667 350.666667
330.666667 364.000000
336.000000 377.000000
342.333333 389.666667
349.333333 402.333333
357.000000 415.333333
365.000000 428.666667
373.333333 442.000000
382.333333 455.333333
392.333333 469.000000
402.666667 482.666667
413.333333 496.000000
424.333333 509.333333
436.000000 523.000000
448.333333 536.666667
461.333333 550.000000
475.333333 563.333333
489.666667 576.333333
504.333333 589.333333
519.666667 602.333333
535.000000 615.666667
550.333333 629.000000
565.333333 642.333333
580.000000 655.666667
594.000000 669.333333
607.000000 682.333333
619.666667 695.333333
632.000000 708.000000
643.000000 721.000000
653.000000 733.666667
661.333333 745.333333
668.333333 755.666667
673.666667 764.000000
678.000000 770.333333
681.666667 775.000000
684.333333 778.000000
686.666667 780.333333
688.333333 781.666667
690.000000 783.000000
691.000000 783.333333
692.000000 783.000000
