440.333333 608.666667
450.666667 620.666667
462.666667 631.000000
476.666667 639.000000
493.000000 643.666667
511.333333 645.000000
532.000000 642.666667
554.666667 637.000000
579.333333 627.666667
605.333333 615.666667
632.000000 601.333333
659.000000 585.666667
685.666667 569.000000
711.333333 552.333333
735.333333 536.000000
756.666667 521.333333
774.000000 509.000000
787.000000 500.000000
795.333333 494.333333
798.000000 493.666667
792.333333 499.666667
779.000000 512.333333
759.333333 531.000000
736.000000 553.666667
710.000000 580.333333
682.000000 609.666667
653.666667 641.333333
625.333333 674.000000
599.666667 706.000000
577.333333 735.000000
560.333333 759.000000
548.333333 777.666667
542.000000 790.666667
540.666667 798.333333
547.333333 800.333333
561.333333 795.333333
583.333333 783.000000
610.333333 763.333333
647.333333 733.666667
693.000000 695.333333
746.333333 649.000000
802.000000 600.666667
856.333333 552.666667
906.666667 507.666667
