914.000000 198.000000
929.000000 199.000000
937.666667 200.333333
945.666667 201.666667
951.666667 203.333333
958.000000 205.000000
965.333333 207.333333
972.666667 210.000000
980.333333 213.333333
987.666667 216.666667
994.666667 220.333333
1001.000000 224.333333
1007.333333 229.000000
1014.000000 234.000000
1020.666667 239.000000
1027.333333 244.000000
1033.666667 249.666667
1039.666667 256.000000
1045.333333 263.000000
1050.666667 270.000000
1056.000000 276.666667
1061.000000 283.333333
1066.000000 290.000000
1071.000000 297.000000
1076.000000 304.000000
1081.000000 311.333333
1085.666667 318.666667
1090.000000 326.000000
1094.000000 333.333333
1097.666667 341.000000
1101.333333 349.333333
1104.666667 357.666667
1107.666667 365.666667
1110.333333 373.000000
1113.000000 380.000000
1116.000000 386.666667
1118.666667 393.333333
1121.333333 400.000000
1123.666667 407.000000
1125.666667 413.666667
1127.333333 420.333333
1128.666667 426.666667
1130.000000 433.333333
1131.333333 440.000000
1132.666667 447.000000
1133.666667 454.000000
1134.333333 460.666667
1135.000000 467.000000
1135.666667 473.000000
1136.000000 479.333333
1136.000000 485.666667
1136.000000 492.000000
1135.666667 497.666667
1135.000000 503.333333
1134.000000 508.666667
1132.666667 514.000000
1131.333333 519.000000
1129.333333 524.000000
1127.000000 529.000000
1124.000000 534.333333
1121.000000 539.666667
1117.666667 545.666667
1114.333333 551.666667
1110.666667 558.000000
1107.000000 564.000000
1103.000000 570.000000
1098.333333 576.333333
1093.000000 583.000000
1087.000000 589.666667
1080.666667 596.666667
1074.000000 603.333333
1067.000000 610.333333
1060.000000 617.000000
1052.333333 623.666667
1044.000000 630.333333
1035.333333 636.666667
1027.000000 643.000000
1018.666667 649.333333
1009.666667 655.666667
1000.000000 662.000000
990.333333 667.666667
980.666667 673.333333
971.333333 678.666667
961.333333 684.333333
951.333333 689.666667
941.000000 695.000000
931.666667 700.000000
922.666667 705.000000
913.666667 709.666667
904.333333 714.000000
895.000000 717.666667
886.666667 720.666667
879.000000 722.666667
872.000000 724.000000
865.333333 725.000000
859.000000 726.000000
850.000000 726.333333
