694.666667 392.000000
693.333333 387.666667
692.000000 383.000000
691.000000 378.000000
690.000000 373.000000
689.333333 367.666667
689.000000 362.333333
689.000000 357.000000
689.000000 352.000000
688.666667 346.666667
688.333333 341.000000
687.666667 334.666667
687.000000 328.000000
686.000000 321.000000
685.000000 314.000000
683.666667 306.666667
682.333333 299.333333
681.000000 291.666667
679.666667 284.333333
678.333333 277.000000
677.000000 270.000000
676.000000 263.000000
675.000000 256.666667
673.666667 250.333333
672.000000 244.333333
670.000000 238.000000
668.000000 232.000000
665.666667 225.666667
663.000000 219.333333
659.666667 213.333333
656.333333 208.000000
652.666667 202.666667
649.333333 197.666667
646.000000 192.666667
643.000000 188.666667
640.000000 185.000000
636.666667 181.666667
633.333333 178.000000
630.000000 174.333333
626.666667 171.000000
623.000000 168.000000
618.666667 165.000000
614.000000 162.333333
609.000000 160.000000
604.000000 158.333333
599.000000 157.000000
594.000000 156.000000
571.666667 155.666667
547.000000 156.000000
522.000000 157.000000
514.000000 158.000000
508.333333 159.000000
503.333333 160.333333
499.000000 162.000000
495.000000 164.000000
491.000000 166.000000
487.000000 167.666667
482.666667 169.333333
478.000000 171.000000
472.666667 172.666667
467.333333 174.000000
461.666667 175.000000
456.333333 176.333333
451.333333 177.666667
447.000000 179.333333
443.000000 181.000000
439.000000 183.000000
435.666667 185.000000
432.666667 187.000000
430.000000 189.333333
427.333333 192.000000
424.666667 195.000000
422.000000 198.333333
419.333333 202.000000
417.333333 206.000000
415.666667 210.000000
414.000000 214.000000
412.000000 218.000000
410.000000 222.000000
408.000000 226.333333
406.333333 231.000000
405.000000 236.000000
404.333333 241.000000
404.000000 246.333333
404.333333 252.000000
404.666667 257.666667
405.333333 263.000000
406.000000 268.000000
406.666667 273.000000
407.000000 277.666667
407.000000 282.333333
406.666667 287.000000
406.333333 292.000000
405.666667 297.000000
405.000000 302.000000
404.000000 307.000000
403.000000 312.333333
402.000000 318.000000
401.333333 323.666667
401.000000 329.666667
401.000000 335.333333
401.000000 341.666667
401.000000 347.666667
401.333333 354.333333
402.000000 360.666667
403.000000 367.000000
404.000000 373.000000
405.000000 378.666667
406.333333 384.000000
408.000000 389.000000
410.000000 394.000000
412.000000 399.000000
414.333333 404.000000
417.000000 409.000000
419.666667 414.333333
422.333333 419.666667
424.666667 425.000000
427.000000 430.333333
429.333333 436.000000
431.666667 441.666667
434.333333 447.666667
436.666667 453.666667
439.333333 460.000000
441.666667 465.666667
444.333333 471.000000
447.333333 476.333333
451.000000 481.666667
455.000000 487.333333
459.000000 493.000000
463.333333 499.333333
468.000000 505.666667
472.666667 512.000000
477.333333 518.000000
482.000000 524.000000
487.333333 530.000000
492.666667 536.333333
498.333333 543.000000
504.000000 549.666667
510.000000 556.333333
515.666667 563.000000
521.333333 569.666667
527.000000 576.666667
533.000000 584.000000
539.333333 592.000000
546.000000 600.000000
552.666667 608.000000
559.000000 616.000000
565.000000 624.000000
571.000000 632.000000
577.000000 640.000000
583.333333 648.333333
589.666667 656.666667
596.000000 665.000000
602.000000 673.000000
608.000000 681.000000
613.666667 689.333333
619.000000 697.666667
623.666667 706.000000
628.333333 713.666667
633.000000 721.333333
637.666667 729.000000
642.333333 736.666667
647.000000 744.333333
652.000000 751.666667
657.000000 758.666667
661.666667 765.333333
666.333333 772.000000
671.000000 779.000000
676.333333 786.333333
681.666667 793.666667
687.333333 801.000000
692.666667 807.666667
698.333333 814.000000
703.666667 819.666667
708.666667 825.000000
712.666667 829.666667
716.000000 833.666667
718.666667 837.000000
720.666667 840.000000
722.333333 843.000000
723.333333 845.333333
724.333333 847.666667
724.666667 849.333333
725.333333 851.333333
725.666667 852.666667
726.000000 854.000000
726.000000 855.000000
726.000000 856.000000
