485.666667 394.666667
482.000000 390.666667
477.666667 385.666667
473.333333 379.333333
469.333333 371.666667
466.000000 363.333333
463.000000 354.666667
460.333333 345.333333
457.666667 335.000000
455.666667 324.000000
454.000000 312.333333
453.000000 299.000000
452.333333 284.666667
452.333333 269.666667
453.000000 254.666667
454.666667 239.333333
457.000000 224.000000
460.333333 209.000000
464.000000 194.000000
468.000000 179.333333
472.333333 165.333333
477.333333 152.000000
483.333333 139.333333
490.333333 127.666667
498.000000 117.000000
505.666667 107.666667
513.666667 98.666667
522.333333 90.000000
532.000000 81.666667
541.666667 74.000000
551.333333 67.666667
561.333333 62.333333
572.000000 58.333333
583.000000 55.000000
594.000000 52.666667
613.000000 51.666667
632.000000 52.333333
651.333333 55.000000
663.000000 59.000000
674.666667 64.666667
686.333333 71.333333
697.333333 79.333333
708.666667 88.333333
719.666667 98.666667
730.666667 110.333333
741.000000 123.666667
750.666667 138.333333
760.000000 154.333333
768.666667 172.000000
777.000000 191.000000
784.666667 211.000000
791.666667 231.666667
797.666667 253.333333
803.000000 276.000000
807.333333 299.333333
811.000000 322.666667
813.666667 346.333333
816.000000 369.666667
817.666667 393.000000
818.666667 416.000000
819.333333 438.666667
819.666667 461.333333
820.333333 484.000000
821.333333 507.333333
823.333333 530.666667
826.000000 554.333333
829.333333 577.666667
833.333333 601.000000
837.666667 623.666667
842.333333 645.666667
846.333333 667.000000
850.666667 687.000000
854.666667 705.000000
859.000000 720.333333
863.000000 733.000000
866.666667 743.333333
869.666667 751.000000
872.000000 756.666667
873.666667 760.333333
875.000000 762.666667
875.666667 764.000000
875.000000 763.333333
873.333333 761.333333
