697.666667 314.000000
681.000000 308.666667
681.000000 303.333333
680.666667 298.000000
680.333333 292.666667
680.333333 287.333333
680.666667 281.333333
680.666667 275.333333
680.000000 269.000000
679.000000 262.666667
677.666667 256.333333
676.000000 249.666667
673.666667 243.000000
670.333333 236.000000
666.000000 228.666667
660.666667 221.333333
654.666667 214.000000
648.000000 207.000000
641.333333 200.333333
635.000000 193.666667
628.666667 187.333333
622.000000 181.333333
615.000000 176.000000
607.666667 171.333333
600.333333 167.333333
593.000000 164.000000
585.666667 161.666667
577.666667 160.000000
569.000000 159.666667
559.666667 160.000000
550.333333 161.666667
540.666667 164.000000
531.000000 167.666667
521.000000 171.666667
511.000000 176.666667
501.666667 182.000000
493.000000 188.000000
485.000000 194.333333
477.000000 201.000000
469.000000 208.000000
461.666667 215.000000
455.000000 221.666667
449.000000 228.000000
443.666667 234.000000
439.000000 240.000000
435.000000 246.000000
431.333333 252.000000
428.333333 258.000000
425.666667 263.666667
423.333333 269.333333
421.333333 274.666667
420.000000 280.666667
419.000000 286.666667
418.333333 293.666667
418.333333 301.000000
419.000000 309.333333
420.333333 318.333333
422.000000 328.333333
424.000000 338.666667
426.000000 349.000000
428.666667 359.000000
431.666667 369.000000
435.666667 379.000000
440.000000 389.333333
445.333333 399.666667
451.333333 410.333333
457.666667 421.333333
464.333333 432.666667
471.333333 444.333333
479.333333 456.000000
488.333333 468.000000
498.000000 480.333333
508.000000 493.333333
518.333333 507.000000
529.333333 521.000000
540.666667 535.333333
552.000000 549.333333
563.333333 563.000000
575.333333 576.000000
587.666667 588.333333
600.000000 600.000000
612.333333 610.333333
625.000000 619.666667
637.666667 627.666667
649.666667 635.333333
660.666667 642.666667
671.333333 650.000000
681.666667 657.000000
691.333333 663.666667
699.666667 670.000000
706.333333 675.666667
711.666667 681.000000
715.333333 685.333333
718.000000 688.666667
719.666667 691.000000
721.000000 692.666667
721.666667 694.000000
