640.333333 180.000000
632.333333 178.666667
624.000000 177.333333
615.000000 176.000000
606.000000 175.000000
594.000000 174.000000
581.666667 173.666667
569.333333 174.000000
559.666667 175.333333
550.666667 177.000000
541.333333 179.333333
532.333333 182.000000
522.666667 185.333333
513.333333 189.000000
504.333333 193.666667
495.666667 199.000000
487.333333 205.000000
478.666667 211.333333
470.666667 217.666667
463.000000 224.333333
456.000000 231.000000
449.333333 238.333333
443.000000 246.000000
437.333333 254.000000
432.000000 262.000000
427.000000 270.000000
422.333333 278.333333
417.666667 286.666667
413.333333 295.000000
409.000000 303.000000
405.000000 311.000000
401.333333 318.666667
398.000000 326.333333
395.333333 334.000000
392.666667 342.000000
390.666667 349.666667
388.666667 357.333333
387.333333 364.666667
386.000000 372.333333
385.000000 379.333333
384.000000 386.333333
383.333333 393.000000
383.000000 399.666667
383.333333 406.333333
383.666667 413.000000
384.333333 419.666667
384.666667 426.000000
385.333333 432.333333
386.333333 439.333333
387.666667 446.333333
389.333333 453.666667
391.000000 460.333333
393.000000 467.000000
395.333333 473.000000
398.333333 479.000000
402.333333 485.000000
406.666667 491.333333
411.333333 497.333333
416.000000 503.333333
421.000000 508.666667
426.000000 514.333333
431.333333 519.666667
437.333333 525.000000
444.333333 530.000000
451.666667 535.000000
459.000000 539.666667
466.000000 544.333333
473.333333 549.000000
481.333333 554.333333
490.000000 560.000000
498.666667 565.666667
507.333333 571.333333
516.000000 577.000000
525.666667 583.666667
536.000000 591.000000
547.000000 599.000000
558.000000 607.333333
569.333333 615.666667
581.000000 624.666667
592.333333 633.333333
603.000000 642.333333
613.000000 650.666667
623.000000 659.000000
632.333333 666.333333
641.000000 673.000000
648.666667 678.333333
655.000000 682.666667
659.666667 685.666667
662.666667 688.000000
665.333333 689.666667
