373.000000 411.333333
364.666667 406.666667
356.333333 402.666667
347.666667 398.666667
338.666667 395.000000
329.333333 391.333333
320.000000 388.000000
311.000000 385.333333
302.000000 383.000000
293.333333 381.000000
284.666667 379.333333
276.000000 378.000000
262.666667 377.666667
250.333333 378.000000
238.333333 379.333333
231.666667 381.000000
224.666667 383.000000
218.666667 385.333333
213.000000 388.333333
208.000000 391.666667
203.333333 395.333333
199.000000 399.333333
195.000000 404.000000
191.333333 409.333333
188.000000 415.000000
185.333333 421.000000
183.333333 427.333333
181.666667 434.000000
180.333333 441.666667
179.333333 449.666667
179.333333 458.000000
180.000000 466.333333
181.000000 475.666667
182.333333 485.666667
183.666667 496.333333
185.333333 506.666667
186.666667 517.000000
188.333333 527.000000
189.666667 537.000000
191.333333 546.666667
193.000000 556.000000
195.666667 564.666667
199.333333 573.666667
204.333333 583.000000
210.666667 593.000000
217.666667 603.000000
225.666667 613.000000
234.000000 623.000000
243.000000 633.000000
252.333333 642.666667
262.000000 652.000000
272.000000 661.000000
282.666667 670.000000
294.000000 679.000000
306.000000 687.666667
318.333333 696.000000
331.666667 704.333333
345.666667 712.333333
360.000000 720.000000
374.666667 727.000000
389.666667 734.000000
405.333333 741.000000
421.000000 747.666667
437.000000 754.000000
453.333333 760.333333
470.000000 766.333333
486.666667 772.000000
503.333333 777.000000
520.000000 781.666667
536.333333 786.333333
552.000000 790.333333
567.000000 794.000000
581.666667 797.000000
595.333333 799.333333
608.333333 801.333333
624.666667 802.666667
647.000000 804.000000
667.666667 805.000000
681.000000 805.333333
