1204.666667 386.666667
1206.333333 384.333333
1207.666667 382.666667
1209.333333 380.333333
1211.000000 378.333333
1212.666667 376.000000
1214.333333 374.333333
1215.666667 372.666667
1217.000000 371.333333
1218.333333 369.666667
1219.666667 368.000000
1221.333333 366.333333
1223.000000 364.666667
1224.666667 363.000000
1226.333333 361.000000
1228.000000 359.000000
1230.000000 356.666667
1232.333333 354.333333
1235.000000 352.000000
1238.000000 350.000000
1240.666667 348.000000
1243.333333 346.000000
1246.000000 344.333333
1249.000000 342.666667
1252.333333 341.000000
1255.666667 339.000000
1259.000000 337.333333
1262.000000 336.000000
1265.333333 334.666667
1269.000000 333.333333
1273.000000 332.000000
1277.000000 330.666667
1281.000000 329.333333
1286.333333 328.000000
1291.666667 327.000000
1297.000000 326.000000
1301.333333 325.000000
1305.666667 323.666667
1310.333333 322.333333
1316.000000 321.000000
1322.000000 320.000000
1331.333333 319.666667
1339.000000 320.000000
1346.000000 321.000000
1349.333333 322.000000
1353.000000 323.333333
1357.333333 325.000000
1362.000000 327.000000
1367.333333 329.000000
1373.000000 331.000000
1378.666667 333.000000
1384.000000 335.000000
1389.000000 337.000000
1394.333333 339.333333
1399.666667 341.666667
1405.000000 344.333333
1410.000000 347.333333
1415.000000 350.666667
1420.000000 354.333333
1424.666667 358.000000
1428.666667 362.000000
1432.333333 366.000000
1435.666667 370.000000
1438.666667 373.666667
1441.000000 377.333333
1443.000000 380.666667
1445.000000 384.333333
1446.666667 388.000000
1448.000000 392.000000
1449.333333 396.333333
1450.666667 400.666667
1452.000000 405.666667
1452.666667 410.333333
1453.333333 415.333333
1454.000000 419.666667
1454.666667 424.000000
1455.333333 428.000000
1456.000000 432.333333
1456.666667 436.666667
1457.333333 441.333333
1458.000000 445.666667
1458.666667 450.333333
1459.333333 455.000000
1459.666667 459.666667
1460.333333 464.000000
1460.666667 468.000000
1461.333333 472.000000
1462.000000 476.000000
1462.666667 479.666667
1463.000000 483.333333
1463.000000 487.333333
1462.666667 492.000000
1462.000000 497.000000
1461.000000 502.333333
1460.000000 508.000000
1458.666667 513.666667
1457.000000 519.333333
1455.000000 524.666667
1453.000000 530.333333
1450.666667 536.000000
1448.000000 542.333333
1445.333333 548.666667
1442.666667 555.000000
1439.666667 561.000000
1436.000000 566.666667
1431.666667 571.666667
1426.666667 576.333333
1421.333333 580.666667
1416.000000 585.000000
1411.000000 588.666667
1406.000000 592.000000
1401.000000 595.333333
1396.000000 598.666667
1390.666667 602.000000
1385.000000 605.333333
1379.000000 608.666667
1372.666667 612.333333
1366.333333 615.333333
1360.000000 618.333333
1353.666667 620.666667
1347.000000 623.333333
1339.666667 625.666667
1332.000000 628.000000
1324.000000 630.000000
1316.333333 632.000000
1308.666667 634.000000
1301.000000 636.000000
1293.000000 638.333333
1285.000000 640.666667
1277.333333 643.000000
1269.666667 645.333333
1262.333333 648.000000
1254.666667 650.666667
1246.666667 653.333333
1238.000000 656.000000
1229.000000 659.000000
1220.000000 661.666667
1211.000000 664.000000
1201.666667 666.333333
1191.666667 668.666667
1181.666667 671.000000
1172.000000 673.000000
1162.666667 675.000000
1153.000000 677.000000
1143.333333 678.666667
1134.000000 680.000000
1125.333333 681.333333
1117.000000 682.666667
1109.000000 684.000000
1101.000000 685.333333
1093.000000 686.666667
1085.333333 688.000000
1078.333333 689.000000
1072.000000 690.000000
1066.000000 691.000000
1060.000000 692.000000
1054.000000 693.000000
1048.000000 694.000000
1041.666667 695.000000
1035.333333 696.000000
1029.000000 697.000000
1022.666667 698.000000
1016.000000 699.000000
1008.666667 700.000000
998.000000 701.333333
987.333333 702.666667
976.666667 704.333333
969.333333 705.666667
961.666667 707.333333
954.666667 708.666667
947.666667 710.000000
942.000000 711.000000
936.333333 712.000000
932.333333 713.000000
929.333333 713.333333
929.333333 711.666667
