415.000000 554.333333
414.000000 553.000000
412.666667 552.000000
411.000000 550.666667
408.666667 549.000000
406.333333 547.000000
403.333333 545.000000
400.333333 543.000000
396.666667 541.000000
393.000000 539.000000
388.666667 536.666667
383.333333 534.333333
377.000000 532.000000
369.666667 530.000000
362.333333 527.666667
354.666667 524.666667
347.333333 521.333333
339.666667 517.666667
331.666667 513.666667
323.333333 509.333333
315.333333 505.333333
308.000000 501.666667
301.000000 498.333333
293.666667 495.333333
286.000000 493.000000
278.333333 491.000000
270.666667 489.333333
263.666667 488.000000
245.000000 487.666667
225.000000 488.000000
204.666667 489.000000
193.000000 490.000000
182.666667 491.000000
172.000000 492.000000
164.333333 493.333333
157.000000 495.000000
150.000000 497.000000
143.000000 499.333333
136.333333 502.333333
130.000000 506.000000
124.333333 509.666667
119.333333 513.333333
115.000000 517.000000
111.333333 521.333333
108.000000 526.000000
105.333333 531.000000
103.333333 536.333333
102.333333 542.000000
102.000000 548.333333
102.333333 554.666667
103.333333 561.000000
105.000000 567.000000
107.000000 572.666667
109.000000 578.333333
111.333333 584.000000
114.000000 590.000000
117.000000 596.000000
120.000000 602.000000
123.000000 608.000000
126.000000 613.666667
129.000000 619.666667
132.000000 625.666667
135.333333 632.333333
138.333333 639.000000
141.666667 646.333333
144.666667 653.666667
148.000000 660.666667
151.000000 667.333333
154.333333 674.000000
158.000000 681.000000
162.000000 688.000000
165.666667 694.666667
169.333333 701.333333
173.000000 707.666667
177.000000 714.000000
181.000000 720.000000
185.333333 726.000000
189.666667 731.666667
194.666667 737.666667
199.666667 743.666667
205.333333 750.333333
211.000000 756.333333
217.333333 762.333333
223.666667 767.666667
230.000000 773.000000
236.000000 778.000000
242.666667 783.000000
250.000000 788.000000
258.000000 793.000000
266.000000 797.666667
274.000000 802.333333
282.000000 806.666667
290.333333 811.000000
299.000000 814.666667
308.000000 818.000000
316.333333 820.666667
324.666667 823.000000
333.333333 825.000000
343.000000 827.000000
352.666667 828.666667
362.333333 830.000000
372.000000 831.000000
385.333333 832.000000
398.333333 833.000000
415.000000 834.000000
428.666667 835.000000
443.000000 836.333333
454.333333 837.666667
466.333333 839.000000
479.333333 840.000000
492.666667 841.333333
506.333333 842.666667
519.666667 844.000000
532.666667 845.333333
545.000000 846.666667
557.000000 848.000000
569.000000 849.000000
581.000000 850.000000
597.000000 851.000000
638.666667 851.333333
679.000000 851.000000
712.000000 850.000000
715.333333 849.000000
