723.666667 392.333333
723.333333 390.333333
722.666667 388.333333
721.666667 385.666667
720.000000 382.666667
718.000000 379.333333
715.666667 375.333333
712.666667 371.000000
709.000000 365.666667
704.666667 359.666667
700.000000 353.333333
694.666667 346.666667
689.000000 339.666667
683.333333 332.000000
677.666667 324.333333
672.000000 316.666667
665.666667 309.000000
659.000000 301.000000
651.666667 293.000000
644.333333 285.000000
637.000000 277.333333
629.333333 269.666667
621.000000 262.333333
611.666667 254.666667
602.333333 247.000000
592.333333 239.333333
582.333333 232.333333
571.333333 225.666667
560.333333 219.333333
549.333333 213.333333
538.333333 208.000000
527.000000 203.000000
515.000000 198.000000
502.666667 193.333333
490.000000 188.666667
477.000000 184.333333
464.000000 180.333333
451.000000 177.000000
438.333333 174.333333
425.666667 172.000000
414.000000 170.333333
399.333333 169.666667
386.000000 170.000000
373.000000 171.666667
364.333333 174.000000
356.333333 177.333333
347.666667 183.000000
339.666667 190.000000
332.333333 198.333333
327.333333 206.333333
323.333333 214.666667
320.333333 223.666667
318.000000 232.666667
316.666667 242.333333
316.000000 252.000000
316.333333 262.000000
317.333333 272.000000
319.000000 282.000000
321.333333 291.666667
324.000000 301.000000
327.000000 309.666667
330.000000 318.333333
333.333333 327.000000
337.000000 336.000000
341.333333 345.666667
346.000000 356.000000
351.333333 367.000000
357.000000 378.333333
362.666667 390.000000
368.000000 402.000000
373.000000 414.333333
377.666667 426.666667
382.333333 439.000000
387.000000 451.000000
392.666667 463.000000
399.000000 475.333333
406.333333 487.666667
414.000000 500.666667
423.000000 514.000000
433.333333 527.666667
444.666667 541.333333
456.333333 554.666667
468.666667 568.000000
482.000000 581.000000
496.000000 593.333333
510.666667 605.333333
525.333333 617.000000
540.333333 629.000000
555.666667 640.666667
571.666667 652.000000
587.666667 663.000000
603.333333 673.666667
618.666667 684.333333
633.666667 694.333333
647.666667 703.666667
661.000000 711.666667
673.666667 718.666667
685.666667 725.000000
696.666667 730.666667
706.000000 735.333333
713.333333 739.000000
718.666667 741.666667
722.666667 744.000000
725.666667 745.666667
728.000000 747.000000
729.333333 747.333333
730.000000 747.000000
730.000000 745.666667
