833.666667 348.666667
835.000000 342.000000
837.000000 335.000000
839.333333 327.666667
842.000000 320.000000
845.000000 312.000000
848.333333 303.666667
851.666667 295.333333
855.000000 286.666667
858.333333 277.666667
861.666667 268.666667
865.333333 260.333333
869.000000 252.666667
873.666667 244.666667
878.666667 236.666667
884.333333 228.666667
890.000000 221.333333
895.666667 214.333333
901.333333 208.000000
907.333333 202.000000
914.000000 196.000000
921.333333 190.000000
929.000000 184.000000
936.666667 178.333333
943.666667 172.666667
950.666667 167.333333
957.666667 162.000000
965.000000 157.000000
972.333333 152.666667
979.333333 149.000000
986.000000 146.000000
992.000000 143.333333
1000.000000 140.000000
1008.666667 137.333333
1017.333333 135.000000
1024.333333 134.000000
1036.000000 133.666667
1049.666667 134.000000
1063.000000 135.000000
1071.333333 136.333333
1077.666667 137.666667
1083.666667 139.333333
1089.000000 141.000000
1095.666667 144.000000
1102.666667 147.333333
1110.333333 151.000000
1116.666667 154.333333
1123.000000 158.000000
1128.666667 162.000000
1134.000000 166.000000
1138.666667 170.000000
1143.000000 174.333333
1147.000000 179.000000
1151.000000 184.000000
1155.000000 189.000000
1158.666667 194.000000
1162.333333 199.333333
1165.666667 205.000000
1168.666667 211.000000
1171.333333 217.000000
1173.666667 223.000000
1176.000000 229.000000
1177.666667 235.000000
1179.333333 241.333333
1180.333333 247.666667
1181.333333 254.333333
1181.666667 261.000000
1181.666667 268.333333
1181.333333 275.666667
1180.666667 283.333333
1179.666667 290.666667
1178.333333 298.333333
1176.666667 305.666667
1174.666667 313.000000
1172.000000 320.000000
1169.000000 327.000000
1166.000000 333.666667
1163.000000 340.333333
1160.000000 347.000000
1157.000000 353.666667
1153.666667 360.000000
1150.333333 366.000000
1146.666667 372.000000
1143.000000 377.666667
1138.666667 383.333333
1134.000000 389.333333
1128.666667 395.666667
1123.333333 402.333333
1118.000000 409.000000
1113.000000 416.000000
1107.666667 423.000000
1102.333333 430.333333
1097.000000 437.666667
1091.666667 445.333333
1086.000000 453.000000
1080.000000 460.666667
1074.000000 468.333333
1068.000000 475.666667
1062.000000 483.000000
1055.666667 490.333333
1049.333333 498.000000
1042.333333 506.000000
1035.333333 514.000000
1028.000000 521.666667
1021.000000 529.666667
1014.333333 537.666667
1007.666667 546.000000
1001.333333 554.000000
994.333333 562.000000
987.666667 570.000000
980.666667 578.000000
974.333333 586.333333
968.000000 595.000000
962.000000 604.000000
955.666667 613.333333
949.000000 623.000000
941.666667 633.333333
934.333333 644.333333
927.333333 655.333333
920.666667 666.000000
913.666667 676.333333
906.000000 687.000000
898.000000 698.000000
890.000000 708.666667
882.333333 719.000000
875.000000 729.000000
868.000000 739.000000
861.000000 748.666667
854.000000 757.666667
847.000000 766.000000
840.333333 773.666667
834.666667 780.666667
830.000000 787.000000
826.666667 792.333333
824.000000 797.000000
822.000000 800.666667
820.333333 804.000000
819.333333 806.666667
818.666667 809.000000
818.333333 811.000000
818.000000 812.666667
818.000000 814.000000
818.333333 814.000000
