874.333333 350.000000
874.666667 346.000000
875.000000 342.000000
875.333333 337.666667
876.000000 333.000000
877.000000 328.000000
878.333333 322.666667
880.000000 317.000000
882.333333 311.000000
885.333333 305.000000
889.333333 298.333333
894.000000 291.000000
899.000000 282.666667
904.333333 274.333333
910.333333 266.000000
917.333333 257.666667
925.000000 249.000000
933.000000 240.000000
941.000000 231.000000
948.666667 222.666667
957.000000 214.666667
966.000000 207.333333
976.000000 200.000000
985.666667 193.000000
995.333333 186.000000
1005.333333 179.000000
1016.000000 172.333333
1026.666667 166.000000
1037.333333 160.333333
1048.333333 155.333333
1060.333333 151.333333
1072.333333 148.000000
1084.000000 145.333333
1096.000000 143.000000
1116.333333 142.000000
1137.333333 142.333333
1157.666667 144.666667
1169.666667 148.000000
1181.000000 152.666667
1192.333333 158.666667
1204.000000 166.333333
1215.333333 175.000000
1225.666667 185.333333
1235.000000 197.333333
1243.333333 210.666667
1250.666667 224.666667
1256.666667 239.333333
1261.666667 254.666667
1265.333333 270.000000
1267.666667 285.333333
1268.333333 300.666667
1267.666667 316.000000
1265.333333 331.666667
1262.333333 347.000000
1258.333333 362.333333
1254.000000 377.333333
1248.000000 392.666667
1241.000000 408.666667
1232.333333 425.000000
1223.333333 442.333333
1213.333333 460.333333
1202.666667 479.000000
1191.000000 498.333333
1179.000000 518.000000
1166.000000 538.333333
1152.333333 558.666667
1137.666667 579.000000
1122.000000 599.000000
1105.333333 618.666667
1087.666667 637.666667
1069.666667 656.000000
1051.000000 674.000000
1032.000000 691.333333
1013.000000 708.333333
994.333333 724.666667
976.000000 740.666667
958.666667 755.333333
943.000000 768.666667
929.333333 780.666667
917.000000 791.333333
906.000000 800.333333
896.333333 807.333333
889.000000 812.666667
883.333333 817.000000
879.666667 820.333333
877.000000 822.666667
875.666667 824.000000
874.666667 822.000000
