676.000000 429.333333
676.000000 427.000000
676.000000 424.333333
676.000000 421.333333
676.000000 417.333333
676.000000 413.000000
676.000000 407.666667
676.000000 402.000000
676.000000 396.000000
676.000000 389.666667
675.666667 382.666667
675.333333 375.000000
675.000000 367.000000
675.000000 358.666667
674.666667 349.666667
674.333333 339.666667
673.666667 329.000000
673.000000 318.333333
672.000000 307.666667
670.666667 297.000000
669.333333 286.333333
667.666667 276.000000
666.000000 266.000000
663.666667 256.666667
661.000000 247.666667
657.666667 239.333333
654.000000 231.333333
650.000000 223.666667
646.000000 216.000000
641.666667 208.666667
637.333333 201.666667
633.000000 195.000000
628.666667 188.333333
624.333333 182.000000
619.666667 176.333333
615.000000 171.000000
609.333333 165.666667
603.666667 160.666667
597.666667 156.333333
592.333333 153.000000
586.666667 150.000000
581.333333 147.333333
575.333333 145.333333
563.333333 144.666667
551.000000 145.333333
539.000000 147.000000
533.333333 149.000000
527.333333 151.333333
521.333333 154.000000
514.666667 157.333333
508.000000 161.000000
501.333333 165.000000
495.000000 169.333333
489.000000 173.666667
483.000000 178.666667
477.000000 183.666667
471.000000 189.000000
465.000000 194.333333
459.000000 200.333333
453.333333 206.666667
448.000000 213.333333
443.000000 220.333333
438.333333 228.000000
433.666667 236.000000
429.333333 244.666667
424.666667 253.666667
420.333333 263.333333
415.666667 273.000000
411.333333 283.000000
407.333333 293.000000
403.666667 303.000000
400.333333 313.333333
397.333333 323.333333
395.000000 333.333333
393.333333 342.666667
392.000000 351.666667
391.000000 360.000000
390.666667 367.333333
391.000000 374.333333
392.333333 380.666667
394.333333 387.000000
397.333333 393.000000
401.333333 399.000000
406.333333 405.333333
412.000000 412.000000
418.333333 419.333333
425.333333 427.666667
433.333333 437.000000
441.666667 447.000000
450.333333 457.000000
458.666667 467.333333
466.666667 478.333333
474.333333 489.666667
482.333333 501.333333
491.000000 513.333333
499.666667 526.333333
508.000000 539.666667
516.333333 553.000000
525.000000 566.666667
534.000000 581.000000
543.000000 595.666667
552.000000 610.333333
560.666667 625.333333
569.333333 640.333333
578.000000 655.000000
587.333333 669.333333
596.333333 683.333333
604.666667 697.000000
612.333333 709.666667
619.666667 722.000000
627.000000 733.666667
634.000000 744.666667
640.666667 754.666667
647.000000 763.333333
652.333333 771.000000
657.333333 777.666667
661.333333 783.666667
665.333333 788.333333
668.333333 792.000000
670.666667 794.333333
672.000000 796.000000
673.000000 797.000000
674.000000 798.000000
675.000000 798.333333
