949.333333 200.333333
959.666667 196.666667
970.666667 193.666667
982.333333 190.333333
994.666667 187.666667
1008.333333 185.333333
1023.000000 184.000000
1043.666667 183.666667
1065.000000 184.333333
1087.333333 186.000000
1104.333333 188.666667
1121.333333 192.333333
1138.333333 197.666667
1155.000000 204.333333
1170.666667 212.333333
1185.333333 221.666667
1199.666667 232.333333
1213.000000 244.333333
1224.666667 257.000000
1234.666667 271.000000
1243.000000 286.000000
1250.000000 302.333333
1255.333333 319.666667
1259.333333 337.666667
1261.666667 356.666667
1262.666667 376.000000
1262.666667 395.666667
1261.666667 416.000000
1259.666667 436.000000
1256.666667 456.333333
1252.666667 476.333333
1248.000000 496.666667
1241.666667 517.000000
1233.666667 536.000000
1224.333333 554.666667
1214.333333 572.666667
1203.000000 590.666667
1190.000000 608.000000
1175.333333 624.666667
1159.333333 640.666667
1141.666667 655.333333
1122.000000 669.333333
1100.333333 682.333333
1077.333333 694.666667
1053.666667 705.666667
1030.333333 715.333333
1007.333333 723.666667
985.000000 731.000000
964.333333 737.666667
946.333333 743.333333
932.666667 747.666667
922.333333 751.000000
915.333333 753.333333
910.333333 755.000000
907.666667 756.000000
