723.333333 323.000000
723.666667 318.000000
724.333333 312.666667
724.666667 306.666667
725.000000 300.000000
725.000000 293.000000
725.000000 285.666667
725.000000 277.666667
724.666667 269.333333
724.333333 261.000000
724.000000 253.333333
723.666667 245.666667
723.000000 238.000000
722.000000 230.000000
721.000000 222.333333
719.666667 214.666667
717.666667 207.333333
714.666667 200.000000
710.666667 192.666667
705.666667 184.666667
699.666667 176.333333
693.000000 167.666667
685.333333 159.333333
676.333333 150.333333
666.333333 141.333333
655.666667 132.333333
645.333333 124.000000
634.666667 116.666667
623.666667 110.000000
612.666667 104.666667
602.000000 100.333333
592.000000 97.000000
582.000000 94.666667
566.000000 93.666667
550.000000 94.000000
534.333333 95.333333
524.666667 97.333333
515.333333 99.666667
506.333333 102.333333
498.333333 105.000000
491.000000 108.333333
484.000000 112.000000
477.666667 116.000000
471.666667 120.666667
466.333333 125.666667
460.666667 132.000000
455.000000 138.666667
449.666667 146.666667
444.666667 155.000000
440.333333 164.666667
435.666667 175.000000
431.333333 186.000000
427.000000 197.666667
423.000000 209.666667
419.333333 222.333333
416.333333 234.666667
414.000000 247.333333
412.000000 259.666667
410.666667 272.333333
409.666667 285.000000
409.666667 297.666667
409.666667 310.333333
410.666667 322.666667
412.000000 335.333333
414.000000 347.666667
416.000000 360.000000
418.333333 371.666667
420.666667 383.333333
423.333333 394.666667
426.333333 406.666667
430.333333 418.666667
435.333333 431.333333
441.333333 443.666667
448.000000 456.333333
455.666667 469.333333
464.000000 482.333333
473.666667 495.666667
484.333333 508.666667
496.333333 521.666667
509.666667 534.666667
524.000000 547.333333
539.000000 560.000000
554.666667 572.333333
571.000000 584.666667
588.000000 597.333333
605.333333 610.000000
622.666667 623.000000
639.666667 636.333333
656.000000 650.000000
671.333333 663.666667
685.333333 676.666667
697.666667 689.333333
708.333333 701.333333
717.333333 712.666667
725.000000 722.666667
731.333333 731.666667
737.333333 740.000000
742.333333 747.333333
747.000000 753.666667
750.666667 758.666667
753.666667 762.666667
756.000000 765.333333
758.000000 767.333333
760.000000 768.666667
761.666667 770.000000
763.000000 770.333333
764.333333 770.000000
765.666667 769.000000
767.333333 767.333333
768.666667 765.666667
770.333333 763.666667
771.666667 762.000000
773.000000 760.333333
774.333333 758.666667
775.666667 757.000000
777.000000 755.000000
778.000000 753.000000
779.000000 750.333333
