839.666667 379.666667
840.000000 375.000000
840.333333 370.000000
841.000000 365.000000
842.000000 360.000000
843.000000 354.333333
844.000000 348.333333
845.000000 341.666667
846.333333 335.000000
848.000000 327.666667
850.333333 320.333333
853.000000 312.666667
855.666667 305.333333
858.000000 297.666667
860.333333 290.000000
863.333333 281.666667
867.000000 273.666667
871.000000 265.666667
875.666667 258.000000
880.666667 250.333333
886.333333 242.666667
892.000000 235.000000
898.000000 227.000000
904.000000 219.333333
910.000000 212.000000
916.666667 205.000000
924.000000 198.000000
931.666667 191.000000
939.000000 184.000000
945.666667 177.333333
952.666667 171.000000
960.000000 165.000000
968.000000 159.333333
976.000000 154.333333
984.000000 150.333333
992.000000 147.000000
1000.000000 144.000000
1008.333333 141.333333
1017.333333 139.333333
1026.333333 138.000000
1041.000000 137.666667
1055.333333 138.000000
1070.000000 139.000000
1078.333333 140.333333
1086.333333 142.000000
1094.000000 144.333333
1102.000000 147.333333
1110.333333 151.000000
1118.666667 155.333333
1127.000000 159.666667
1134.333333 164.333333
1141.333333 169.333333
1147.666667 175.000000
1154.333333 181.333333
1161.000000 188.333333
1167.666667 196.000000
1174.000000 204.333333
1179.333333 213.000000
1184.000000 222.666667
1187.666667 232.666667
1191.000000 243.666667
1193.666667 254.666667
1195.666667 265.666667
1197.000000 276.333333
1198.000000 287.000000
1198.666667 298.000000
1199.000000 308.333333
1199.333333 318.333333
1199.333333 328.000000
1199.333333 338.000000
1199.000000 348.333333
1198.333333 358.666667
1197.333333 368.666667
1195.666667 378.000000
1194.000000 387.000000
1191.666667 396.000000
1189.000000 405.000000
1186.000000 413.666667
1182.666667 421.666667
1179.000000 429.666667
1174.666667 437.666667
1170.000000 446.000000
1165.333333 454.333333
1161.000000 462.666667
1156.666667 471.000000
1151.666667 479.333333
1146.000000 488.000000
1139.666667 497.000000
1133.000000 506.000000
1126.000000 514.333333
1119.000000 522.666667
1111.666667 531.000000
1104.000000 539.666667
1095.333333 548.333333
1086.666667 556.666667
1078.000000 565.000000
1069.666667 573.666667
1061.000000 583.000000
1052.000000 593.333333
1043.000000 603.666667
1034.000000 614.666667
1025.000000 625.666667
1016.000000 637.666667
1006.333333 649.333333
996.333333 661.000000
985.666667 672.666667
975.000000 684.333333
963.333333 696.000000
951.666667 706.666667
940.000000 717.333333
929.000000 727.666667
918.000000 738.000000
907.000000 748.000000
896.666667 757.333333
887.000000 766.000000
878.333333 774.000000
870.333333 782.000000
863.000000 789.666667
856.333333 796.666667
850.333333 802.666667
845.333333 807.333333
841.666667 811.000000
839.000000 813.333333
837.333333 815.000000
836.000000 816.000000
