824.000000 453.333333
824.000000 451.666667
824.000000 450.000000
824.000000 448.000000
824.333333 446.000000
824.666667 444.333333
825.000000 442.666667
825.000000 441.000000
825.000000 438.666667
825.000000 436.333333
825.000000 433.666667
825.333333 431.333333
825.666667 428.666667
826.000000 426.000000
826.000000 423.000000
826.000000 420.000000
826.333333 416.666667
826.666667 413.333333
827.000000 409.666667
827.000000 406.000000
827.333333 402.000000
827.666667 398.000000
828.000000 393.666667
828.333333 389.000000
829.000000 384.000000
830.000000 379.000000
830.666667 374.000000
831.333333 369.000000
832.000000 364.000000
833.333333 358.666667
834.666667 353.333333
836.000000 348.000000
837.333333 342.666667
838.666667 337.000000
840.333333 331.000000
841.666667 325.000000
843.333333 319.000000
844.666667 313.000000
846.333333 307.333333
848.000000 301.666667
849.666667 296.000000
851.333333 290.333333
852.666667 284.666667
854.333333 279.333333
856.000000 273.666667
858.000000 268.333333
859.666667 263.000000
861.333333 258.000000
864.000000 252.000000
867.333333 246.000000
871.000000 240.000000
874.000000 235.000000
877.333333 230.333333
881.000000 225.666667
885.000000 221.333333
889.333333 216.666667
893.666667 212.000000
898.000000 207.333333
902.000000 203.333333
906.000000 199.666667
910.000000 196.000000
914.333333 192.000000
919.333333 188.000000
924.666667 184.000000
930.000000 180.333333
935.333333 176.666667
940.666667 173.333333
946.000000 170.000000
951.000000 167.000000
955.666667 164.333333
960.333333 161.666667
965.000000 159.333333
970.000000 156.666667
975.000000 154.333333
980.000000 152.333333
984.666667 150.666667
989.333333 149.333333
993.666667 148.000000
998.000000 147.000000
1003.000000 146.000000
1014.666667 145.666667
1028.333333 146.000000
1041.000000 147.000000
1047.333333 148.000000
1052.000000 149.000000
1057.000000 150.000000
1062.000000 151.333333
1067.000000 153.000000
1072.000000 155.333333
1077.000000 157.666667
1082.000000 160.666667
1086.666667 163.666667
1091.333333 167.333333
1095.666667 171.000000
1099.666667 175.000000
1103.333333 179.000000
1106.666667 183.000000
1110.333333 187.333333
1114.000000 192.000000
1118.000000 197.000000
1122.333333 202.333333
1126.333333 208.333333
1130.000000 214.666667
1133.000000 221.333333
1136.000000 227.666667
1138.666667 233.666667
1141.000000 239.333333
1143.000000 245.000000
1144.666667 251.666667
1146.000000 258.333333
1147.000000 265.000000
1147.666667 271.333333
1148.333333 277.666667
1148.333333 286.666667
1148.333333 295.666667
1148.000000 305.666667
1147.666667 313.333333
1147.000000 321.333333
1146.000000 328.666667
1145.000000 336.333333
1143.666667 343.666667
1142.000000 351.333333
1140.000000 359.000000
1138.000000 366.666667
1136.000000 374.000000
1133.333333 381.000000
1130.333333 388.000000
1127.000000 395.333333
1123.666667 403.000000
1120.000000 411.000000
1116.333333 418.666667
1112.666667 426.333333
1109.333333 433.666667
1105.666667 441.666667
1102.000000 449.666667
1097.666667 458.000000
1093.000000 466.000000
1087.333333 474.333333
1081.333333 483.000000
1074.666667 492.000000
1068.333333 501.333333
1061.666667 510.666667
1054.666667 520.000000
1047.000000 529.333333
1038.666667 539.333333
1030.333333 549.666667
1022.333333 559.666667
1014.000000 569.333333
1005.333333 579.333333
995.666667 590.000000
986.333333 601.000000
977.000000 612.000000
967.000000 623.666667
956.333333 636.000000
945.000000 648.666667
934.000000 660.666667
922.666667 672.333333
911.333333 683.666667
899.666667 695.000000
888.666667 705.666667
878.000000 715.666667
868.333333 724.666667
858.666667 732.666667
849.666667 740.000000
841.333333 746.333333
835.000000 751.333333
830.000000 755.000000
826.666667 757.666667
824.000000 759.666667
822.333333 761.000000
821.333333 761.333333
821.000000 761.000000
821.000000 760.000000
821.000000 759.000000
821.000000 758.000000
821.000000 757.000000
821.000000 756.000000
821.000000 755.000000
821.000000 753.666667
