944.333333 358.000000
945.000000 355.000000
945.666667 352.000000
946.333333 349.000000
946.666667 345.666667
947.333333 341.666667
947.666667 337.000000
948.333333 332.000000
949.000000 327.000000
949.666667 321.666667
950.333333 316.000000
951.000000 310.666667
952.000000 305.333333
952.666667 300.666667
953.333333 295.333333
954.000000 290.000000
955.000000 284.000000
956.333333 277.666667
957.666667 271.333333
959.333333 264.666667
961.000000 258.333333
963.666667 251.666667
966.666667 245.333333
970.666667 238.333333
975.000000 231.333333
980.000000 224.000000
985.000000 217.333333
989.666667 211.000000
994.333333 205.333333
999.000000 199.333333
1003.666667 193.666667
1008.333333 187.666667
1013.333333 182.000000
1019.000000 176.000000
1025.000000 170.333333
1031.000000 165.000000
1036.666667 160.000000
1042.333333 155.333333
1047.666667 151.333333
1053.333333 147.666667
1059.333333 144.000000
1065.666667 140.000000
1072.333333 136.333333
1078.666667 133.000000
1085.000000 130.000000
1091.333333 127.000000
1097.666667 124.000000
1104.666667 121.333333
1111.666667 119.000000
1119.333333 117.333333
1126.666667 116.000000
1140.333333 115.666667
1153.666667 116.333333
1167.000000 118.333333
1173.666667 121.000000
1180.000000 124.000000
1185.666667 127.333333
1191.000000 131.000000
1196.333333 135.000000
1201.666667 139.333333
1207.333333 144.000000
1212.666667 149.666667
1218.333333 156.000000
1223.333333 163.333333
1228.000000 171.000000
1232.000000 179.000000
1235.666667 187.333333
1238.666667 196.000000
1240.666667 205.333333
1242.333333 215.000000
1243.333333 224.666667
1244.000000 234.333333
1244.000000 244.000000
1244.000000 254.000000
1244.000000 263.666667
1243.666667 273.333333
1243.000000 283.000000
1242.000000 293.333333
1241.000000 303.666667
1239.666667 314.000000
1237.666667 324.333333
1235.333333 335.333333
1232.333333 346.666667
1229.000000 358.000000
1225.000000 368.666667
1220.666667 379.333333
1216.000000 390.000000
1211.333333 401.000000
1206.666667 412.000000
1202.000000 422.666667
1197.000000 433.666667
1191.666667 444.333333
1186.000000 455.333333
1180.000000 465.666667
1173.666667 476.666667
1167.333333 487.666667
1161.000000 499.000000
1155.000000 510.000000
1149.000000 521.000000
1142.666667 532.333333
1136.000000 543.666667
1129.000000 555.000000
1122.333333 566.000000
1116.000000 577.000000
1109.666667 588.333333
1103.333333 600.000000
1096.666667 611.333333
1090.000000 622.333333
1083.000000 633.333333
1076.000000 645.000000
1069.333333 656.333333
1062.666667 667.333333
1056.000000 678.000000
1048.333333 689.000000
1040.333333 700.000000
1032.000000 710.666667
1024.000000 721.000000
1016.000000 731.333333
1008.333333 741.333333
1001.666667 750.333333
996.333333 758.000000
992.000000 764.333333
988.666667 769.666667
985.333333 774.000000
982.000000 778.000000
978.666667 781.666667
976.000000 785.000000
974.333333 787.333333
972.666667 789.333333
971.666667 790.666667
971.000000 792.000000
970.666667 792.333333
