893.000000 195.000000
896.666667 194.000000
900.333333 193.000000
904.000000 192.000000
908.000000 191.000000
912.333333 190.000000
917.000000 189.000000
923.666667 188.000000
932.000000 187.000000
943.000000 186.000000
960.000000 185.666667
976.666667 186.000000
991.666667 187.000000
1000.000000 188.000000
1007.000000 189.333333
1013.000000 190.666667
1018.000000 192.000000
1023.000000 193.333333
1028.000000 194.666667
1033.000000 196.000000
1038.000000 197.333333
1042.666667 199.000000
1047.000000 201.000000
1051.000000 203.333333
1055.333333 206.000000
1060.333333 209.333333
1065.333333 212.666667
1070.666667 216.333333
1075.666667 220.000000
1081.000000 224.000000
1085.666667 227.666667
1090.000000 231.333333
1094.000000 235.333333
1097.666667 239.333333
1101.333333 243.333333
1105.000000 247.333333
1109.000000 251.666667
1113.333333 256.333333
1117.666667 261.333333
1122.333333 266.666667
1126.666667 272.000000
1131.333333 277.000000
1135.666667 282.000000
1141.333333 289.000000
1146.666667 296.333333
1151.666667 304.000000
1155.333333 310.000000
1158.666667 315.666667
1162.333333 321.666667
1165.666667 327.333333
1169.000000 333.000000
1172.000000 338.000000
1175.000000 343.333333
1178.000000 348.666667
1180.666667 354.333333
1183.333333 360.000000
1186.000000 366.333333
1188.666667 372.666667
1191.333333 381.333333
1193.666667 390.000000
1196.000000 399.333333
1197.666667 406.333333
1199.000000 413.333333
1200.000000 420.000000
1200.666667 427.000000
1201.333333 434.000000
1201.666667 441.000000
1202.000000 448.000000
1202.000000 455.000000
1201.666667 461.666667
1201.333333 468.000000
1200.666667 474.333333
1200.000000 480.666667
1199.000000 487.666667
1198.000000 494.333333
1197.000000 501.333333
1195.666667 508.000000
1194.333333 514.666667
1192.666667 521.333333
1191.000000 528.000000
1188.666667 535.000000
1186.000000 542.000000
1183.000000 549.333333
1179.666667 556.333333
1176.000000 563.333333
1172.333333 569.666667
1168.666667 576.000000
1165.000000 582.000000
1161.000000 588.333333
1157.000000 594.666667
1153.000000 601.333333
1149.000000 607.666667
1144.666667 614.333333
1140.000000 620.666667
1135.000000 626.666667
1129.666667 632.333333
1124.000000 638.000000
1118.333333 644.000000
1113.000000 650.000000
1108.000000 655.666667
1102.333333 661.000000
1096.000000 666.333333
1089.000000 671.333333
1082.000000 676.000000
1075.333333 680.000000
1068.666667 684.666667
1061.666667 689.666667
1054.000000 695.000000
1046.000000 700.000000
1038.333333 704.666667
1030.666667 709.333333
1023.333333 713.666667
1015.666667 718.000000
1007.666667 722.333333
998.666667 726.666667
989.666667 731.000000
980.666667 734.666667
972.000000 738.333333
963.000000 742.333333
953.666667 746.666667
944.666667 751.000000
936.000000 755.000000
928.000000 759.000000
920.333333 763.000000
913.000000 766.666667
906.000000 769.666667
899.000000 772.333333
892.333333 774.666667
886.333333 777.000000
881.000000 778.666667
876.333333 780.000000
872.333333 781.000000
869.000000 782.000000
866.000000 782.333333
