869.666667 338.333333
867.666667 332.666667
865.000000 325.666667
861.666667 317.666667
857.666667 309.000000
852.666667 299.000000
846.666667 288.000000
840.000000 275.666667
832.333333 262.333333
824.000000 247.666667
814.666667 232.000000
804.666667 215.666667
794.000000 199.000000
782.666667 182.333333
770.666667 166.000000
758.000000 150.666667
745.666667 136.666667
733.333333 124.666667
721.333333 114.666667
709.333333 106.666667
698.333333 100.666667
688.000000 96.666667
678.000000 94.333333
667.666667 94.000000
657.333333 95.000000
647.000000 97.666667
637.000000 101.333333
627.000000 106.666667
616.666667 113.000000
606.333333 120.000000
596.333333 127.333333
587.000000 135.333333
578.000000 144.333333
569.333333 154.000000
561.000000 164.000000
553.666667 174.666667
547.000000 186.333333
541.666667 199.000000
537.000000 212.333333
533.666667 226.666667
531.333333 242.000000
530.000000 257.666667
529.666667 273.666667
529.666667 289.666667
530.333333 306.333333
531.333333 323.000000
533.000000 339.666667
535.333333 355.666667
538.333333 371.000000
542.333333 386.000000
547.000000 400.666667
552.333333 415.333333
558.000000 429.666667
564.000000 444.000000
570.666667 457.666667
578.333333 471.333333
587.333333 485.000000
596.666667 499.000000
606.666667 513.000000
617.666667 527.333333
630.000000 542.000000
643.000000 556.666667
656.333333 571.333333
670.333333 586.000000
684.666667 600.666667
699.000000 615.333333
713.333333 629.666667
727.333333 643.333333
741.000000 656.333333
753.666667 668.666667
766.333333 680.666667
778.666667 692.000000
790.666667 702.666667
802.000000 713.000000
813.000000 722.666667
823.666667 732.000000
833.666667 740.333333
841.666667 747.333333
848.000000 752.666667
852.333333 756.666667
856.000000 759.666667
858.333333 761.666667
860.000000 763.000000
861.333333 763.333333
