580.000000 342.000000
568.333333 336.333333
556.666667 331.333333
545.000000 327.000000
532.666667 323.333333
520.666667 320.000000
509.000000 317.000000
498.333333 314.333333
487.666667 312.333333
477.666667 310.666667
463.333333 310.000000
450.666667 310.333333
439.333333 312.666667
434.000000 316.000000
429.000000 320.666667
423.666667 326.666667
418.666667 335.000000
414.666667 345.000000
412.000000 356.000000
410.666667 367.333333
410.000000 379.333333
411.000000 392.333333
413.333333 405.666667
417.666667 420.000000
423.333333 434.666667
430.333333 450.000000
438.333333 465.000000
447.666667 480.000000
457.333333 494.666667
467.666667 509.000000
478.333333 523.333333
490.000000 537.666667
501.666667 552.333333
513.666667 567.000000
526.666667 582.333333
540.333333 597.666667
554.333333 613.666667
568.000000 629.666667
581.666667 645.333333
594.666667 660.666667
607.333333 676.000000
620.000000 692.333333
633.000000 708.666667
645.666667 725.000000
657.666667 740.333333
669.333333 755.000000
680.666667 768.666667
691.666667 782.000000
702.000000 794.333333
712.000000 805.666667
721.666667 815.333333
731.333333 823.666667
740.333333 831.000000
748.666667 837.000000
