878.000000 343.666667
878.000000 342.000000
878.000000 340.333333
878.333333 338.333333
878.666667 336.333333
879.333333 334.000000
880.000000 331.333333
881.000000 328.333333
882.333333 324.666667
884.000000 321.000000
886.000000 317.000000
888.333333 313.000000
891.000000 308.666667
894.000000 304.666667
897.000000 300.666667
900.666667 296.666667
905.000000 292.000000
910.333333 286.666667
916.666667 281.000000
924.000000 275.000000
932.333333 269.000000
940.666667 263.000000
949.333333 257.333333
958.000000 252.000000
967.333333 247.333333
976.666667 242.666667
986.000000 238.333333
995.000000 234.000000
1004.000000 229.666667
1013.333333 225.333333
1022.666667 221.000000
1032.000000 217.000000
1040.666667 213.333333
1049.333333 210.000000
1058.000000 207.000000
1067.000000 204.333333
1076.000000 202.333333
1084.333333 201.000000
1095.000000 200.666667
1105.666667 201.000000
1117.000000 202.000000
1125.333333 203.333333
1133.000000 205.000000
1140.000000 207.666667
1146.666667 210.666667
1152.666667 214.000000
1158.333333 217.333333
1163.666667 221.000000
1169.333333 225.000000
1174.333333 229.000000
1179.333333 233.000000
1183.666667 237.000000
1188.000000 241.333333
1192.000000 246.000000
1196.000000 251.666667
1199.666667 258.000000
1203.333333 265.000000
1206.333333 272.000000
1209.333333 279.000000
1211.666667 286.000000
1214.333333 293.000000
1216.666667 300.333333
1218.666667 308.000000
1219.666667 315.666667
1220.000000 322.666667
1220.000000 329.333333
1219.666667 336.333333
1218.333333 344.666667
1216.000000 353.666667
1213.000000 363.333333
1210.000000 373.000000
1206.666667 383.666667
1203.333333 395.000000
1199.666667 406.666667
1196.000000 418.000000
1192.000000 428.666667
1187.666667 439.000000
1183.333333 449.000000
1178.666667 458.666667
1174.000000 468.000000
1169.000000 477.333333
1164.000000 487.333333
1159.000000 497.666667
1153.666667 508.000000
1147.666667 518.333333
1141.000000 529.000000
1133.666667 540.000000
1126.000000 551.000000
1118.333333 561.666667
1110.333333 572.333333
1101.666667 583.000000
1092.000000 594.000000
1082.333333 604.666667
1072.333333 615.000000
1061.333333 625.333333
1049.000000 636.333333
1036.000000 647.666667
1022.000000 659.333333
1007.333333 671.000000
991.666667 682.666667
975.666667 694.333333
959.666667 705.333333
944.000000 716.000000
929.333333 726.000000
915.000000 735.666667
902.333333 744.333333
892.000000 751.666667
884.666667 757.333333
879.333333 761.333333
875.666667 764.000000
873.333333 765.666667
872.000000 767.000000
871.333333 767.333333
871.666667 764.333333
