1116.000000 423.666667
1104.333333 421.333333
1091.666667 418.666667
1079.333333 416.000000
1066.000000 413.000000
1052.333333 410.000000
1037.666667 407.000000
1022.666667 403.666667
1007.333333 400.333333
992.000000 397.000000
976.000000 394.000000
959.666667 390.666667
943.333333 387.333333
927.666667 383.666667
912.333333 380.333333
897.333333 377.000000
882.333333 373.666667
867.333333 370.333333
852.333333 367.000000
837.333333 363.666667
822.000000 360.333333
806.333333 357.000000
790.666667 354.333333
774.666667 351.666667
758.666667 349.333333
742.666667 346.666667
726.666667 344.333333
710.666667 342.000000
694.666667 340.000000
679.000000 338.000000
663.333333 335.666667
648.000000 333.000000
632.666667 330.333333
617.666667 328.000000
602.333333 326.000000
587.333333 324.333333
572.333333 322.666667
558.000000 321.333333
543.666667 320.000000
529.333333 319.000000
510.666667 318.000000
487.666667 317.000000
456.333333 316.000000
429.666667 315.000000
408.333333 314.000000
395.333333 313.000000
382.000000 312.000000
368.333333 311.000000
354.666667 310.000000
341.000000 309.000000
323.333333 308.000000
305.666667 307.000000
280.333333 306.000000
247.666667 305.666667
212.333333 306.000000
168.333333 306.333333
136.000000 306.000000
110.000000 305.000000
104.666667 304.000000
