157.333333 211.000000
168.000000 210.000000
178.666667 209.000000
190.333333 208.000000
202.666667 207.000000
215.000000 206.000000
227.333333 205.000000
240.333333 204.000000
257.666667 203.000000
275.666667 202.000000
293.666667 201.000000
308.000000 200.000000
322.333333 199.000000
337.000000 198.000000
352.000000 197.000000
372.333333 196.000000
392.666667 195.000000
413.666667 194.000000
429.333333 193.000000
450.333333 192.000000
476.000000 191.000000
507.333333 190.000000
548.333333 189.666667
594.000000 190.000000
633.666667 191.000000
663.333333 192.000000
682.333333 193.000000
701.666667 194.000000
716.333333 195.000000
731.000000 196.000000
751.000000 197.000000
770.333333 198.000000
790.333333 199.000000
805.333333 200.333333
820.666667 201.666667
835.666667 203.000000
850.666667 204.333333
865.666667 205.666667
880.666667 207.333333
895.666667 208.666667
910.666667 210.333333
926.000000 211.666667
941.000000 213.333333
956.333333 215.000000
971.333333 217.000000
986.333333 219.000000
1001.333333 221.000000
1016.333333 223.333333
1031.333333 225.333333
1046.000000 227.333333
1060.666667 229.000000
1075.333333 230.666667
1090.000000 232.333333
1104.666667 233.666667
1119.000000 235.000000
1133.333333 236.000000
1148.000000 237.000000
1162.333333 238.000000
1181.000000 239.000000
1199.000000 240.000000
1221.333333 241.000000
1242.666667 242.000000
1267.333333 243.000000
1287.666667 244.000000
1303.333333 245.000000
1314.666667 246.000000
1325.000000 247.000000
1335.000000 248.000000
1345.333333 249.333333
1355.333333 250.666667
1365.000000 252.000000
1373.333333 253.333333
1381.333333 254.666667
1389.000000 256.333333
1397.000000 258.000000
1405.000000 259.666667
1412.666667 261.333333
1419.666667 263.000000
1426.333333 264.666667
1432.666667 266.333333
1439.333333 267.666667
1446.333333 269.333333
1453.666667 270.666667
1461.000000 272.000000
1467.666667 273.333333
1474.333333 274.666667
1483.000000 276.333333
1492.000000 277.666667
1501.000000 279.000000
1510.666667 280.666667
1522.666667 282.333333
1538.666667 283.333333
1551.333333 283.000000
1561.000000 282.000000
1566.333333 281.000000
1571.666667 280.000000
1576.333333 279.000000
1580.333333 278.000000
