785.000000 342.666667
785.000000 340.666667
785.000000 338.666667
785.000000 337.000000
785.000000 335.000000
785.000000 333.333333
785.333333 331.000000
786.000000 328.333333
786.666667 325.333333
786.666667 322.666667
786.000000 319.666667
785.000000 316.000000
784.000000 312.000000
783.000000 308.333333
781.666667 304.666667
780.333333 301.000000
779.000000 297.000000
778.333333 293.000000
777.666667 289.000000
777.000000 285.333333
776.000000 281.666667
775.000000 278.000000
773.666667 274.000000
772.333333 270.000000
771.000000 266.333333
769.666667 263.000000
768.000000 259.666667
766.000000 256.333333
764.333333 253.000000
762.666667 250.333333
761.000000 247.666667
758.666667 245.000000
756.333333 242.000000
753.666667 239.000000
750.666667 236.000000
747.333333 233.000000
743.666667 229.666667
740.000000 226.000000
736.000000 222.000000
732.000000 217.666667
728.000000 213.333333
724.333333 209.000000
720.666667 205.000000
717.000000 201.333333
713.333333 198.000000
709.666667 195.333333
706.333333 193.000000
703.000000 191.000000
700.333333 189.333333
697.666667 188.000000
695.000000 187.000000
692.000000 186.000000
689.000000 185.000000
686.000000 184.000000
683.000000 182.666667
680.000000 181.333333
677.000000 179.666667
674.000000 178.000000
670.666667 176.000000
667.333333 174.000000
663.666667 171.666667
660.000000 169.333333
656.000000 167.000000
651.666667 165.000000
647.333333 163.000000
643.000000 161.000000
639.000000 159.333333
635.333333 158.000000
631.666667 157.000000
628.000000 156.000000
624.333333 155.000000
617.333333 154.666667
609.666667 155.000000
602.000000 156.000000
598.333333 157.000000
595.666667 158.000000
593.333333 159.000000
590.666667 160.333333
588.666667 162.000000
586.666667 163.666667
584.666667 165.666667
582.333333 167.666667
580.000000 170.333333
578.000000 172.666667
576.000000 175.000000
573.666667 177.333333
571.333333 180.000000
568.333333 183.000000
565.000000 186.000000
561.333333 189.000000
558.000000 192.000000
554.666667 195.000000
551.333333 198.333333
548.000000 202.000000
544.666667 206.000000
541.333333 210.333333
538.333333 214.666667
536.000000 219.333333
534.000000 224.000000
532.000000 228.666667
529.666667 234.000000
527.666667 239.000000
525.666667 244.000000
524.333333 248.000000
523.000000 252.000000
522.000000 256.333333
521.000000 261.333333
520.000000 266.666667
519.000000 272.000000
518.333333 277.333333
517.333333 284.333333
516.666667 291.333333
515.666667 298.000000
515.000000 303.000000
514.333333 308.000000
514.000000 313.000000
513.666667 318.000000
513.666667 323.000000
513.666667 328.000000
514.333333 333.333333
515.000000 338.666667
516.000000 344.333333
517.333333 350.000000
519.000000 356.333333
521.000000 363.000000
523.000000 369.666667
525.000000 375.666667
527.666667 383.666667
530.666667 391.666667
534.000000 400.333333
537.000000 407.000000
540.000000 414.000000
543.333333 421.000000
547.000000 428.333333
551.000000 436.333333
555.000000 445.000000
558.666667 453.666667
562.000000 462.000000
565.000000 469.666667
567.666667 477.333333
570.333333 484.666667
572.666667 492.000000
575.000000 499.000000
577.000000 505.666667
579.333333 512.333333
582.000000 518.666667
585.000000 525.333333
588.000000 532.000000
591.333333 539.333333
595.000000 547.000000
599.000000 554.666667
603.000000 562.333333
607.000000 570.000000
611.333333 577.666667
615.333333 585.333333
619.333333 593.000000
623.000000 600.666667
627.000000 608.333333
631.000000 615.666667
635.333333 623.333333
640.000000 630.666667
645.000000 638.333333
649.666667 645.666667
654.333333 653.000000
658.666667 659.666667
663.000000 666.000000
667.000000 672.000000
671.000000 677.666667
675.000000 683.666667
679.333333 689.666667
683.666667 696.333333
688.333333 703.000000
693.333333 711.000000
698.666667 720.333333
704.000000 731.666667
708.666667 744.333333
713.000000 758.000000
716.666667 772.000000
720.000000 786.000000
723.333333 799.333333
726.333333 811.666667
729.000000 822.000000
731.000000 830.333333
733.000000 837.000000
734.666667 842.000000
736.000000 846.000000
737.000000 848.666667
738.000000 851.000000
738.000000 852.000000
737.666667 852.000000
737.000000 851.000000
