782.666667 382.333333
781.666667 374.666667
780.000000 366.000000
777.666667 356.333333
775.000000 345.666667
771.666667 334.000000
768.000000 321.666667
763.666667 309.000000
758.666667 295.666667
753.000000 282.000000
747.000000 267.666667
741.000000 253.000000
734.666667 238.000000
728.000000 223.333333
720.666667 209.000000
712.666667 195.000000
704.000000 181.666667
695.333333 169.333333
687.000000 158.333333
679.000000 148.333333
671.000000 139.333333
662.666667 131.666667
654.000000 125.000000
645.333333 120.000000
636.333333 116.333333
626.666667 114.333333
616.000000 113.666667
605.000000 114.666667
593.666667 117.333333
581.666667 121.666667
569.000000 127.000000
556.333333 133.666667
543.666667 141.333333
531.000000 150.333333
518.666667 160.333333
507.000000 171.666667
496.666667 184.000000
486.666667 197.666667
477.666667 211.666667
469.000000 226.666667
461.666667 242.000000
455.000000 258.000000
450.000000 274.000000
445.666667 290.000000
442.666667 306.333333
440.666667 323.000000
440.000000 340.000000
440.333333 356.333333
441.666667 372.000000
444.333333 387.000000
448.666667 402.333333
454.000000 417.666667
460.333333 433.333333
467.333333 448.666667
476.000000 464.333333
486.333333 480.333333
498.666667 497.000000
512.666667 514.000000
528.000000 531.000000
544.666667 548.000000
562.333333 565.333333
580.333333 582.333333
598.666667 599.000000
617.000000 614.666667
636.000000 629.666667
655.000000 643.666667
673.666667 657.000000
692.000000 670.000000
709.333333 682.333333
725.666667 694.000000
740.000000 704.666667
752.333333 714.666667
762.666667 723.666667
771.000000 731.333333
777.333333 738.000000
782.000000 743.333333
785.333333 747.666667
788.000000 750.666667
789.666667 753.333333
790.666667 755.333333
