789.333333 346.666667
790.000000 343.000000
791.000000 339.000000
792.000000 334.333333
793.333333 328.666667
795.333333 322.000000
798.000000 315.000000
801.000000 308.000000
804.333333 300.333333
808.000000 292.000000
811.666667 283.333333
815.333333 274.666667
819.333333 266.000000
824.333333 257.000000
830.000000 247.666667
836.333333 238.000000
842.666667 228.000000
849.333333 218.333333
856.333333 208.333333
864.666667 198.000000
874.000000 187.333333
883.666667 177.000000
894.000000 167.000000
905.000000 157.666667
917.000000 149.000000
928.666667 141.333333
939.666667 134.666667
950.333333 129.000000
961.000000 124.333333
972.000000 120.333333
982.666667 117.333333
1001.666667 116.000000
1020.666667 116.666667
1040.666667 119.666667
1053.000000 124.000000
1066.000000 129.333333
1078.666667 135.333333
1091.000000 142.333333
1103.000000 150.333333
1114.666667 159.333333
1125.666667 169.000000
1135.666667 180.000000
1144.333333 191.666667
1151.666667 204.000000
1157.666667 216.333333
1162.666667 229.000000
1166.666667 242.333333
1169.666667 256.000000
1171.333333 270.333333
1172.000000 285.333333
1171.666667 300.333333
1170.666667 315.666667
1169.000000 331.000000
1166.666667 346.666667
1164.000000 362.333333
1161.000000 378.333333
1157.666667 394.666667
1153.666667 411.666667
1149.333333 428.666667
1144.333333 445.666667
1138.666667 462.333333
1132.000000 478.666667
1125.000000 495.000000
1118.000000 511.333333
1110.666667 528.000000
1102.666667 545.000000
1094.000000 562.000000
1084.666667 578.333333
1075.333333 594.333333
1065.333333 610.000000
1054.666667 626.000000
1043.333333 641.333333
1031.333333 656.333333
1019.333333 670.666667
1006.333333 685.000000
993.000000 699.333333
978.666667 713.666667
964.000000 728.333333
949.333333 742.333333
935.333333 756.333333
921.666667 770.000000
908.666667 783.333333
896.000000 795.333333
885.000000 806.000000
874.666667 815.666667
864.666667 824.666667
854.333333 832.666667
844.333333 839.666667
835.333333 846.000000
827.333333 851.666667
820.333333 856.333333
814.666667 860.000000
810.000000 862.333333
806.666667 864.000000
804.333333 865.000000
802.000000 865.333333
800.333333 865.000000
798.666667 863.333333
