936.000000 216.666667
940.666667 215.000000
945.333333 213.333333
949.333333 212.000000
953.666667 211.000000
957.666667 210.000000
962.666667 209.000000
970.000000 208.000000
996.666667 207.666667
1023.666667 208.000000
1049.333333 209.333333
1057.000000 210.666667
1065.000000 212.333333
1073.000000 214.000000
1080.666667 216.333333
1088.000000 218.666667
1095.333333 221.333333
1103.333333 224.333333
1111.666667 227.666667
1120.000000 231.333333
1128.000000 234.666667
1135.333333 238.000000
1142.000000 241.333333
1148.333333 245.333333
1155.000000 250.000000
1162.000000 255.000000
1168.666667 260.333333
1175.333333 265.666667
1181.333333 271.333333
1186.666667 276.666667
1191.333333 282.000000
1195.666667 287.000000
1200.000000 292.333333
1204.000000 298.333333
1208.000000 305.333333
1212.000000 312.666667
1215.666667 320.000000
1219.333333 327.666667
1222.666667 336.333333
1226.000000 346.000000
1229.000000 356.000000
1231.333333 365.333333
1233.333333 374.333333
1234.666667 383.333333
1236.000000 392.333333
1237.000000 401.333333
1237.666667 409.666667
1238.333333 417.666667
1238.666667 425.000000
1239.000000 432.000000
1239.000000 439.333333
1239.000000 447.000000
1238.666667 455.000000
1238.333333 462.666667
1237.666667 470.000000
1236.666667 477.666667
1235.333333 486.000000
1234.000000 494.666667
1232.666667 503.333333
1230.666667 511.666667
1228.000000 519.666667
1225.000000 527.333333
1222.000000 535.000000
1219.000000 543.000000
1215.666667 550.666667
1212.333333 558.333333
1209.000000 565.333333
1206.000000 572.333333
1202.666667 579.000000
1199.333333 586.000000
1195.333333 593.333333
1190.666667 600.666667
1185.000000 608.000000
1179.000000 615.000000
1173.000000 621.666667
1167.000000 628.333333
1161.000000 635.000000
1155.000000 642.333333
1149.000000 649.333333
1142.000000 656.666667
1134.333333 663.333333
1126.666667 670.000000
1119.666667 675.666667
1113.000000 681.666667
1105.333333 688.000000
1096.666667 695.333333
1087.666667 702.333333
1079.000000 709.000000
1071.000000 715.000000
1063.000000 721.000000
1054.000000 727.000000
1044.666667 732.666667
1035.333333 738.000000
1027.000000 743.000000
1019.333333 747.666667
1011.666667 752.333333
1003.000000 757.000000
993.666667 762.000000
984.666667 766.333333
976.666667 770.333333
969.000000 773.666667
960.666667 777.000000
951.666667 780.333333
943.333333 783.333333
936.333333 786.000000
931.666667 787.666667
928.000000 789.333333
925.333333 790.666667
923.333333 792.000000
922.000000 792.333333
