761.333333 302.333333
755.666667 292.666667
748.666667 282.000000
740.666667 270.666667
731.000000 258.333333
719.666667 244.666667
707.000000 230.333333
693.666667 215.333333
679.333333 200.333333
664.666667 185.000000
649.333333 170.333333
634.000000 156.333333
618.666667 143.000000
603.333333 130.000000
588.000000 117.666667
572.000000 106.000000
556.333333 95.333333
540.666667 85.333333
525.000000 76.666667
509.000000 69.666667
492.666667 64.333333
476.333333 60.666667
454.000000 59.333333
432.666667 60.333333
412.000000 64.000000
398.000000 69.666667
384.666667 77.333333
372.666667 87.000000
362.666667 98.333333
354.333333 111.666667
347.666667 126.333333
343.000000 142.000000
340.000000 158.333333
339.000000 176.000000
339.333333 194.666667
342.000000 214.666667
346.333333 235.000000
352.333333 256.333333
359.333333 278.000000
367.666667 300.000000
377.666667 322.333333
389.666667 344.333333
403.333333 366.333333
418.666667 388.333333
435.333333 411.000000
453.666667 433.666667
473.333333 456.333333
494.000000 478.666667
515.333333 501.333333
537.000000 523.333333
559.000000 545.000000
580.666667 565.666667
602.000000 586.333333
622.333333 606.666667
641.666667 626.666667
659.333333 645.333333
675.666667 662.666667
690.000000 678.333333
705.666667 695.666667
719.333333 711.333333
731.333333 725.000000
