594.666667 355.333333
591.333333 351.000000
588.333333 347.000000
585.666667 343.000000
583.333333 338.666667
580.666667 334.000000
578.333333 328.666667
576.333333 323.000000
575.000000 317.000000
574.000000 310.666667
573.333333 304.333333
573.000000 297.333333
573.000000 290.000000
573.333333 282.000000
574.000000 274.000000
574.666667 266.333333
575.666667 258.666667
577.000000 251.000000
579.333333 242.666667
582.000000 234.000000
585.333333 225.000000
589.000000 216.333333
593.333333 207.666667
598.000000 198.666667
603.000000 189.000000
608.000000 179.333333
613.000000 170.000000
618.333333 161.333333
624.000000 152.666667
630.333333 144.000000
637.333333 135.000000
644.333333 126.333333
651.333333 118.333333
658.000000 111.000000
665.333333 104.000000
673.000000 97.000000
681.000000 90.000000
689.000000 83.666667
696.666667 78.000000
704.000000 73.000000
711.333333 68.666667
719.000000 65.000000
727.000000 62.333333
735.000000 60.000000
742.666667 58.000000
762.666667 57.333333
783.000000 58.333333
804.666667 61.333333
815.000000 65.666667
825.666667 70.666667
835.666667 76.333333
844.333333 82.000000
852.333333 88.333333
859.666667 95.333333
866.666667 103.333333
873.333333 112.000000
879.333333 121.000000
885.333333 130.666667
890.666667 141.000000
895.666667 152.666667
900.000000 164.666667
903.666667 177.666667
907.000000 191.333333
910.000000 206.000000
912.666667 222.000000
915.333333 238.666667
917.666667 256.000000
919.666667 273.666667
921.333333 291.666667
922.333333 310.333333
923.333333 329.000000
923.666667 347.333333
923.666667 365.666667
923.000000 383.666667
922.000000 402.666667
920.666667 421.666667
919.000000 440.666667
917.000000 459.666667
914.666667 478.666667
912.000000 498.333333
908.666667 518.000000
905.000000 538.000000
900.666667 558.333333
895.666667 579.000000
890.000000 600.000000
884.000000 620.666667
878.000000 641.000000
871.666667 661.000000
865.000000 680.333333
858.000000 698.000000
851.000000 714.333333
844.333333 729.333333
838.000000 743.333333
832.333333 755.000000
827.666667 764.333333
824.000000 771.000000
821.333333 776.000000
819.333333 779.000000
818.333333 781.000000
818.000000 782.000000
817.666667 782.333333
817.333333 781.666667
816.666667 780.000000
