468.000000 279.666667
464.666667 269.666667
460.666667 259.000000
456.000000 247.666667
451.000000 236.333333
445.666667 224.666667
439.666667 213.000000
432.333333 201.333333
423.666667 189.666667
413.666667 178.666667
402.333333 168.000000
390.000000 158.666667
376.666667 151.000000
363.333333 145.333333
349.666667 141.333333
332.666667 139.333333
316.666667 139.333333
302.000000 141.666667
292.000000 145.333333
281.666667 150.333333
271.666667 156.000000
261.666667 162.333333
252.000000 168.666667
241.666667 175.666667
231.333333 182.666667
221.666667 190.333333
213.333333 198.000000
206.000000 206.333333
199.333333 214.666667
193.333333 223.333333
188.666667 232.000000
185.333333 241.333333
183.333333 251.000000
182.333333 261.333333
182.000000 272.333333
182.666667 284.000000
184.333333 296.000000
187.000000 308.333333
190.666667 321.333333
195.333333 335.333333
201.666667 350.000000
209.000000 365.333333
217.333333 381.333333
226.666667 398.000000
237.333333 415.333333
249.000000 433.000000
261.666667 451.000000
275.333333 469.000000
289.666667 487.000000
304.666667 505.000000
320.333333 523.000000
337.000000 540.333333
354.000000 557.333333
371.333333 574.000000
389.000000 590.666667
406.666667 607.000000
424.000000 623.333333
440.000000 639.333333
454.666667 655.000000
467.000000 669.666667
477.000000 683.333333
484.333333 695.333333
489.333333 705.666667
492.333333 715.000000
494.000000 723.666667
494.666667 731.666667
494.666667 738.666667
494.333333 744.666667
493.666667 749.333333
493.000000 753.000000
492.000000 755.333333
491.333333 757.000000
490.666667 756.666667
