750.000000 298.666667
750.000000 295.333333
784.666667 292.000000
819.000000 288.666667
853.000000 285.000000
851.666667 280.666667
850.000000 276.000000
847.666667 271.000000
845.000000 266.000000
842.000000 260.666667
838.666667 255.333333
835.333333 250.000000
832.000000 244.666667
828.666667 239.000000
825.333333 232.666667
821.666667 226.333333
818.333333 220.000000
814.333333 213.666667
810.000000 207.333333
805.000000 200.666667
799.666667 194.000000
794.000000 187.000000
788.000000 180.000000
782.000000 173.333333
776.000000 167.333333
770.000000 162.000000
763.666667 157.000000
757.000000 152.666667
750.000000 149.000000
743.333333 146.000000
736.666667 143.333333
730.333333 141.000000
723.666667 139.333333
717.000000 138.000000
703.333333 138.000000
690.000000 138.666667
677.000000 140.333333
670.333333 142.333333
663.333333 145.000000
656.333333 148.333333
650.000000 152.000000
644.000000 156.000000
638.333333 160.333333
633.333333 164.666667
628.666667 169.333333
624.000000 174.000000
619.333333 179.000000
615.000000 184.333333
611.000000 189.666667
607.000000 195.666667
603.000000 201.333333
599.333333 207.666667
596.000000 213.666667
593.333333 220.000000
591.000000 226.000000
589.000000 232.333333
587.333333 239.000000
585.666667 246.333333
584.666667 254.000000
583.666667 261.666667
583.666667 269.333333
583.666667 277.000000
584.333333 285.000000
585.000000 293.000000
586.333333 301.000000
588.000000 309.000000
590.000000 316.666667
592.000000 324.000000
594.333333 331.333333
597.333333 339.000000
601.000000 347.333333
605.000000 356.000000
609.000000 365.000000
613.333333 374.333333
618.000000 384.000000
623.000000 394.000000
628.333333 404.333333
634.333333 414.666667
641.333333 425.666667
648.666667 437.000000
656.000000 448.666667
663.333333 460.000000
671.000000 471.333333
679.666667 483.000000
688.333333 494.666667
697.333333 506.333333
706.000000 518.000000
715.333333 530.333333
725.000000 542.666667
735.000000 555.333333
745.000000 568.666667
754.666667 582.666667
764.666667 597.333333
774.666667 611.666667
784.666667 626.333333
793.666667 640.333333
802.333333 653.666667
811.000000 665.666667
820.000000 677.000000
829.000000 687.666667
837.666667 697.333333
845.333333 705.333333
851.333333 711.333333
856.000000 716.000000
859.333333 719.666667
862.000000 722.666667
864.000000 725.333333
865.666667 728.000000
866.666667 730.666667
867.000000 732.666667
867.000000 734.333333
867.000000 735.666667
