758.000000 370.333333
758.000000 367.666667
758.000000 365.000000
758.000000 362.333333
758.000000 359.666667
758.000000 357.333333
758.000000 354.666667
757.666667 352.333333
757.333333 350.000000
757.000000 347.666667
756.666667 345.000000
756.333333 342.000000
755.333333 337.666667
754.000000 333.000000
752.333333 327.666667
750.666667 323.000000
749.333333 317.666667
747.666667 312.333333
746.000000 307.333333
744.333333 302.666667
742.666667 298.333333
741.333333 294.000000
739.666667 290.000000
738.333333 286.000000
736.666667 282.000000
735.000000 277.666667
733.000000 273.000000
730.666667 268.000000
728.333333 263.000000
725.666667 258.333333
723.333333 253.666667
720.666667 249.000000
718.000000 244.000000
715.000000 239.000000
712.000000 233.666667
709.000000 228.333333
706.000000 223.333333
703.000000 219.000000
700.000000 214.666667
697.000000 210.666667
694.000000 206.666667
691.000000 203.333333
688.333333 200.000000
685.666667 197.000000
682.666667 194.000000
679.000000 191.000000
675.333333 187.666667
671.666667 184.333333
667.666667 181.000000
663.333333 178.000000
658.666667 175.000000
654.000000 172.333333
649.000000 170.000000
644.000000 168.000000
639.333333 166.000000
634.666667 164.333333
630.000000 163.000000
625.000000 162.666667
617.333333 163.333333
609.000000 165.333333
600.333333 168.000000
594.000000 171.333333
588.000000 175.000000
582.000000 179.666667
576.000000 184.666667
570.000000 190.000000
563.666667 195.000000
557.666667 200.000000
551.666667 205.333333
546.333333 210.333333
540.666667 215.000000
535.333333 219.000000
530.000000 223.000000
525.000000 227.000000
520.000000 231.000000
515.333333 234.666667
510.666667 238.000000
506.333333 241.000000
502.333333 244.000000
499.000000 247.000000
496.000000 250.000000
493.000000 253.000000
490.000000 256.333333
487.333333 260.000000
484.666667 264.000000
482.333333 268.000000
480.333333 272.333333
479.000000 277.333333
478.000000 282.333333
477.000000 287.666667
476.000000 292.333333
475.333333 297.333333
475.000000 302.333333
475.000000 307.333333
475.000000 312.333333
475.000000 316.666667
475.333333 321.000000
475.666667 325.333333
476.000000 329.666667
476.333333 333.666667
477.000000 337.333333
478.000000 340.666667
479.000000 344.333333
480.000000 348.000000
481.333333 352.000000
482.666667 356.000000
484.333333 360.000000
486.000000 364.000000
488.000000 368.000000
490.333333 372.000000
493.000000 376.000000
496.000000 380.333333
499.333333 384.666667
502.666667 389.000000
506.666667 393.000000
510.333333 397.000000
514.000000 401.000000
517.333333 405.000000
520.666667 409.000000
524.333333 412.666667
528.000000 416.666667
531.666667 420.666667
535.333333 425.333333
539.333333 430.000000
544.000000 435.000000
549.000000 439.666667
553.666667 444.333333
558.333333 449.333333
563.000000 454.666667
567.666667 460.000000
572.000000 465.333333
576.000000 470.666667
580.333333 476.000000
585.000000 481.666667
590.333333 487.666667
595.666667 494.000000
601.000000 500.000000
606.000000 506.000000
611.333333 512.333333
616.666667 519.000000
621.666667 526.333333
626.333333 534.000000
631.000000 542.000000
635.666667 550.000000
640.333333 557.666667
645.000000 565.333333
649.666667 573.000000
654.333333 581.000000
658.666667 589.000000
663.000000 597.000000
667.000000 604.666667
670.666667 612.333333
674.333333 620.000000
678.000000 628.333333
682.000000 637.000000
686.333333 646.333333
690.666667 655.666667
695.333333 665.333333
699.666667 675.333333
704.333333 686.000000
708.666667 697.000000
712.666667 708.000000
716.333333 719.000000
719.666667 730.000000
723.000000 740.666667
726.000000 750.333333
728.666667 759.333333
731.333333 767.333333
734.333333 776.666667
738.000000 786.333333
741.666667 796.333333
744.333333 803.000000
745.666667 807.000000
746.000000 809.000000
746.333333 810.666667
746.666667 812.333333
747.000000 813.666667
747.000000 815.000000
747.000000 816.000000
