551.000000 353.666667
549.000000 348.333333
547.333333 342.333333
546.000000 336.000000
545.333333 331.000000
545.000000 325.666667
545.000000 320.333333
545.000000 314.666667
545.000000 308.666667
545.333333 302.333333
546.000000 295.333333
547.333333 287.666667
549.000000 279.333333
551.000000 271.000000
553.333333 262.666667
555.666667 254.333333
558.333333 245.666667
561.000000 237.000000
564.333333 228.000000
567.666667 219.666667
571.000000 212.333333
574.333333 206.000000
577.666667 200.000000
582.000000 194.000000
586.666667 188.000000
592.333333 182.333333
598.000000 176.666667
603.666667 171.333333
609.000000 166.333333
614.000000 161.666667
619.333333 157.333333
625.333333 153.000000
631.666667 149.333333
638.333333 146.000000
644.666667 143.333333
651.000000 141.000000
657.333333 139.000000
664.000000 137.000000
671.333333 134.666667
679.000000 132.666667
687.333333 130.666667
695.666667 129.333333
704.333333 127.666667
716.333333 126.333333
731.333333 125.666667
746.000000 126.000000
757.333333 127.000000
765.666667 128.333333
774.333333 130.000000
782.666667 132.333333
791.000000 134.666667
798.666667 137.666667
806.000000 141.000000
813.333333 145.333333
821.000000 150.333333
828.666667 156.000000
835.666667 162.000000
842.000000 168.333333
847.666667 174.666667
853.000000 181.333333
857.666667 188.333333
862.000000 196.000000
866.000000 204.333333
870.000000 212.666667
874.000000 221.333333
877.666667 230.333333
881.333333 240.000000
884.666667 250.000000
888.000000 260.333333
891.000000 270.666667
893.666667 281.333333
896.333333 292.000000
898.333333 303.000000
900.333333 314.000000
901.666667 325.666667
903.000000 337.666667
904.000000 349.666667
905.000000 361.333333
905.666667 373.000000
906.000000 385.000000
906.000000 397.333333
906.000000 410.000000
905.666667 423.000000
905.333333 436.333333
905.000000 449.666667
905.000000 463.333333
904.666667 477.000000
904.333333 491.000000
903.666667 504.333333
903.000000 517.666667
901.666667 530.666667
899.666667 544.000000
897.000000 557.000000
893.666667 570.000000
889.666667 583.333333
885.000000 596.666667
880.333333 610.000000
875.666667 623.333333
871.333333 636.666667
867.000000 649.666667
863.333333 661.666667
860.000000 673.333333
857.333333 684.333333
855.333333 694.333333
854.000000 702.666667
853.333333 710.000000
853.000000 716.333333
853.000000 722.333333
853.000000 727.666667
853.333333 733.000000
853.666667 737.666667
854.000000 741.666667
854.333333 744.666667
854.666667 746.666667
855.000000 748.000000
855.000000 749.000000
