927.666667 410.333333
931.000000 399.333333
935.333333 387.333333
940.666667 374.333333
945.000000 363.666667
949.000000 352.666667
953.333333 340.666667
958.000000 328.333333
963.333333 315.666667
969.666667 302.666667
976.666667 289.000000
984.333333 275.666667
992.000000 262.333333
1000.333333 249.000000
1009.000000 235.333333
1018.333333 222.000000
1027.666667 208.666667
1037.333333 195.333333
1047.666667 182.000000
1058.666667 169.666667
1070.333333 158.000000
1082.333333 147.000000
1095.000000 136.333333
1108.000000 126.666667
1120.666667 118.333333
1133.333333 111.666667
1146.333333 106.000000
1159.333333 101.666667
1172.000000 98.666667
1189.000000 97.666667
1205.666667 98.333333
1221.666667 100.666667
1232.000000 104.666667
1242.000000 110.000000
1251.666667 117.000000
1261.000000 125.000000
1270.000000 135.333333
1278.333333 147.333333
1285.666667 161.333333
1291.666667 177.333333
1296.333333 194.666667
1300.000000 213.666667
1302.333333 233.333333
1303.666667 254.333333
1303.666667 275.666667
1302.666667 297.666667
1301.000000 319.666667
1298.333333 341.666667
1295.000000 363.333333
1291.000000 384.666667
1286.333333 406.000000
1281.333333 426.666667
1275.333333 447.000000
1269.333333 466.666667
1263.000000 485.666667
1256.666667 504.666667
1250.000000 524.000000
1242.000000 543.666667
1232.666667 563.000000
1222.000000 581.666667
1210.333333 600.000000
1197.666667 617.666667
1183.333333 634.666667
1167.333333 650.666667
1149.666667 666.000000
1130.000000 680.666667
1109.666667 694.000000
1088.333333 706.000000
1067.333333 716.666667
1046.333333 727.000000
1025.666667 736.333333
1006.333333 745.000000
988.333333 752.333333
972.333333 759.000000
958.000000 764.666667
946.000000 769.333333
937.000000 773.000000
930.666667 775.333333
926.333333 777.333333
923.333333 778.666667
921.333333 780.000000
