818.666667 371.000000
820.333333 365.666667
822.000000 360.333333
824.000000 354.666667
826.333333 349.000000
828.666667 343.333333
831.666667 337.666667
834.666667 332.000000
838.000000 326.333333
841.333333 320.333333
844.666667 314.666667
848.000000 309.000000
851.333333 304.000000
854.666667 299.000000
858.000000 293.666667
861.333333 288.000000
864.666667 282.000000
868.333333 276.000000
871.666667 270.333333
875.333333 265.000000
879.000000 260.000000
883.000000 255.333333
887.000000 251.000000
891.000000 247.000000
895.000000 243.000000
898.666667 239.000000
902.333333 235.333333
906.000000 231.666667
909.666667 228.333333
913.333333 224.666667
917.333333 221.000000
922.000000 217.000000
927.333333 213.333333
932.666667 210.000000
938.333333 207.000000
943.666667 204.333333
948.666667 202.000000
953.333333 200.000000
958.333333 198.000000
964.000000 196.333333
970.000000 195.000000
976.333333 194.000000
982.666667 193.000000
995.333333 192.666667
1008.333333 193.000000
1021.666667 194.000000
1028.666667 195.000000
1035.333333 196.000000
1041.333333 197.000000
1047.333333 198.666667
1053.000000 200.666667
1059.000000 203.333333
1065.000000 206.333333
1071.333333 209.666667
1077.333333 213.000000
1083.000000 216.333333
1087.666667 220.000000
1092.000000 223.666667
1095.666667 227.333333
1099.333333 231.000000
1102.666667 235.000000
1106.000000 238.666667
1108.666667 242.333333
1111.333333 246.000000
1114.000000 250.000000
1116.666667 254.000000
1119.000000 258.333333
1121.333333 263.000000
1123.666667 268.000000
1125.666667 272.666667
1127.333333 277.333333
1129.000000 282.000000
1131.000000 286.666667
1132.666667 291.333333
1134.000000 296.000000
1135.000000 301.000000
1136.333333 306.000000
1137.666667 311.333333
1138.666667 316.666667
1139.333333 322.000000
1139.666667 327.000000
1140.333333 334.000000
1140.666667 341.333333
1140.666667 349.000000
1140.333333 355.333333
1139.666667 361.333333
1139.333333 367.333333
1138.666667 372.666667
1138.333333 378.000000
1137.666667 382.666667
1137.000000 387.333333
1136.000000 391.666667
1135.000000 396.333333
1133.666667 401.000000
1132.000000 406.000000
1130.000000 411.333333
1127.666667 417.333333
1125.000000 423.333333
1122.000000 429.333333
1118.666667 435.000000
1115.333333 441.333333
1112.000000 448.333333
1109.000000 455.333333
1105.666667 462.333333
1102.333333 468.666667
1098.333333 475.333333
1094.000000 482.000000
1089.000000 489.333333
1083.666667 496.666667
1078.333333 504.333333
1072.666667 512.000000
1067.333333 519.666667
1062.000000 527.333333
1056.666667 535.333333
1050.666667 543.666667
1044.000000 552.333333
1037.333333 560.666667
1030.666667 569.333333
1024.000000 578.333333
1017.333333 588.000000
1011.000000 597.666667
1004.666667 607.000000
998.000000 616.000000
990.666667 625.333333
983.000000 635.000000
975.333333 645.000000
967.666667 655.000000
959.666667 665.333333
950.666667 676.333333
941.333333 687.666667
932.000000 699.000000
923.333333 710.000000
914.333333 721.333333
905.333333 732.666667
896.000000 743.666667
887.333333 754.000000
879.000000 763.666667
871.000000 773.000000
863.000000 782.000000
855.333333 790.666667
847.666667 799.000000
840.333333 806.333333
833.333333 812.666667
827.666667 817.666667
823.333333 821.666667
820.333333 824.666667
818.333333 826.666667
817.000000 828.000000
816.000000 829.000000
815.000000 830.000000
814.333333 830.333333
814.000000 829.666667
814.000000 828.333333
814.000000 826.666667
814.000000 825.333333
