832.333333 381.666667
831.666667 380.000000
831.333333 378.000000
831.000000 375.666667
831.000000 373.333333
831.000000 371.000000
831.000000 369.000000
831.000000 367.000000
831.000000 365.000000
831.000000 363.000000
831.000000 361.000000
831.000000 359.000000
831.000000 357.000000
831.000000 355.000000
831.000000 353.000000
831.000000 351.000000
831.000000 348.666667
831.333333 346.333333
832.000000 343.666667
832.666667 341.000000
833.666667 338.000000
834.666667 334.333333
836.333333 330.000000
838.000000 325.333333
840.000000 320.333333
842.000000 315.333333
844.333333 310.333333
846.666667 306.000000
849.000000 302.000000
851.000000 298.000000
853.333333 294.000000
855.333333 290.333333
857.666667 286.666667
859.333333 283.000000
861.333333 279.000000
862.666667 275.000000
864.333333 271.000000
866.000000 266.666667
867.666667 262.666667
869.333333 258.666667
871.000000 255.333333
873.000000 252.000000
875.333333 249.000000
878.000000 246.000000
881.000000 243.000000
884.000000 240.000000
887.333333 236.666667
890.666667 233.333333
894.333333 229.666667
897.666667 226.000000
901.333333 222.000000
904.666667 218.333333
908.000000 214.666667
911.000000 211.333333
914.666667 208.000000
918.666667 205.000000
923.333333 202.000000
928.000000 199.000000
933.000000 196.000000
938.000000 193.333333
942.666667 191.000000
947.000000 188.666667
951.000000 186.333333
954.666667 184.000000
958.333333 182.000000
962.000000 179.666667
966.000000 177.333333
970.000000 175.000000
974.333333 173.333333
978.666667 171.666667
983.000000 170.333333
987.000000 168.666667
991.000000 167.333333
995.666667 166.000000
1000.000000 165.000000
1006.000000 164.000000
1015.000000 163.666667
1027.333333 164.000000
1039.000000 165.000000
1048.333333 166.000000
1054.333333 167.000000
1059.000000 168.000000
1062.000000 169.000000
1065.000000 170.000000
1068.333333 171.000000
1072.666667 172.000000
1077.000000 173.000000
1081.000000 174.000000
1084.000000 175.333333
1087.000000 176.666667
1090.000000 178.000000
1092.666667 179.000000
1095.000000 180.000000
1097.000000 181.000000
1099.000000 182.333333
1101.000000 183.666667
1103.000000 185.000000
1105.000000 186.333333
1107.000000 187.666667
1109.000000 189.333333
1111.333333 191.000000
1113.666667 193.000000
1116.333333 194.666667
1118.666667 196.333333
1121.333333 198.000000
1124.000000 200.000000
1127.000000 202.000000
1130.000000 204.333333
1133.333333 207.000000
1136.333333 209.666667
1139.666667 212.666667
1142.666667 216.000000
1145.666667 220.000000
1148.333333 224.000000
1150.666667 228.000000
1153.000000 231.666667
1155.000000 235.333333
1157.000000 238.666667
1159.000000 242.333333
1161.000000 246.000000
1163.333333 250.000000
1165.666667 254.666667
1167.666667 259.333333
1169.333333 264.333333
1170.666667 269.000000
1172.000000 273.666667
1173.000000 278.333333
1174.000000 282.666667
1174.666667 286.666667
1175.333333 290.666667
1175.666667 295.000000
1176.000000 299.666667
1176.000000 304.333333
1176.333333 309.000000
1176.666667 314.000000
1176.666667 319.000000
1176.333333 323.666667
1176.000000 328.000000
1175.666667 331.666667
1175.333333 335.000000
1175.000000 338.000000
1174.666667 341.333333
1174.000000 344.666667
1173.333333 348.333333
1172.666667 351.666667
1172.333333 355.666667
1171.666667 359.666667
1171.000000 364.000000
1170.000000 368.000000
1169.000000 372.000000
1168.000000 376.000000
1167.000000 380.000000
1166.000000 384.000000
1165.000000 387.666667
1164.000000 391.333333
1163.000000 395.000000
1162.000000 399.000000
1161.000000 403.333333
1159.666667 408.000000
1158.333333 413.000000
1156.666667 418.333333
1155.000000 423.666667
1153.000000 429.333333
1151.000000 435.000000
1148.666667 441.000000
1146.333333 447.000000
1143.666667 453.333333
1141.333333 459.666667
1138.333333 466.000000
1135.333333 471.666667
1132.000000 477.000000
1128.666667 482.000000
1124.666667 487.000000
1120.333333 492.333333
1116.000000 498.333333
1112.000000 504.666667
1108.333333 511.000000
1105.000000 516.666667
1102.000000 522.000000
1099.000000 527.000000
1096.000000 531.666667
1093.000000 536.000000
1090.000000 540.000000
1087.000000 544.000000
1084.000000 548.000000
1080.666667 552.000000
1077.333333 555.666667
1074.000000 559.333333
1070.666667 563.000000
1067.333333 567.000000
1064.000000 570.666667
1061.333333 574.000000
1058.666667 577.000000
1055.666667 580.000000
1052.000000 583.333333
1048.000000 587.000000
1043.666667 590.666667
1039.000000 594.333333
1034.000000 598.000000
1029.000000 602.333333
1024.333333 606.666667
1020.000000 611.000000
1016.000000 615.000000
1011.666667 619.333333
1006.666667 624.000000
1001.000000 629.000000
995.000000 634.333333
988.666667 640.000000
982.333333 646.333333
976.333333 652.666667
971.333333 658.666667
966.666667 664.333333
962.333333 669.666667
958.000000 675.000000
954.000000 680.000000
949.666667 685.000000
945.000000 690.333333
940.000000 696.000000
935.000000 702.000000
930.000000 707.666667
925.333333 713.000000
921.333333 718.000000
918.000000 722.666667
914.666667 727.333333
911.333333 732.000000
908.333333 736.666667
905.666667 741.333333
903.000000 745.666667
900.333333 750.333333
897.666667 754.666667
895.000000 759.000000
892.000000 763.000000
889.000000 767.000000
885.666667 771.000000
882.333333 775.000000
879.000000 779.333333
876.000000 784.000000
873.000000 788.666667
870.333333 793.333333
868.000000 798.000000
866.000000 803.000000
864.333333 807.666667
863.000000 812.000000
862.000000 815.666667
861.000000 819.000000
860.000000 822.000000
859.333333 825.333333
858.666667 828.666667
858.333333 832.000000
858.000000 835.333333
858.000000 839.000000
858.000000 843.000000
858.000000 846.666667
858.000000 849.666667
858.000000 852.333333
858.000000 854.333333
858.000000 856.333333
858.000000 857.666667
858.000000 859.000000
858.000000 860.000000
858.000000 861.000000
