535.666667 594.666667
566.333333 591.000000
598.333333 586.666667
631.333333 582.000000
665.333333 577.000000
700.666667 572.000000
737.333333 566.666667
774.666667 561.333333
812.666667 556.000000
850.666667 551.333333
889.333333 547.000000
928.000000 543.000000
967.000000 539.333333
1005.666667 536.000000
1043.666667 533.333333
1080.666667 531.000000
1116.333333 529.000000
1150.666667 527.333333
1183.000000 526.000000
1222.000000 525.000000
1258.000000 524.000000
1290.666667 523.666667
1316.666667 523.333333
1339.333333 523.000000
1365.000000 522.000000
