686.000000 330.333333
686.000000 322.333333
686.000000 314.000000
685.666667 306.000000
685.333333 298.000000
685.000000 290.000000
684.666667 281.666667
684.000000 273.000000
682.666667 264.333333
681.000000 256.000000
679.000000 247.666667
677.000000 239.000000
675.000000 230.333333
673.000000 222.000000
670.333333 214.000000
667.333333 206.000000
663.666667 198.000000
660.000000 190.333333
656.000000 183.000000
652.000000 176.333333
648.000000 170.666667
644.000000 165.666667
640.000000 161.666667
636.000000 158.000000
630.666667 154.333333
625.333333 151.333333
619.666667 149.000000
614.000000 148.000000
599.000000 147.666667
584.333333 148.000000
570.666667 149.000000
566.333333 150.333333
562.000000 152.000000
557.666667 154.000000
553.333333 156.000000
549.000000 158.333333
544.666667 161.333333
540.666667 164.666667
536.666667 168.333333
533.333333 171.666667
530.000000 175.333333
527.000000 178.333333
524.333333 181.333333
522.000000 183.666667
520.000000 186.000000
518.000000 188.000000
516.000000 190.000000
513.666667 192.000000
511.000000 194.000000
508.000000 196.333333
505.333333 198.666667
502.333333 201.666667
499.333333 205.000000
496.333333 209.000000
493.666667 213.333333
491.000000 218.000000
488.333333 223.000000
486.333333 228.000000
484.666667 233.000000
483.333333 238.000000
481.666667 243.333333
480.333333 249.000000
479.000000 254.666667
478.333333 260.333333
477.666667 265.666667
477.333333 271.333333
477.000000 276.666667
477.000000 282.000000
477.000000 287.000000
477.000000 292.333333
477.000000 298.000000
477.000000 303.666667
477.333333 309.333333
477.666667 315.000000
478.000000 321.000000
478.000000 327.000000
478.333333 333.000000
478.666667 339.000000
479.333333 345.333333
480.000000 351.666667
481.000000 358.000000
482.333333 364.333333
484.333333 370.666667
487.000000 377.666667
490.333333 384.666667
494.333333 392.666667
499.000000 401.333333
504.333333 411.333333
509.666667 422.333333
515.000000 434.000000
519.666667 446.000000
524.333333 458.000000
528.666667 470.333333
533.333333 482.666667
538.333333 495.000000
543.666667 506.666667
549.333333 518.000000
555.000000 529.000000
561.000000 540.333333
567.333333 551.333333
574.000000 562.000000
581.666667 572.000000
589.666667 581.666667
598.333333 591.333333
606.333333 600.666667
614.666667 610.000000
622.666667 619.000000
631.333333 628.000000
639.666667 637.333333
648.000000 646.666667
655.666667 656.333333
663.333333 665.333333
670.666667 674.333333
678.333333 683.000000
685.666667 692.000000
693.333333 701.000000
700.333333 709.333333
706.666667 716.666667
712.000000 723.000000
716.666667 728.333333
721.666667 733.000000
726.333333 736.666667
730.666667 739.666667
734.000000 741.666667
736.666667 743.000000
739.333333 744.000000
741.333333 745.000000
