379.333333 320.000000
377.333333 311.000000
375.000000 302.000000
372.333333 293.333333
369.000000 285.000000
365.000000 277.000000
360.666667 269.333333
356.333333 262.333333
351.666667 256.000000
347.333333 250.333333
342.666667 245.000000
337.666667 240.000000
332.000000 235.333333
326.000000 231.000000
320.000000 227.000000
314.000000 223.333333
308.000000 220.333333
302.000000 218.000000
296.333333 216.333333
290.666667 215.000000
280.666667 214.666667
270.000000 215.000000
259.333333 216.666667
253.000000 218.666667
247.000000 221.333333
241.333333 224.333333
235.666667 227.666667
230.333333 231.333333
225.000000 235.333333
220.000000 240.000000
215.333333 245.333333
211.000000 252.000000
207.333333 260.000000
204.666667 269.666667
203.000000 280.333333
202.333333 292.333333
202.333333 304.333333
203.000000 316.333333
204.333333 327.333333
205.666667 337.666667
207.333333 347.333333
209.000000 356.666667
211.000000 365.666667
213.000000 374.000000
215.000000 382.000000
217.333333 390.666667
220.333333 399.666667
223.666667 409.333333
227.000000 419.000000
230.000000 429.000000
233.000000 439.333333
236.000000 450.000000
239.333333 461.000000
243.000000 472.333333
247.333333 484.000000
252.000000 495.666667
257.000000 507.000000
262.000000 517.666667
267.000000 527.666667
272.000000 537.333333
277.000000 546.666667
282.000000 555.666667
287.333333 564.333333
293.000000 573.000000
299.666667 582.333333
306.666667 591.666667
313.666667 601.333333
320.333333 611.000000
326.666667 621.000000
333.000000 631.000000
339.000000 641.000000
345.000000 650.666667
351.333333 660.000000
358.000000 668.666667
365.000000 677.333333
372.000000 685.666667
379.000000 694.000000
386.666667 701.666667
395.000000 709.000000
403.333333 715.333333
411.000000 721.000000
417.666667 725.666667
423.666667 729.666667
429.000000 732.666667
433.666667 734.666667
438.333333 736.000000
444.000000 736.333333
449.666667 736.000000
454.333333 735.000000
457.333333 734.000000
459.333333 733.000000
461.333333 732.000000
462.666667 731.000000
464.000000 730.000000
464.666667 729.000000
