1289.000000 436.666667
1278.666667 430.666667
1268.000000 423.333333
1256.333333 415.333333
1244.333333 406.666667
1231.333333 398.000000
1217.666667 388.666667
1203.333333 379.333333
1188.666667 370.000000
1173.666667 361.333333
1158.000000 353.000000
1142.000000 345.000000
1125.666667 337.000000
1109.000000 329.000000
1092.333333 321.333333
1075.000000 314.333333
1057.666667 308.000000
1039.666667 302.000000
1021.666667 296.666667
1003.000000 291.666667
983.333333 287.666667
963.333333 284.333333
942.333333 282.000000
921.666667 280.333333
893.333333 279.666667
865.000000 280.000000
836.333333 281.000000
814.666667 282.333333
792.666667 283.666667
771.000000 285.333333
743.333333 286.666667
707.000000 287.333333
673.333333 286.333333
649.333333 284.000000
638.666667 280.666667
629.333333 276.666667
621.666667 271.333333
615.666667 265.000000
611.333333 257.333333
609.000000 247.666667
608.333333 236.333333
610.000000 223.333333
614.000000 209.333333
621.000000 194.000000
630.666667 178.000000
642.000000 161.333333
654.666667 144.666667
668.333333 128.333333
683.000000 113.000000
703.000000 94.000000
727.000000 73.666667
751.000000 55.333333
