936.333333 327.000000
942.333333 317.666667
949.000000 307.333333
956.666667 295.666667
965.333333 283.000000
975.000000 270.000000
985.000000 256.333333
995.666667 242.333333
1007.000000 228.333333
1019.333333 215.000000
1031.666667 202.000000
1044.666667 189.000000
1058.333333 177.000000
1072.666667 166.000000
1087.666667 156.666667
1103.000000 148.666667
1118.666667 142.666667
1134.666667 138.666667
1150.666667 136.333333
1167.000000 136.000000
1183.333333 137.333333
1199.666667 140.666667
1215.333333 146.000000
1230.000000 153.333333
1244.000000 162.333333
1257.000000 172.333333
1269.000000 184.000000
1279.333333 197.333333
1288.333333 212.333333
1296.000000 228.333333
1302.000000 245.000000
1307.000000 262.666667
1310.333333 280.666667
1312.333333 299.333333
1312.333333 318.333333
1311.000000 338.000000
1308.333333 357.666667
1304.666667 377.666667
1299.666667 398.000000
1293.333333 419.000000
1285.333333 440.666667
1275.666667 463.000000
1264.333333 486.666667
1251.666667 511.000000
1237.333333 536.333333
1221.000000 561.666667
1203.000000 587.000000
1183.000000 611.666667
1161.333333 635.666667
1137.666667 658.666667
1113.000000 680.000000
1087.666667 700.000000
1062.000000 718.333333
1036.333333 735.333333
1011.333333 750.333333
988.000000 763.666667
966.333333 775.333333
947.333333 785.000000
931.000000 793.000000
918.000000 799.333333
908.333333 804.000000
901.666667 807.000000
897.666667 808.666667
