727.666667 334.000000
728.000000 332.333333
728.333333 330.333333
728.666667 328.000000
729.000000 325.333333
729.333333 322.666667
729.666667 320.000000
730.333333 316.666667
731.000000 313.333333
731.666667 310.000000
732.333333 307.000000
733.000000 304.000000
733.666667 301.000000
734.333333 298.000000
735.000000 295.000000
736.000000 292.333333
737.000000 289.666667
738.000000 286.666667
739.333333 283.333333
740.666667 279.666667
742.333333 276.333333
744.000000 273.000000
746.000000 269.666667
748.000000 266.333333
750.000000 263.000000
752.000000 260.000000
754.333333 257.000000
756.666667 254.000000
759.000000 251.000000
761.000000 248.000000
763.000000 245.333333
765.333333 242.333333
767.666667 239.333333
770.666667 235.666667
773.666667 232.333333
777.333333 228.666667
781.000000 225.000000
785.000000 221.000000
789.333333 217.000000
793.666667 213.333333
798.333333 209.666667
802.333333 206.333333
806.333333 203.000000
810.000000 200.000000
814.000000 197.000000
818.333333 194.000000
823.000000 191.000000
828.000000 188.000000
833.333333 185.333333
838.666667 182.666667
844.000000 180.333333
848.666667 178.000000
853.000000 176.000000
857.000000 174.333333
861.333333 172.666667
866.000000 171.333333
872.666667 170.000000
885.666667 169.666667
898.333333 170.000000
909.000000 171.000000
913.000000 172.000000
917.333333 173.000000
921.666667 174.000000
926.000000 175.333333
930.000000 177.000000
934.000000 179.000000
938.000000 181.000000
941.666667 183.000000
945.000000 185.333333
948.000000 187.666667
950.666667 190.000000
953.333333 192.666667
956.000000 196.333333
958.666667 201.000000
961.000000 206.000000
963.000000 211.666667
965.000000 217.333333
967.333333 223.333333
969.666667 229.000000
972.000000 234.666667
974.333333 240.333333
976.666667 246.000000
979.333333 252.000000
981.666667 258.000000
984.000000 264.333333
986.333333 270.666667
988.666667 277.000000
991.333333 283.000000
993.666667 289.333333
996.000000 296.000000
997.666667 303.333333
999.333333 310.666667
1000.666667 318.000000
1002.000000 325.000000
1003.000000 331.666667
1003.666667 338.000000
1004.333333 344.000000
1004.666667 350.000000
1005.000000 356.000000
1005.000000 362.333333
1005.000000 368.666667
1005.000000 374.666667
1004.333333 382.000000
1003.000000 389.333333
1001.333333 396.666667
999.666667 402.333333
997.666667 408.333333
995.000000 414.666667
992.000000 421.000000
988.666667 427.000000
985.000000 433.000000
981.000000 439.333333
977.000000 446.000000
973.333333 453.000000
969.666667 460.000000
966.333333 466.666667
963.000000 473.333333
959.666667 480.000000
956.000000 487.333333
951.666667 495.000000
947.000000 503.000000
942.000000 510.666667
937.000000 518.333333
932.000000 526.000000
927.000000 534.000000
922.000000 542.333333
917.333333 550.666667
913.000000 559.000000
909.000000 567.000000
904.666667 575.000000
899.666667 583.333333
894.333333 592.000000
889.000000 600.666667
884.000000 609.000000
879.000000 617.333333
874.000000 626.000000
868.666667 635.000000
863.000000 644.000000
857.000000 653.000000
851.000000 661.666667
844.666667 670.333333
838.000000 679.333333
831.333333 688.666667
825.000000 698.000000
819.000000 707.000000
812.666667 716.000000
806.000000 725.333333
799.000000 735.000000
792.000000 745.000000
785.333333 754.333333
779.000000 763.333333
773.000000 772.333333
767.333333 781.333333
761.666667 790.000000
756.666667 797.666667
752.333333 804.666667
749.333333 810.333333
746.666667 814.666667
743.666667 818.000000
741.000000 820.666667
738.666667 822.666667
736.333333 823.333333
