830.333333 367.000000
833.000000 360.666667
836.333333 354.000000
840.333333 347.000000
845.000000 339.333333
850.333333 330.666667
856.000000 321.666667
862.333333 312.333333
870.000000 302.666667
879.000000 292.000000
889.333333 281.000000
901.000000 269.666667
914.000000 258.333333
928.333333 246.666667
943.333333 235.000000
959.333333 223.666667
976.000000 212.666667
993.333333 202.333333
1010.333333 192.333333
1027.333333 183.333333
1044.000000 175.333333
1060.666667 168.333333
1077.000000 163.000000
1093.333333 159.333333
1109.333333 157.333333
1125.333333 157.000000
1141.000000 158.666667
1156.333333 162.333333
1170.666667 167.666667
1184.000000 174.666667
1196.666667 183.333333
1208.666667 193.666667
1219.333333 205.666667
1228.333333 219.000000
1235.666667 233.333333
1241.000000 248.000000
1245.000000 262.666667
1247.333333 277.666667
1248.333333 292.333333
1247.333333 307.666667
1244.333333 323.333333
1239.000000 340.000000
1232.000000 357.000000
1223.666667 374.333333
1214.666667 392.333333
1204.666667 411.333333
1193.666667 430.666667
1182.000000 450.333333
1169.666667 470.666667
1156.666667 492.333333
1143.000000 515.000000
1129.000000 538.666667
1114.333333 562.666667
1099.333333 587.333333
1084.000000 611.333333
1068.333333 634.666667
1052.333333 657.000000
1035.666667 678.333333
1018.333333 698.333333
1001.000000 717.000000
983.333333 734.333333
966.333333 750.333333
950.000000 764.333333
935.333333 776.666667
922.333333 787.666667
910.333333 797.333333
899.666667 805.666667
890.333333 812.333333
883.333333 817.333333
878.000000 821.000000
874.666667 823.333333
871.666667 825.000000
870.000000 825.333333
868.666667 825.000000
868.000000 823.666667
867.333333 822.333333
866.666667 821.000000
866.333333 819.666667
866.000000 818.000000
866.000000 815.666667
866.000000 813.333333
866.000000 811.000000
