717.000000 357.666667
716.666667 355.333333
716.333333 352.666667
715.666667 350.000000
715.000000 347.000000
714.000000 343.666667
712.666667 340.333333
711.333333 336.666667
709.666667 333.333333
708.000000 329.666667
705.666667 325.666667
703.000000 321.333333
700.333333 316.666667
697.333333 312.000000
694.000000 307.333333
690.000000 302.666667
686.333333 298.000000
682.666667 293.000000
679.000000 288.000000
675.000000 283.000000
671.000000 278.000000
667.000000 273.000000
662.666667 268.000000
658.000000 263.000000
653.000000 258.333333
647.666667 253.666667
642.333333 249.333333
637.000000 245.000000
631.666667 241.000000
626.000000 237.000000
619.666667 233.000000
612.666667 229.333333
605.333333 226.000000
598.000000 223.000000
591.000000 220.000000
583.333333 217.000000
575.000000 214.000000
566.000000 211.333333
557.333333 209.000000
548.666667 207.000000
540.000000 205.000000
531.000000 203.000000
521.666667 201.000000
512.333333 199.333333
503.000000 198.000000
491.666667 197.000000
480.333333 196.666667
469.333333 197.000000
461.000000 198.000000
453.333333 199.333333
446.000000 201.000000
439.000000 203.000000
432.333333 205.333333
426.333333 208.000000
420.333333 211.000000
414.666667 214.333333
409.333333 217.666667
405.000000 221.333333
401.000000 225.333333
397.000000 230.333333
393.666667 236.333333
391.000000 242.666667
389.000000 249.666667
387.333333 256.666667
386.000000 264.333333
385.000000 272.000000
384.333333 280.333333
384.000000 289.000000
384.000000 298.333333
384.333333 308.000000
385.000000 318.000000
386.000000 328.333333
387.333333 338.666667
388.666667 349.333333
390.333333 359.666667
392.000000 370.000000
393.666667 379.333333
395.333333 388.000000
397.000000 395.666667
399.000000 403.000000
400.666667 409.666667
402.333333 416.000000
404.000000 422.000000
406.333333 428.333333
408.666667 435.000000
411.333333 442.000000
413.666667 449.333333
416.000000 457.000000
418.333333 465.333333
420.666667 474.000000
423.000000 483.000000
425.333333 492.000000
428.000000 501.000000
431.000000 510.000000
434.333333 518.666667
438.666667 527.333333
444.000000 535.333333
450.000000 543.666667
456.000000 551.333333
462.333333 559.333333
469.000000 566.666667
475.666667 574.333333
482.666667 581.666667
489.666667 589.333333
496.666667 596.666667
503.333333 604.333333
509.666667 611.666667
515.666667 618.666667
521.000000 625.333333
526.333333 632.000000
531.666667 639.000000
537.666667 645.666667
543.666667 652.333333
550.333333 658.666667
556.666667 665.000000
562.666667 670.666667
568.333333 676.333333
573.666667 681.666667
579.333333 686.666667
585.000000 691.333333
590.666667 695.666667
596.333333 700.333333
602.000000 704.666667
607.666667 709.000000
613.333333 713.333333
619.000000 718.333333
625.333333 723.666667
632.000000 729.000000
639.000000 734.333333
646.000000 739.666667
652.666667 744.666667
659.000000 749.333333
665.000000 753.666667
671.000000 758.000000
677.333333 762.333333
684.000000 766.666667
690.666667 771.333333
697.333333 776.000000
703.666667 781.000000
710.000000 786.333333
716.000000 792.000000
722.000000 798.333333
727.666667 805.000000
733.333333 812.000000
738.666667 818.666667
744.000000 825.000000
748.666667 831.000000
753.000000 837.333333
756.666667 843.333333
760.333333 849.000000
763.333333 853.666667
766.333333 857.666667
768.666667 860.666667
771.000000 863.000000
772.666667 865.000000
774.000000 866.666667
775.000000 868.000000
776.000000 869.000000
777.000000 870.000000
778.000000 871.000000
779.000000 871.333333
