1015.666667 360.000000
1019.000000 351.666667
1023.333333 342.333333
1028.000000 332.000000
1033.333333 321.000000
1039.000000 309.333333
1045.333333 296.666667
1052.000000 283.000000
1059.000000 269.000000
1066.666667 255.000000
1074.666667 241.000000
1082.666667 227.666667
1090.666667 214.333333
1099.000000 201.333333
1108.333333 188.333333
1118.000000 176.000000
1128.000000 164.333333
1138.333333 153.000000
1149.666667 142.333333
1161.333333 132.666667
1173.000000 124.000000
1184.666667 117.000000
1197.000000 111.333333
1209.333333 107.333333
1221.333333 104.666667
1237.000000 104.000000
1253.000000 105.333333
1268.333333 108.666667
1279.333333 113.333333
1290.000000 119.333333
1301.000000 126.333333
1311.333333 134.666667
1321.000000 144.333333
1329.666667 155.000000
1337.333333 166.000000
1344.000000 177.000000
1349.666667 188.666667
1355.000000 201.000000
1359.666667 214.000000
1364.000000 227.333333
1367.333333 241.333333
1369.666667 256.000000
1371.000000 271.666667
1371.333333 288.000000
1370.666667 305.000000
1368.666667 322.666667
1366.000000 340.333333
1362.666667 358.000000
1358.666667 375.000000
1354.333333 392.000000
1350.000000 409.000000
1345.666667 425.666667
1341.000000 441.666667
1335.333333 457.333333
1329.000000 473.000000
1322.000000 489.000000
1314.666667 505.000000
1306.666667 521.333333
1298.000000 537.666667
1288.333333 553.666667
1278.333333 569.333333
1267.666667 584.666667
1256.333333 600.000000
1244.000000 614.666667
1230.666667 629.333333
1216.333333 643.333333
1201.333333 657.000000
1185.666667 669.666667
1169.666667 682.000000
1153.333333 693.666667
1136.333333 705.000000
1119.333333 715.333333
1102.000000 725.000000
1085.000000 733.666667
1068.333333 742.000000
1052.333333 750.000000
1037.666667 757.333333
1024.666667 763.666667
1014.333333 768.666667
1006.666667 772.666667
1001.666667 775.666667
998.333333 777.666667
996.333333 779.000000
994.666667 780.000000
993.333333 781.000000
992.333333 782.000000
992.000000 783.000000
992.333333 783.333333
992.666667 782.666667
993.333333 779.333333
993.666667 774.666667
