601.000000 348.333333
608.666667 361.000000
618.666667 371.666667
631.333333 380.000000
647.333333 385.666667
666.333333 388.000000
688.666667 386.666667
713.666667 382.000000
741.000000 374.000000
770.333333 363.333333
800.666667 351.000000
831.000000 337.333333
860.666667 323.333333
889.333333 308.666667
915.666667 295.333333
938.666667 283.333333
957.000000 274.000000
970.333333 267.000000
974.333333 265.666667
967.666667 271.000000
951.000000 282.666667
928.333333 298.666667
902.333333 318.000000
873.333333 340.333333
842.666667 365.333333
811.666667 392.333333
781.000000 420.666667
752.333333 448.333333
727.666667 473.000000
708.333333 493.666667
695.333333 509.333333
687.666667 520.666667
685.666667 527.333333
692.000000 529.333333
712.333333 521.666667
746.666667 503.333333
792.000000 474.666667
842.333333 440.666667
897.000000 402.666667
954.666667 361.666667
1013.666667 319.000000
1070.000000 278.333333
1120.333333 241.333333
1165.666667 208.333333
