1136.666667 396.333333
1119.333333 402.000000
1100.666667 408.333333
1080.000000 414.666667
1058.000000 421.000000
1034.333333 426.666667
1009.666667 432.333333
983.666667 438.000000
956.666667 444.000000
929.000000 450.333333
900.666667 456.666667
871.666667 463.000000
842.000000 469.000000
811.666667 475.000000
780.666667 481.000000
748.666667 487.333333
716.000000 494.000000
682.333333 501.000000
648.000000 508.333333
612.666667 516.000000
577.000000 524.000000
541.000000 532.666667
504.666667 542.333333
468.666667 552.666667
433.333333 563.333333
399.000000 574.000000
366.333333 584.666667
335.000000 594.666667
306.333333 604.000000
279.666667 612.666667
256.000000 620.333333
235.000000 626.666667
216.666667 631.666667
200.666667 636.000000
186.666667 639.333333
174.666667 642.333333
