772.000000 372.000000
772.333333 367.666667
773.000000 362.666667
774.000000 357.333333
775.333333 351.666667
777.000000 345.666667
779.333333 338.666667
782.000000 331.333333
785.333333 323.666667
789.000000 316.000000
793.000000 308.000000
796.666667 300.333333
800.333333 292.333333
804.000000 284.000000
807.666667 275.666667
811.333333 267.666667
815.000000 260.333333
819.333333 252.666667
824.333333 245.000000
830.333333 236.666667
836.666667 228.333333
843.000000 220.333333
849.000000 213.000000
855.000000 206.333333
861.333333 199.333333
867.666667 192.666667
874.333333 185.666667
881.000000 179.000000
887.666667 172.333333
893.666667 166.666667
899.333333 161.666667
905.333333 157.000000
912.333333 152.000000
920.000000 147.333333
928.000000 143.000000
935.666667 139.333333
943.333333 135.666667
951.000000 132.666667
959.000000 130.000000
967.333333 128.000000
978.333333 126.333333
992.000000 125.666667
1005.333333 126.000000
1016.333333 127.333333
1024.666667 129.000000
1033.000000 131.000000
1040.333333 133.333333
1047.666667 136.000000
1054.666667 139.333333
1062.000000 142.666667
1069.000000 146.666667
1076.000000 151.000000
1082.333333 156.000000
1088.333333 161.666667
1093.333333 168.000000
1098.000000 174.666667
1102.333333 181.666667
1106.666667 189.000000
1110.666667 197.000000
1114.333333 205.333333
1117.666667 213.666667
1121.000000 222.333333
1123.666667 231.000000
1125.666667 240.333333
1127.333333 250.000000
1128.333333 260.333333
1129.000000 270.666667
1129.000000 281.333333
1128.666667 292.333333
1127.666667 304.000000
1126.000000 316.000000
1123.666667 328.333333
1120.666667 341.333333
1117.333333 354.333333
1113.333333 367.666667
1109.333333 381.000000
1104.666667 395.333333
1099.666667 410.000000
1093.333333 425.666667
1086.000000 441.333333
1078.000000 457.333333
1070.333333 472.666667
1062.333333 488.333333
1054.000000 504.333333
1044.333333 520.666667
1034.666667 537.000000
1024.666667 553.000000
1014.666667 569.333333
1003.666667 585.666667
992.333333 602.000000
981.000000 618.000000
969.666667 633.666667
957.666667 649.333333
945.666667 664.666667
934.000000 679.666667
923.000000 693.666667
911.666667 706.666667
900.333333 719.000000
889.666667 731.000000
880.333333 742.000000
872.000000 752.000000
864.000000 760.666667
856.333333 768.666667
849.000000 775.666667
842.666667 781.666667
837.000000 786.666667
832.333333 790.666667
828.333333 794.000000
825.666667 796.333333
823.666667 798.000000
822.333333 799.000000
821.333333 800.000000
820.666667 801.000000
820.333333 801.333333
820.000000 801.000000
