863.000000 350.333333
863.000000 347.666667
863.000000 344.333333
863.000000 341.333333
863.333333 337.666667
863.666667 333.666667
864.333333 329.000000
865.000000 324.000000
866.000000 319.000000
867.000000 314.000000
868.000000 309.000000
869.666667 304.000000
871.666667 299.000000
874.666667 293.333333
878.000000 287.000000
882.333333 280.000000
887.000000 273.000000
892.000000 266.333333
897.000000 260.000000
901.666667 254.333333
906.666667 248.333333
912.000000 242.333333
918.666667 236.000000
926.000000 229.666667
934.000000 223.333333
942.000000 217.000000
950.333333 211.000000
959.333333 205.333333
969.333333 200.000000
979.333333 195.000000
989.666667 190.333333
1000.000000 186.000000
1011.000000 182.000000
1022.000000 178.000000
1032.666667 174.333333
1043.333333 171.000000
1054.000000 168.000000
1065.000000 165.666667
1075.666667 163.666667
1085.666667 162.333333
1099.333333 161.666667
1113.000000 162.000000
1126.666667 163.333333
1136.000000 165.333333
1145.000000 168.000000
1154.333333 171.333333
1163.666667 175.000000
1172.666667 179.333333
1180.333333 183.666667
1187.000000 188.666667
1193.333333 194.333333
1199.666667 201.666667
1205.666667 209.666667
1210.666667 218.666667
1215.333333 227.666667
1219.666667 237.666667
1223.666667 248.000000
1226.666667 259.333333
1229.000000 270.666667
1230.666667 282.333333
1232.000000 294.333333
1232.666667 306.666667
1232.666667 319.000000
1231.666667 331.000000
1229.666667 343.333333
1226.666667 355.666667
1223.000000 368.333333
1218.666667 381.333333
1214.000000 395.000000
1208.666667 409.000000
1202.666667 423.333333
1195.333333 438.333333
1187.000000 453.333333
1178.000000 468.333333
1169.000000 483.666667
1159.666667 499.666667
1149.333333 516.333333
1138.333333 533.000000
1127.000000 550.333333
1115.333333 568.333333
1102.666667 586.666667
1089.333333 605.666667
1075.666667 624.666667
1061.333333 644.666667
1046.666667 664.666667
1031.666667 685.000000
1017.000000 705.000000
1002.333333 724.000000
988.333333 742.000000
975.333333 758.666667
963.000000 774.666667
951.333333 789.000000
941.000000 801.333333
932.000000 811.333333
925.000000 819.666667
919.000000 826.333333
914.666667 832.333333
911.000000 837.000000
908.666667 841.000000
907.000000 844.000000
906.000000 846.333333
905.333333 848.333333
905.000000 849.666667
905.000000 850.333333
905.333333 850.000000
905.666667 849.000000
906.000000 847.666667
906.000000 846.000000
