819.333333 416.666667
819.666667 414.000000
820.000000 411.333333
820.333333 408.666667
820.666667 405.666667
821.000000 402.000000
821.000000 398.000000
821.333333 394.000000
822.000000 390.000000
822.666667 385.666667
823.333333 380.666667
824.333333 375.000000
825.666667 369.000000
827.333333 362.666667
828.666667 356.666667
830.333333 350.666667
832.000000 345.000000
834.333333 339.000000
837.000000 332.666667
840.000000 326.333333
843.000000 319.666667
846.333333 313.333333
849.666667 307.000000
853.000000 301.000000
856.000000 295.000000
859.333333 288.666667
862.666667 282.000000
866.333333 274.666667
870.000000 267.333333
874.333333 260.000000
879.000000 253.333333
884.333333 246.333333
889.666667 239.000000
895.333333 231.333333
901.000000 223.666667
907.000000 216.000000
913.333333 208.333333
920.000000 200.666667
927.333333 193.333333
934.666667 185.666667
941.666667 178.333333
948.333333 171.333333
955.000000 164.666667
962.000000 159.000000
969.000000 153.666667
976.333333 149.666667
983.333333 146.000000
990.333333 143.666667
996.666667 142.000000
1006.000000 141.666667
1015.333333 142.000000
1025.333333 143.000000
1032.666667 144.333333
1040.333333 146.333333
1048.333333 149.000000
1057.000000 152.333333
1066.000000 156.000000
1074.666667 160.000000
1082.666667 164.333333
1090.000000 168.666667
1096.666667 173.333333
1103.333333 177.666667
1110.000000 182.333333
1116.666667 187.000000
1122.666667 191.666667
1128.000000 196.333333
1133.000000 201.000000
1137.666667 206.000000
1142.000000 211.333333
1145.666667 217.000000
1148.666667 223.000000
1151.333333 229.000000
1153.333333 235.000000
1155.333333 241.666667
1156.333333 249.000000
1157.333333 257.000000
1157.333333 265.333333
1157.333333 273.666667
1156.666667 282.333333
1155.666667 291.333333
1154.333333 301.000000
1152.666667 311.000000
1151.333333 320.666667
1149.333333 330.333333
1147.000000 340.333333
1144.000000 351.000000
1140.666667 362.000000
1136.666667 373.000000
1132.000000 384.000000
1127.000000 395.666667
1122.000000 407.333333
1116.666667 419.666667
1111.333333 432.000000
1105.666667 444.666667
1099.666667 456.666667
1092.666667 468.666667
1085.000000 481.333333
1077.000000 495.000000
1068.666667 509.000000
1059.666667 523.666667
1049.666667 538.666667
1039.666667 553.666667
1029.333333 568.666667
1019.333333 583.666667
1008.666667 598.666667
997.666667 613.333333
986.000000 628.333333
973.666667 643.666667
961.000000 659.000000
948.000000 674.000000
935.333333 688.333333
922.666667 701.666667
910.000000 714.000000
897.666667 725.333333
886.333333 735.666667
876.000000 745.000000
866.333333 753.000000
857.000000 760.000000
848.666667 765.333333
841.666667 769.666667
836.333333 772.666667
832.666667 774.666667
830.000000 776.000000
828.000000 776.333333
827.000000 775.333333
