839.333333 406.000000
841.000000 403.000000
842.666667 400.000000
844.333333 396.666667
845.666667 393.000000
847.333333 388.666667
848.666667 384.000000
850.000000 378.666667
851.333333 373.333333
852.666667 367.333333
854.000000 361.333333
855.333333 354.666667
857.000000 348.333333
858.666667 341.666667
860.666667 335.000000
862.666667 328.000000
865.000000 321.000000
867.000000 314.333333
869.000000 307.666667
871.333333 301.333333
873.666667 294.666667
876.333333 288.333333
879.000000 282.000000
882.333333 276.000000
886.000000 270.000000
890.000000 264.333333
894.000000 259.000000
898.000000 253.666667
904.333333 246.000000
911.000000 238.333333
918.666667 230.666667
924.666667 225.333333
931.333333 220.000000
937.666667 215.333333
943.666667 211.000000
949.333333 207.000000
954.666667 203.333333
960.333333 199.666667
966.000000 196.333333
972.000000 193.000000
978.333333 190.000000
984.333333 187.000000
990.333333 184.333333
997.666667 181.333333
1005.333333 179.000000
1013.000000 176.666667
1019.333333 175.000000
1025.666667 173.333333
1038.666667 172.666667
1050.666667 173.000000
1062.333333 174.000000
1066.666667 175.333333
1071.333333 177.000000
1076.000000 179.000000
1080.666667 181.333333
1085.000000 184.000000
1088.666667 186.666667
1092.000000 189.333333
1095.333333 192.333333
1099.666667 198.000000
1104.000000 204.333333
1108.000000 211.333333
1110.666667 217.000000
1113.000000 223.000000
1115.333333 229.000000
1118.333333 237.333333
1121.333333 246.000000
1124.000000 255.000000
1125.666667 262.333333
1127.333333 269.666667
1128.666667 277.000000
1130.000000 284.000000
1131.000000 291.333333
1131.666667 298.666667
1132.333333 306.333333
1132.666667 314.000000
1132.666667 322.000000
1132.333333 330.000000
1131.666667 338.666667
1130.666667 347.333333
1129.333333 356.333333
1127.666667 364.666667
1126.000000 373.333333
1123.666667 382.000000
1121.333333 391.000000
1118.666667 399.666667
1116.000000 408.000000
1113.000000 416.333333
1110.000000 425.000000
1106.666667 434.000000
1103.000000 443.333333
1099.000000 452.333333
1094.666667 461.000000
1090.000000 469.333333
1085.000000 478.000000
1079.666667 487.000000
1074.333333 495.666667
1069.000000 504.333333
1064.333333 513.000000
1059.666667 522.000000
1054.666667 531.333333
1049.333333 540.666667
1043.666667 550.333333
1038.333333 559.666667
1032.666667 569.000000
1027.000000 578.333333
1021.000000 587.666667
1015.333333 597.000000
1009.666667 606.000000
1004.000000 615.000000
998.000000 624.666667
991.666667 634.666667
985.000000 645.333333
978.333333 655.666667
972.000000 666.333333
966.000000 677.000000
960.000000 688.333333
954.000000 699.333333
947.666667 710.333333
941.333333 720.666667
934.666667 731.333333
928.333333 741.333333
922.000000 750.666667
916.333333 759.000000
911.333333 766.333333
907.333333 772.666667
904.333333 778.000000
902.000000 783.000000
900.000000 787.666667
898.333333 792.000000
897.333333 795.333333
897.000000 798.000000
896.666667 800.000000
896.333333 802.000000
896.000000 803.666667
896.000000 805.000000
896.000000 806.000000
896.000000 807.000000
