862.333333 134.666667
866.333333 131.666667
871.333333 128.666667
877.000000 125.666667
882.666667 123.333333
888.333333 120.666667
894.000000 118.666667
899.666667 117.000000
905.333333 115.666667
911.666667 114.333333
918.666667 113.000000
928.666667 112.000000
943.333333 111.666667
958.333333 112.000000
971.000000 113.333333
978.666667 114.666667
986.000000 116.333333
993.000000 118.000000
1000.000000 120.333333
1007.000000 123.000000
1014.333333 126.000000
1022.000000 129.000000
1029.666667 132.000000
1037.000000 135.000000
1043.666667 138.333333
1050.333333 141.666667
1057.333333 145.333333
1064.666667 149.333333
1072.000000 153.666667
1078.666667 158.333333
1085.000000 163.333333
1090.666667 168.666667
1096.333333 174.666667
1101.666667 180.666667
1107.333333 187.333333
1113.000000 194.000000
1118.666667 201.333333
1124.333333 209.333333
1129.666667 217.666667
1135.000000 226.000000
1139.666667 233.666667
1144.000000 241.333333
1147.666667 249.333333
1151.000000 257.666667
1153.666667 266.333333
1156.000000 274.666667
1158.000000 283.333333
1160.000000 292.000000
1161.666667 301.000000
1163.000000 310.000000
1164.000000 319.000000
1165.000000 327.666667
1166.333333 336.333333
1167.666667 345.000000
1168.666667 354.000000
1169.333333 362.666667
1169.666667 371.333333
1170.333333 380.000000
1170.666667 389.000000
1171.333333 397.666667
1171.666667 406.000000
1172.000000 414.333333
1171.666667 422.333333
1171.333333 430.333333
1170.666667 438.333333
1170.000000 446.666667
1168.666667 455.000000
1167.333333 462.666667
1165.666667 470.333333
1164.000000 478.000000
1161.666667 486.000000
1159.333333 494.333333
1157.000000 502.666667
1155.000000 510.666667
1153.000000 518.000000
1151.000000 525.000000
1148.666667 532.000000
1146.333333 538.666667
1143.666667 545.000000
1140.666667 551.333333
1137.000000 557.666667
1133.000000 564.000000
1128.666667 569.666667
1124.000000 575.666667
1119.000000 581.666667
1114.000000 588.333333
1109.000000 594.666667
1104.000000 601.000000
1098.666667 606.666667
1093.000000 612.333333
1087.000000 617.666667
1080.666667 622.666667
1074.666667 627.000000
1068.666667 631.000000
1063.000000 635.333333
1056.333333 640.000000
1049.000000 645.000000
1041.000000 650.000000
1033.000000 655.000000
1024.666667 660.333333
1015.666667 665.666667
1006.000000 671.000000
996.000000 675.666667
986.333333 680.000000
976.666667 684.000000
967.000000 687.666667
956.666667 691.333333
946.333333 695.000000
936.333333 699.000000
927.000000 702.666667
918.000000 706.333333
908.666667 710.000000
899.333333 714.333333
890.333333 718.333333
882.333333 722.000000
875.333333 725.333333
869.333333 728.333333
864.666667 730.666667
861.333333 732.000000
859.333333 733.000000
858.000000 734.000000
856.666667 734.333333
