849.000000 342.000000
850.000000 339.000000
851.000000 336.000000
852.333333 333.000000
853.333333 330.000000
854.333333 327.000000
855.333333 323.666667
856.666667 320.000000
858.000000 316.333333
859.000000 313.000000
860.000000 309.666667
861.333333 306.333333
862.666667 302.666667
864.333333 299.000000
866.333333 295.000000
869.000000 290.666667
872.333333 285.333333
876.333333 279.333333
881.333333 272.666667
887.000000 266.333333
893.000000 259.666667
899.000000 253.666667
905.000000 247.666667
911.666667 242.000000
919.333333 235.666667
928.000000 229.333333
936.666667 223.000000
945.000000 217.000000
953.333333 211.000000
962.666667 205.333333
972.666667 199.666667
983.000000 194.666667
993.333333 189.333333
1004.333333 184.000000
1016.000000 178.333333
1028.000000 173.000000
1040.333333 168.000000
1053.000000 163.333333
1066.000000 159.333333
1078.666667 156.000000
1091.000000 153.333333
1103.000000 151.333333
1124.666667 151.000000
1145.666667 152.333333
1165.666667 155.000000
1174.666667 158.666667
1183.000000 163.000000
1190.666667 168.333333
1198.333333 174.000000
1206.000000 180.333333
1213.666667 187.666667
1221.333333 196.333333
1228.333333 206.000000
1234.333333 216.000000
1239.333333 226.333333
1243.333333 237.333333
1246.333333 249.000000
1248.333333 261.000000
1249.333333 273.333333
1249.666667 286.000000
1249.000000 299.000000
1247.666667 311.333333
1245.333333 323.666667
1242.000000 335.666667
1238.000000 348.000000
1233.000000 359.666667
1227.000000 371.333333
1220.000000 383.333333
1212.666667 396.000000
1204.666667 409.000000
1195.333333 422.666667
1185.000000 436.666667
1174.000000 451.000000
1162.666667 465.000000
1150.333333 479.000000
1137.666667 493.000000
1124.666667 507.000000
1111.000000 521.000000
1096.666667 535.000000
1081.666667 548.666667
1066.000000 562.000000
1050.000000 574.666667
1033.000000 587.666667
1016.333333 600.333333
999.333333 613.000000
982.666667 624.666667
966.333333 636.333333
950.333333 647.000000
936.000000 657.000000
922.333333 665.666667
909.666667 673.666667
898.000000 680.333333
888.666667 685.666667
881.666667 689.333333
876.666667 692.000000
873.333333 693.666667
871.000000 695.000000
869.333333 695.333333
868.666667 695.000000
868.666667 694.000000
869.000000 693.000000
