675.666667 376.666667
675.000000 371.000000
673.666667 365.000000
672.333333 359.000000
670.333333 352.666667
667.333333 345.666667
663.333333 338.000000
658.333333 329.666667
652.666667 321.000000
646.000000 312.000000
639.000000 302.333333
631.333333 292.000000
623.000000 281.000000
614.000000 270.333333
604.666667 260.000000
594.666667 249.666667
584.000000 239.666667
573.000000 230.000000
562.000000 221.333333
551.333333 213.333333
540.666667 206.000000
529.666667 199.666667
518.333333 194.333333
507.666667 190.333333
497.666667 187.333333
488.333333 185.333333
476.333333 184.000000
465.333333 183.666667
455.333333 184.000000
449.333333 185.000000
444.000000 186.333333
439.333333 188.000000
435.000000 190.000000
431.333333 192.666667
427.666667 196.000000
424.333333 201.000000
421.000000 207.333333
418.333333 215.000000
416.000000 223.666667
414.000000 233.333333
412.333333 244.333333
411.000000 256.000000
410.000000 268.000000
409.000000 280.000000
408.333333 292.000000
408.333333 303.666667
408.666667 314.666667
409.333333 325.333333
410.000000 335.666667
411.333333 346.333333
413.000000 356.333333
415.000000 366.333333
417.000000 375.666667
419.333333 385.333333
422.000000 394.666667
425.000000 404.666667
428.333333 415.000000
431.666667 426.000000
435.333333 437.000000
439.000000 447.666667
443.333333 458.000000
448.333333 468.000000
454.000000 478.333333
460.000000 488.666667
466.000000 499.333333
471.666667 509.333333
477.666667 519.000000
483.666667 528.000000
490.333333 537.000000
497.333333 546.333333
504.333333 555.666667
511.333333 565.000000
518.000000 574.333333
525.333333 584.000000
533.000000 594.000000
541.000000 604.000000
548.666667 613.666667
556.000000 623.000000
562.666667 631.666667
569.000000 639.666667
575.000000 647.000000
581.000000 654.000000
587.333333 660.666667
594.000000 667.000000
600.666667 672.666667
607.333333 678.333333
614.333333 684.333333
622.333333 690.666667
630.666667 697.000000
639.333333 703.000000
647.666667 708.666667
655.666667 714.000000
663.000000 719.000000
670.333333 723.666667
677.333333 727.666667
684.333333 731.333333
690.666667 734.333333
697.000000 737.333333
702.666667 739.666667
707.666667 742.000000
712.000000 744.000000
715.666667 745.666667
718.666667 747.000000
721.000000 748.000000
723.666667 748.333333
726.000000 748.000000
728.000000 747.000000
728.666667 745.666667
