685.333333 269.000000
685.000000 264.000000
685.000000 259.333333
684.666667 255.000000
684.333333 250.666667
683.666667 246.333333
683.000000 241.666667
681.666667 237.000000
680.000000 231.666667
677.666667 226.000000
675.000000 219.333333
672.000000 212.666667
668.666667 205.666667
664.666667 199.000000
660.333333 192.000000
655.666667 185.000000
651.000000 178.666667
646.000000 173.000000
641.666667 168.333333
637.666667 164.000000
634.000000 160.333333
630.333333 157.000000
626.666667 154.333333
623.000000 152.000000
619.000000 150.000000
614.666667 147.666667
609.666667 145.333333
604.333333 142.666667
598.666667 140.333333
593.000000 137.666667
587.000000 135.333333
581.000000 133.000000
575.000000 131.000000
569.000000 129.333333
558.666667 128.666667
548.333333 129.000000
537.666667 130.000000
531.000000 131.000000
524.000000 132.000000
516.666667 133.000000
509.333333 134.000000
501.666667 135.000000
494.666667 136.333333
487.333333 138.000000
480.333333 140.333333
473.333333 143.333333
466.666667 147.000000
460.666667 151.666667
454.666667 157.000000
449.666667 163.000000
444.666667 169.333333
440.666667 176.333333
437.000000 183.666667
434.000000 191.333333
431.333333 198.333333
429.000000 205.666667
427.333333 213.000000
426.000000 220.666667
425.000000 228.333333
424.333333 236.000000
424.000000 244.000000
424.000000 252.000000
424.333333 260.333333
425.000000 269.000000
426.000000 278.666667
427.000000 288.666667
428.333333 299.000000
430.000000 309.333333
432.000000 320.000000
433.666667 331.000000
435.000000 342.333333
436.000000 353.333333
437.333333 364.000000
438.666667 373.666667
440.333333 383.000000
442.000000 391.666667
444.333333 400.333333
447.000000 408.666667
450.333333 417.666667
454.000000 426.666667
458.000000 436.333333
462.333333 446.000000
466.666667 455.666667
471.000000 465.333333
475.000000 475.000000
479.333333 485.000000
483.666667 495.000000
488.333333 505.000000
493.000000 515.000000
498.000000 524.666667
503.000000 534.333333
508.000000 544.000000
512.666667 553.666667
517.000000 563.000000
521.333333 572.000000
526.000000 580.666667
531.000000 589.333333
536.333333 597.666667
542.000000 606.333333
548.000000 614.333333
554.000000 622.000000
560.333333 629.333333
566.333333 636.333333
572.666667 643.333333
579.000000 649.666667
586.000000 656.000000
593.333333 661.666667
600.666667 667.000000
608.000000 671.666667
615.333333 676.000000
623.333333 680.000000
632.000000 683.333333
640.666667 686.000000
649.000000 688.000000
657.000000 690.000000
664.666667 692.333333
672.000000 694.666667
679.000000 697.333333
686.000000 700.000000
693.000000 703.000000
699.333333 706.000000
705.000000 709.000000
709.666667 711.666667
713.666667 714.000000
716.666667 715.666667
718.666667 717.000000
