845.000000 383.666667
846.333333 374.666667
848.000000 365.333333
850.000000 355.666667
852.333333 345.666667
855.000000 335.333333
858.000000 324.666667
861.333333 314.666667
865.333333 304.333333
870.666667 294.000000
877.000000 282.666667
884.000000 271.666667
891.333333 261.000000
899.000000 251.000000
907.333333 241.000000
916.333333 231.000000
925.666667 221.666667
934.666667 213.333333
943.333333 206.333333
952.333333 200.000000
962.666667 194.333333
973.666667 189.333333
985.000000 185.000000
996.666667 181.333333
1009.000000 178.666667
1021.666667 177.000000
1034.000000 176.666667
1046.333333 177.000000
1058.666667 178.333333
1070.333333 180.333333
1080.666667 183.000000
1090.333333 186.666667
1099.666667 191.000000
1109.000000 196.000000
1117.666667 201.666667
1126.000000 208.333333
1133.333333 216.000000
1139.666667 224.000000
1145.000000 232.333333
1149.666667 241.000000
1153.333333 250.333333
1156.000000 260.333333
1157.666667 270.666667
1159.000000 281.666667
1159.666667 293.000000
1159.666667 305.000000
1159.000000 317.333333
1157.666667 330.000000
1156.000000 343.000000
1154.000000 355.666667
1151.666667 368.000000
1149.000000 380.333333
1145.666667 393.000000
1142.000000 405.666667
1137.333333 418.000000
1132.000000 430.000000
1125.666667 442.000000
1119.333333 453.333333
1112.666667 464.000000
1105.000000 474.333333
1096.000000 484.666667
1085.666667 495.000000
1075.000000 505.000000
1063.333333 515.000000
1051.000000 524.666667
1038.333333 534.000000
1025.666667 543.000000
1013.000000 552.333333
1000.000000 561.666667
987.333333 571.333333
974.666667 581.333333
962.000000 592.000000
949.333333 603.333333
937.333333 615.000000
926.000000 627.666667
915.000000 640.666667
904.000000 654.000000
893.333333 666.666667
883.333333 679.000000
874.000000 690.666667
865.333333 701.000000
857.000000 710.000000
849.333333 717.666667
842.333333 724.666667
836.333333 730.333333
831.666667 734.666667
828.333333 737.666667
826.333333 739.666667
825.000000 741.000000
824.000000 741.333333
823.333333 740.666667
823.333333 738.666667
