840.000000 333.000000
841.000000 328.000000
842.000000 323.000000
843.000000 318.000000
844.333333 313.000000
846.000000 308.000000
848.333333 303.000000
850.333333 298.000000
852.333333 292.666667
854.000000 286.666667
856.000000 280.333333
858.000000 273.333333
860.333333 266.666667
863.333333 258.000000
866.666667 250.000000
870.000000 242.333333
873.333333 236.666667
877.000000 231.333333
881.333333 225.666667
885.666667 220.333333
890.333333 215.333333
894.666667 210.666667
899.666667 206.333333
904.666667 202.000000
910.333333 198.000000
916.333333 194.333333
922.666667 191.000000
929.333333 188.000000
935.666667 185.333333
941.666667 182.666667
947.333333 180.000000
953.000000 177.333333
959.000000 174.666667
965.000000 172.000000
971.333333 168.666667
978.000000 165.666667
985.000000 162.666667
991.666667 160.000000
998.333333 157.333333
1005.333333 155.000000
1013.333333 153.000000
1021.666667 151.333333
1029.666667 150.000000
1041.666667 149.666667
1053.333333 150.000000
1064.666667 151.333333
1071.666667 153.000000
1078.333333 155.000000
1084.666667 157.000000
1090.000000 159.000000
1095.000000 161.333333
1099.666667 164.333333
1104.333333 168.000000
1109.000000 172.000000
1114.333333 176.333333
1119.666667 180.666667
1125.000000 185.333333
1129.666667 190.000000
1134.333333 195.666667
1138.333333 202.000000
1142.333333 209.333333
1145.333333 216.333333
1148.000000 223.333333
1149.666667 230.000000
1151.333333 237.000000
1152.666667 244.000000
1153.666667 251.000000
1154.333333 258.000000
1154.666667 265.000000
1155.333333 271.666667
1155.666667 278.000000
1156.000000 284.000000
1156.000000 290.000000
1156.000000 296.666667
1156.000000 303.666667
1155.666667 310.666667
1155.000000 317.333333
1154.333333 323.666667
1153.666667 330.333333
1153.000000 337.333333
1152.000000 344.666667
1151.333333 352.333333
1150.666667 359.666667
1149.666667 367.000000
1148.333333 373.666667
1147.000000 380.000000
1145.666667 386.000000
1144.000000 392.333333
1141.666667 399.000000
1139.000000 406.000000
1136.000000 413.000000
1132.666667 420.000000
1129.000000 427.000000
1125.000000 434.333333
1121.000000 441.666667
1117.000000 449.333333
1113.000000 456.666667
1109.333333 464.000000
1105.666667 470.666667
1101.666667 477.666667
1097.333333 484.666667
1092.666667 492.333333
1087.666667 500.000000
1082.000000 508.333333
1076.333333 516.333333
1071.000000 524.333333
1066.000000 532.666667
1060.666667 541.666667
1055.333333 551.000000
1049.333333 560.000000
1043.000000 569.000000
1036.000000 578.333333
1029.000000 588.000000
1022.000000 597.666667
1014.666667 607.000000
1006.666667 616.000000
998.000000 625.333333
989.000000 635.000000
980.000000 644.666667
971.000000 654.000000
961.666667 662.666667
952.000000 671.000000
942.333333 679.000000
933.333333 686.666667
925.000000 694.333333
917.333333 701.666667
910.666667 708.666667
905.666667 714.666667
902.000000 719.333333
899.333333 723.000000
897.333333 725.666667
896.333333 727.666667
895.666667 729.000000
895.333333 730.000000
