765.000000 387.000000
765.000000 384.666667
764.666667 381.333333
764.000000 377.000000
763.000000 371.333333
761.333333 365.000000
758.666667 357.333333
754.333333 348.666667
748.666667 338.000000
741.333333 325.666667
732.000000 311.000000
720.333333 294.666667
706.333333 276.666667
690.333333 258.000000
673.000000 239.666667
654.666667 222.000000
636.000000 207.000000
617.333333 194.666667
598.666667 186.666667
580.333333 182.666667
562.333333 184.000000
545.666667 191.333333
530.000000 204.666667
516.333333 224.000000
505.333333 247.666667
498.000000 274.666667
494.000000 303.000000
493.666667 331.000000
497.000000 358.000000
503.333333 383.666667
513.000000 408.666667
525.333333 432.333333
541.333333 455.333333
559.333333 477.666667
580.333333 500.333333
602.666667 522.666667
626.666667 545.000000
650.333333 566.666667
674.000000 588.000000
696.666667 608.666667
718.000000 628.333333
736.333333 646.000000
752.000000 661.333333
764.666667 674.000000
775.333333 684.000000
