1182.333333 386.333333
1163.666667 386.000000
1144.000000 385.000000
1131.000000 383.666667
1117.000000 382.000000
1102.666667 380.000000
1088.000000 378.000000
1074.000000 376.000000
1059.666667 373.666667
1045.333333 371.333333
1031.333333 368.666667
1016.666667 366.000000
1002.000000 363.000000
987.000000 360.333333
971.666667 358.000000
956.000000 356.333333
939.666667 354.666667
923.666667 353.333333
907.333333 352.000000
890.666667 351.000000
873.666667 350.000000
856.333333 349.000000
838.333333 348.000000
795.666667 347.666667
754.333333 348.000000
715.333333 349.000000
704.000000 350.000000
