928.333333 343.000000
929.000000 339.666667
930.000000 336.333333
931.000000 332.666667
932.000000 329.333333
933.000000 325.666667
934.000000 322.333333
935.000000 318.666667
936.000000 315.000000
937.333333 311.000000
939.000000 307.000000
941.000000 303.000000
943.000000 299.333333
945.333333 295.666667
947.666667 292.000000
950.333333 288.000000
952.666667 284.000000
955.000000 280.333333
957.000000 277.000000
959.000000 274.000000
961.000000 270.666667
963.000000 267.333333
965.000000 263.666667
967.333333 260.333333
970.333333 256.666667
974.333333 253.000000
979.333333 249.333333
985.000000 245.666667
991.000000 241.666667
997.666667 236.666667
1005.000000 231.000000
1013.333333 224.666667
1022.000000 218.000000
1030.666667 211.333333
1039.000000 205.333333
1047.333333 200.000000
1056.000000 195.000000
1065.333333 189.666667
1074.666667 184.666667
1083.666667 180.000000
1092.000000 176.000000
1100.666667 172.333333
1110.000000 169.333333
1120.000000 167.000000
1129.333333 165.333333
1146.666667 164.666667
1163.333333 165.000000
1179.666667 166.333333
1187.333333 168.000000
1194.333333 170.333333
1201.666667 173.000000
1209.000000 176.333333
1216.666667 179.666667
1224.000000 183.000000
1230.666667 186.000000
1237.000000 189.000000
1242.666667 192.000000
1248.333333 195.666667
1253.666667 199.666667
1259.333333 204.666667
1265.000000 210.000000
1270.666667 215.666667
1276.000000 221.666667
1280.666667 227.666667
1284.666667 234.000000
1288.000000 240.000000
1291.000000 246.333333
1293.666667 253.333333
1295.666667 261.000000
1297.000000 268.666667
1298.333333 276.000000
1299.333333 283.333333
1300.000000 291.000000
1300.000000 299.333333
1300.000000 307.666667
1299.666667 316.333333
1299.000000 324.666667
1297.666667 333.333333
1296.000000 342.666667
1294.000000 353.000000
1291.333333 363.666667
1288.000000 374.000000
1283.666667 384.333333
1279.000000 395.000000
1273.666667 406.333333
1268.000000 417.666667
1262.000000 429.333333
1256.333333 441.000000
1250.666667 452.666667
1244.666667 463.666667
1237.666667 474.333333
1230.000000 485.000000
1222.000000 496.000000
1214.333333 506.666667
1207.000000 516.666667
1199.666667 526.333333
1192.000000 536.333333
1184.000000 546.666667
1176.333333 556.666667
1169.000000 566.000000
1162.000000 575.666667
1155.000000 585.666667
1148.000000 595.666667
1140.666667 605.000000
1133.000000 614.000000
1125.333333 622.666667
1118.000000 631.333333
1110.333333 640.000000
1102.000000 649.000000
1093.000000 657.666667
1084.000000 665.666667
1075.000000 673.000000
1065.666667 680.000000
1055.666667 687.000000
1045.333333 694.000000
1035.000000 701.000000
1024.666667 708.000000
1014.000000 715.000000
1002.666667 721.666667
991.333333 728.333333
980.333333 735.000000
970.000000 742.000000
959.666667 748.666667
950.333333 754.333333
942.333333 759.000000
936.666667 762.333333
932.000000 765.000000
928.666667 766.666667
926.333333 768.000000
924.666667 767.333333
