682.666667 223.000000
676.000000 222.000000
669.000000 221.000000
659.000000 220.000000
646.666667 219.666667
634.000000 220.000000
624.000000 221.000000
616.000000 222.666667
608.000000 225.000000
600.333333 228.333333
593.333333 232.000000
586.666667 236.333333
580.000000 241.333333
573.000000 246.666667
566.000000 252.333333
559.333333 258.000000
553.000000 263.666667
547.000000 269.000000
541.333333 274.000000
535.666667 279.333333
530.000000 285.000000
524.333333 291.000000
518.666667 297.000000
513.000000 303.000000
507.000000 309.333333
501.333333 316.000000
496.000000 323.000000
491.000000 330.666667
486.333333 338.666667
482.000000 347.000000
478.000000 355.333333
474.000000 363.666667
470.000000 371.666667
466.000000 379.000000
462.000000 386.000000
458.000000 392.666667
454.333333 399.000000
451.000000 405.333333
448.000000 411.333333
445.333333 417.333333
443.000000 423.000000
441.000000 429.333333
439.000000 436.000000
437.000000 443.000000
435.333333 450.000000
434.000000 457.000000
433.000000 464.333333
432.000000 471.333333
431.000000 478.666667
430.000000 485.666667
429.333333 493.000000
429.000000 500.000000
429.000000 507.000000
429.000000 513.666667
429.000000 520.000000
429.000000 525.666667
429.333333 531.000000
429.666667 536.000000
430.333333 541.000000
430.666667 546.000000
431.333333 551.000000
432.000000 556.000000
433.000000 561.333333
434.333333 566.666667
436.000000 572.000000
438.333333 577.333333
441.000000 583.000000
444.666667 589.333333
449.000000 596.000000
454.000000 603.000000
459.000000 610.000000
464.333333 617.000000
469.666667 624.000000
475.666667 631.000000
482.000000 638.000000
489.333333 645.333333
497.000000 652.666667
505.333333 660.000000
514.000000 667.000000
523.666667 674.333333
534.000000 681.666667
544.333333 689.333333
554.333333 697.000000
564.000000 705.000000
574.000000 712.666667
584.000000 720.000000
593.666667 727.000000
602.666667 734.000000
611.000000 741.000000
619.333333 748.000000
628.000000 755.000000
636.666667 761.666667
645.000000 768.333333
653.000000 775.000000
661.000000 782.333333
669.000000 789.666667
677.333333 797.000000
685.666667 804.000000
693.333333 810.666667
700.333333 817.000000
706.666667 822.666667
712.666667 827.666667
718.333333 832.000000
723.666667 836.000000
729.000000 839.666667
734.333333 843.000000
739.666667 846.000000
745.000000 848.666667
750.000000 851.000000
754.333333 852.666667
758.000000 854.000000
760.666667 855.000000
762.666667 856.000000
