715.666667 341.333333
715.333333 338.333333
714.666667 335.000000
713.666667 331.000000
712.000000 326.666667
709.666667 322.000000
707.000000 317.000000
703.666667 312.000000
699.666667 307.000000
695.000000 302.333333
690.000000 297.666667
685.000000 293.000000
679.666667 287.666667
674.000000 282.000000
667.666667 276.000000
660.666667 270.000000
653.000000 264.333333
645.333333 259.000000
638.000000 254.333333
630.666667 250.333333
622.666667 247.000000
614.333333 244.333333
605.666667 242.333333
597.333333 241.000000
589.000000 240.000000
580.333333 239.000000
568.333333 238.000000
553.666667 237.000000
540.000000 236.000000
529.666667 235.000000
522.000000 233.666667
514.000000 232.333333
506.333333 231.000000
499.000000 230.000000
492.333333 229.000000
485.666667 228.000000
477.000000 227.666667
468.666667 228.000000
460.333333 229.333333
454.666667 231.000000
449.000000 233.333333
444.333333 235.666667
440.000000 238.666667
435.666667 242.333333
431.333333 247.333333
427.333333 253.333333
424.000000 260.333333
421.000000 268.000000
418.333333 276.333333
416.333333 285.333333
415.000000 295.333333
414.000000 306.333333
413.333333 318.333333
413.333333 331.000000
414.000000 344.000000
414.666667 357.000000
415.333333 369.333333
415.666667 381.000000
416.333333 391.666667
417.333333 401.333333
418.333333 410.333333
419.333333 418.666667
420.333333 427.000000
421.666667 434.666667
423.333333 442.333333
425.000000 450.333333
427.000000 459.000000
429.333333 468.000000
432.333333 477.333333
436.333333 487.000000
441.000000 497.000000
446.666667 507.666667
452.666667 518.666667
459.333333 530.000000
465.666667 541.333333
472.333333 552.333333
479.333333 563.333333
487.000000 573.666667
495.000000 584.333333
503.333333 594.666667
511.666667 605.000000
520.333333 614.666667
529.333333 624.000000
539.000000 633.000000
549.000000 642.000000
559.000000 651.000000
569.000000 659.666667
579.333333 668.000000
589.333333 676.333333
599.333333 685.000000
608.666667 694.000000
618.333333 702.666667
628.333333 711.333333
638.666667 719.333333
648.666667 727.333333
658.333333 734.666667
667.666667 742.000000
677.333333 749.000000
686.666667 755.333333
695.666667 761.000000
703.333333 765.666667
709.333333 769.666667
714.000000 772.666667
717.333333 774.666667
719.666667 776.000000
