862.000000 363.333333
862.333333 360.333333
862.666667 357.000000
863.000000 354.000000
863.333333 350.666667
864.000000 347.333333
864.666667 343.666667
865.333333 340.000000
866.333333 336.000000
867.666667 331.666667
869.333333 327.000000
870.666667 322.000000
872.333333 317.333333
874.000000 312.666667
876.333333 308.333333
878.666667 304.333333
881.333333 300.666667
884.000000 297.333333
887.000000 293.666667
890.333333 290.000000
894.000000 286.000000
898.000000 281.666667
902.000000 277.000000
906.333333 272.000000
911.000000 267.000000
916.000000 262.000000
921.666667 257.333333
927.666667 253.000000
934.333333 249.000000
940.666667 245.000000
947.000000 241.333333
953.333333 238.000000
960.000000 234.666667
967.000000 231.333333
974.000000 228.333333
981.000000 225.333333
987.666667 222.666667
994.000000 219.666667
1000.000000 217.000000
1006.333333 214.333333
1013.000000 211.666667
1020.000000 209.333333
1026.666667 207.000000
1033.000000 205.000000
1039.000000 203.333333
1044.666667 202.000000
1050.000000 201.000000
1055.333333 200.000000
1070.000000 199.666667
1084.000000 200.000000
1097.333333 201.333333
1101.000000 202.666667
1105.000000 204.000000
1108.666667 205.333333
1112.333333 207.000000
1116.000000 209.000000
1120.000000 211.333333
1124.333333 213.666667
1128.666667 216.333333
1133.000000 219.333333
1136.666667 222.666667
1140.333333 226.666667
1144.000000 230.666667
1148.666667 237.000000
1153.333333 243.666667
1158.000000 251.000000
1161.666667 257.000000
1165.000000 262.666667
1168.000000 268.333333
1171.000000 273.333333
1173.666667 278.000000
1176.000000 282.000000
1178.000000 286.000000
1179.666667 290.000000
1181.000000 294.333333
1182.000000 299.333333
1183.000000 305.000000
1183.666667 311.000000
1183.666667 317.333333
1183.333333 323.666667
1182.666667 330.000000
1182.000000 336.333333
1181.000000 343.000000
1180.333333 350.000000
1179.666667 356.666667
1179.000000 363.000000
1178.000000 369.000000
1177.000000 374.666667
1176.000000 380.333333
1174.666667 385.666667
1173.000000 391.333333
1171.000000 396.666667
1169.000000 402.333333
1166.666667 408.000000
1164.333333 413.666667
1161.666667 419.333333
1159.333333 425.000000
1156.666667 431.333333
1154.333333 437.666667
1151.666667 444.666667
1149.333333 451.666667
1146.666667 459.000000
1143.666667 465.666667
1140.333333 472.333333
1136.666667 479.000000
1133.000000 485.666667
1128.666667 492.333333
1124.333333 499.000000
1120.000000 505.666667
1116.000000 512.000000
1112.333333 517.666667
1108.666667 523.333333
1105.333333 528.666667
1101.666667 534.000000
1098.000000 539.000000
1094.000000 544.000000
1090.000000 549.333333
1085.666667 555.000000
1081.333333 560.666667
1077.000000 566.000000
1073.000000 571.000000
1069.000000 576.333333
1065.000000 581.666667
1061.000000 587.333333
1057.333333 592.666667
1053.333333 598.000000
1049.333333 603.333333
1044.666667 608.666667
1040.000000 614.000000
1035.000000 619.000000
1030.000000 624.000000
1025.000000 628.666667
1020.000000 633.666667
1015.333333 638.666667
1010.666667 644.333333
1006.333333 650.000000
1001.666667 656.000000
997.000000 662.000000
992.000000 667.666667
986.666667 673.666667
981.000000 680.000000
975.333333 687.000000
970.000000 694.333333
965.000000 701.666667
960.000000 708.666667
954.666667 715.000000
949.333333 721.000000
943.666667 726.666667
938.000000 732.333333
932.333333 737.666667
927.000000 743.333333
922.333333 749.000000
918.000000 754.666667
913.666667 760.333333
909.333333 766.000000
904.333333 772.000000
899.666667 778.000000
895.333333 783.333333
892.000000 788.000000
889.000000 791.666667
886.333333 795.000000
884.333333 797.666667
883.000000 799.666667
882.000000 801.000000
881.333333 802.000000
