682.333333 382.000000
679.333333 372.333333
675.666667 362.000000
670.666667 351.000000
664.333333 339.333333
657.000000 327.666667
649.000000 315.666667
641.000000 304.333333
632.666667 293.333333
624.000000 283.333333
614.666667 274.000000
605.333333 265.333333
596.000000 257.333333
586.666667 250.000000
576.666667 243.333333
566.333333 237.333333
556.000000 232.000000
546.333333 227.333333
537.000000 223.000000
528.000000 219.666667
519.333333 217.000000
511.000000 215.000000
499.333333 214.000000
487.666667 214.000000
476.333333 215.666667
468.666667 218.000000
461.000000 221.666667
453.333333 225.666667
446.333333 231.000000
439.666667 237.000000
433.000000 244.333333
426.666667 252.333333
421.000000 261.333333
416.000000 270.666667
411.333333 280.333333
407.333333 290.000000
404.333333 299.666667
402.333333 309.666667
401.333333 319.666667
400.666667 329.666667
400.666667 339.000000
401.000000 348.000000
402.333333 357.000000
404.000000 365.666667
406.666667 374.333333
409.666667 383.000000
413.666667 392.333333
417.666667 402.000000
422.333333 412.333333
427.666667 423.000000
434.000000 434.000000
441.333333 445.000000
449.333333 455.666667
458.000000 466.000000
467.333333 476.333333
477.666667 487.000000
488.666667 498.333333
500.333333 510.000000
512.333333 522.333333
524.666667 535.000000
537.000000 547.333333
548.333333 559.000000
559.000000 570.000000
568.666667 580.333333
577.666667 590.333333
586.333333 599.333333
595.000000 608.333333
603.666667 617.000000
611.666667 625.666667
619.333333 634.333333
627.000000 643.000000
634.666667 651.666667
642.000000 659.666667
648.666667 666.666667
655.000000 672.666667
660.333333 678.000000
665.000000 683.000000
669.000000 687.666667
673.000000 691.666667
676.333333 695.000000
678.666667 697.333333
680.333333 699.333333
681.666667 700.666667
682.666667 702.000000
684.000000 703.000000
