671.333333 350.000000
671.000000 346.666667
670.666667 343.333333
670.333333 339.333333
669.666667 335.000000
669.000000 329.666667
668.333333 324.000000
667.666667 318.333333
667.333333 313.000000
667.000000 308.333333
667.000000 303.666667
666.666667 299.666667
666.333333 295.666667
666.000000 292.666667
665.666667 289.333333
665.000000 286.333333
664.000000 282.666667
662.666667 278.666667
661.000000 274.000000
658.666667 269.000000
656.000000 264.000000
653.000000 259.333333
650.000000 254.666667
647.333333 250.666667
644.666667 246.333333
642.000000 242.333333
639.333333 238.333333
637.000000 234.666667
635.000000 231.333333
632.666667 227.666667
630.666667 224.000000
628.333333 220.000000
626.666667 216.333333
624.333333 212.666667
622.333333 209.333333
619.666667 205.666667
617.000000 202.333333
613.333333 199.000000
609.333333 196.000000
604.666667 192.666667
600.333333 189.666667
595.666667 187.000000
591.000000 185.000000
586.000000 183.000000
580.666667 181.000000
575.000000 179.333333
569.000000 178.000000
562.666667 177.000000
556.333333 176.000000
549.666667 175.000000
536.333333 174.666667
522.666667 175.333333
509.333333 177.000000
503.000000 179.000000
497.000000 181.000000
491.333333 183.000000
485.666667 185.333333
480.000000 188.000000
474.000000 191.000000
468.333333 194.000000
462.666667 197.000000
457.333333 199.666667
452.000000 202.333333
447.000000 205.333333
442.000000 208.666667
437.000000 212.000000
432.000000 215.333333
427.000000 219.000000
422.000000 223.000000
417.333333 227.000000
413.000000 231.000000
409.000000 235.000000
405.000000 239.333333
401.000000 243.666667
397.333333 248.333333
394.000000 253.000000
391.000000 258.000000
388.000000 263.333333
385.000000 268.666667
382.333333 274.333333
380.000000 279.666667
378.000000 285.333333
376.000000 291.333333
374.333333 297.666667
372.666667 304.333333
371.666667 310.666667
370.666667 317.000000
370.333333 323.000000
369.666667 329.000000
369.333333 335.000000
369.000000 340.666667
369.000000 346.000000
369.000000 351.000000
369.333333 356.000000
369.666667 361.000000
370.333333 365.666667
371.333333 370.333333
372.666667 374.333333
374.333333 378.333333
376.000000 382.000000
378.000000 385.666667
380.333333 389.666667
383.000000 394.000000
386.333333 399.000000
390.333333 404.666667
395.000000 410.666667
400.333333 417.000000
405.666667 423.333333
411.333333 430.333333
417.000000 438.000000
422.666667 445.666667
428.333333 453.000000
433.666667 460.000000
439.000000 466.666667
444.333333 473.333333
449.666667 479.666667
455.000000 486.000000
460.000000 492.000000
465.000000 498.333333
469.666667 504.666667
474.333333 511.000000
478.666667 517.333333
483.333333 523.666667
488.000000 530.333333
493.000000 537.333333
498.000000 544.333333
503.333333 551.333333
508.666667 557.666667
513.666667 564.000000
518.333333 570.333333
523.000000 576.333333
528.333333 582.333333
534.333333 588.333333
541.000000 594.666667
548.000000 601.333333
554.666667 608.000000
561.333333 614.666667
567.666667 621.000000
574.333333 627.666667
581.000000 635.000000
588.000000 642.666667
595.000000 650.000000
601.666667 657.000000
607.666667 663.666667
613.000000 670.333333
617.666667 677.000000
622.000000 683.666667
626.000000 690.333333
630.000000 696.666667
633.333333 702.666667
636.333333 708.000000
638.666667 712.666667
640.666667 717.333333
642.333333 721.333333
643.666667 725.000000
644.666667 727.333333
645.333333 729.333333
645.666667 730.666667
646.000000 732.000000
646.666667 733.333333
647.666667 735.000000
649.333333 736.666667
650.333333 738.000000
651.333333 739.000000
652.333333 740.000000
653.666667 741.000000
655.333333 742.000000
