700.000000 205.000000
689.333333 202.000000
677.333333 199.000000
664.666667 196.666667
651.666667 195.000000
634.000000 194.666667
615.666667 195.333333
597.000000 197.666667
582.666667 201.333333
568.333333 206.666667
554.333333 213.000000
541.000000 220.666667
527.666667 229.000000
514.666667 238.666667
502.000000 249.000000
490.666667 260.333333
479.333333 272.333333
468.333333 285.000000
458.000000 298.000000
449.333333 311.000000
442.666667 325.000000
437.333333 339.666667
433.666667 355.333333
431.333333 370.666667
430.333333 386.666667
430.666667 403.000000
432.000000 420.333333
434.333333 437.333333
438.000000 454.333333
443.666667 471.333333
451.333333 489.000000
460.000000 507.666667
470.333333 526.666667
482.333333 545.666667
495.666667 564.333333
510.333333 582.666667
525.666667 600.333333
543.000000 617.333333
561.333333 633.666667
580.333333 649.333333
600.000000 664.000000
619.333333 677.333333
640.000000 690.000000
660.000000 701.000000
679.000000 711.000000
696.666667 719.666667
713.666667 728.000000
729.333333 735.000000
742.000000 740.666667
751.000000 744.666667
757.666667 747.666667
762.333333 749.666667
765.333333 751.000000
767.000000 751.333333
