726.000000 317.000000
725.333333 311.000000
725.000000 305.333333
725.000000 300.000000
725.000000 294.666667
725.000000 289.666667
725.000000 284.666667
725.000000 280.000000
725.000000 275.333333
725.000000 270.666667
725.333333 266.000000
725.666667 261.333333
726.000000 256.666667
726.333333 252.333333
726.333333 247.666667
726.333333 243.000000
726.000000 238.000000
725.666667 233.333333
725.333333 228.666667
724.666667 224.000000
724.333333 219.333333
723.666667 215.000000
723.333333 211.000000
723.000000 207.000000
722.666667 203.333333
722.333333 200.000000
721.666667 197.000000
720.666667 193.666667
719.000000 189.333333
716.333333 184.333333
713.000000 178.666667
708.666667 173.000000
703.666667 167.000000
698.000000 161.000000
692.333333 155.000000
687.000000 149.000000
682.000000 143.000000
677.000000 137.333333
672.000000 131.666667
666.666667 126.000000
660.666667 120.333333
654.333333 115.000000
647.666667 110.333333
641.000000 105.666667
633.333333 101.333333
624.666667 97.000000
615.000000 93.000000
605.000000 89.333333
595.000000 86.333333
584.333333 84.333333
573.333333 83.000000
562.000000 82.666667
551.333333 83.333333
540.666667 85.000000
530.000000 87.666667
519.000000 91.333333
508.333333 96.000000
498.000000 101.666667
488.000000 108.000000
478.000000 115.666667
468.333333 124.000000
459.333333 133.333333
451.000000 143.333333
443.666667 154.666667
437.000000 167.000000
431.333333 179.666667
426.333333 193.000000
422.000000 206.666667
418.333333 221.000000
415.000000 235.000000
412.000000 249.333333
409.000000 263.666667
406.333333 278.000000
404.000000 291.666667
402.333333 305.000000
401.333333 318.000000
401.000000 331.000000
401.333333 344.333333
402.333333 357.333333
404.333333 369.666667
407.000000 381.000000
410.333333 391.666667
414.000000 402.000000
418.333333 412.000000
423.666667 422.000000
430.000000 432.333333
437.666667 443.000000
446.000000 453.666667
455.666667 464.666667
466.333333 476.333333
478.666667 489.000000
491.666667 502.333333
505.000000 516.000000
518.666667 530.333333
533.000000 544.666667
548.000000 559.666667
563.000000 575.333333
578.000000 591.666667
593.000000 608.333333
608.000000 625.000000
623.000000 641.666667
637.333333 657.666667
651.000000 673.000000
663.666667 687.666667
675.666667 701.333333
686.666667 713.000000
696.333333 723.000000
705.000000 731.333333
712.333333 738.666667
719.000000 744.333333
724.666667 749.000000
730.000000 752.666667
734.666667 756.000000
739.000000 758.666667
742.666667 761.000000
745.666667 763.000000
748.333333 765.000000
750.333333 766.666667
752.666667 768.000000
754.333333 769.000000
756.000000 770.000000
757.333333 771.000000
760.000000 771.333333
