1250.000000 380.000000
1252.666667 377.000000
1255.666667 373.666667
1258.666667 370.333333
1262.000000 366.666667
1265.333333 363.000000
1269.000000 359.333333
1273.000000 355.666667
1277.000000 352.333333
1282.666667 348.000000
1288.333333 344.000000
1294.000000 340.333333
1298.333333 338.000000
1303.000000 336.000000
1308.000000 334.000000
1313.000000 332.000000
1318.333333 330.333333
1323.666667 328.666667
1329.000000 327.333333
1333.666667 326.000000
1338.333333 325.000000
1345.000000 324.000000
1356.000000 323.666667
1368.666667 324.000000
1379.000000 325.000000
1385.333333 326.000000
1390.000000 327.000000
1395.000000 328.000000
1400.000000 329.333333
1405.333333 330.666667
1411.000000 332.666667
1417.000000 334.666667
1422.666667 337.000000
1428.333333 339.000000
1434.000000 341.000000
1440.333333 343.333333
1447.000000 346.000000
1454.000000 349.333333
1461.000000 352.666667
1467.666667 356.333333
1473.666667 359.666667
1479.000000 363.666667
1483.666667 367.666667
1488.333333 372.000000
1492.666667 376.000000
1497.000000 380.666667
1502.000000 387.666667
1506.666667 395.666667
1510.666667 403.666667
1513.000000 410.333333
1514.666667 416.666667
1516.333333 422.666667
1517.666667 428.333333
1519.000000 434.000000
1520.000000 439.666667
1521.333333 445.333333
1522.666667 451.333333
1523.666667 457.333333
1524.333333 463.000000
1525.000000 468.333333
1525.666667 473.333333
1526.000000 478.333333
1526.000000 483.000000
1526.000000 488.000000
1525.666667 493.000000
1525.333333 498.000000
1524.666667 503.000000
1524.333333 508.000000
1523.666667 512.666667
1523.000000 517.333333
1521.666667 521.666667
1519.666667 526.000000
1517.000000 530.666667
1513.333333 536.666667
1509.333333 543.666667
1504.333333 551.333333
1499.000000 559.000000
1492.666667 566.666667
1485.000000 574.333333
1476.333333 581.666667
1467.333333 589.000000
1458.666667 596.000000
1449.666667 603.000000
1440.000000 609.333333
1430.000000 615.000000
1420.000000 620.000000
1409.666667 624.666667
1398.666667 629.000000
1386.666667 633.000000
1374.333333 637.000000
1361.333333 641.000000
1347.666667 645.000000
1333.333333 649.000000
1318.666667 653.000000
1304.000000 657.000000
1289.000000 661.000000
1273.666667 665.000000
1257.666667 668.666667
1241.000000 672.000000
1223.666667 675.000000
1206.000000 677.666667
1188.000000 680.000000
1169.333333 681.666667
1150.333333 683.000000
1130.666667 684.000000
1105.666667 685.000000
1081.000000 685.333333
1035.666667 685.000000
988.000000 684.000000
941.333333 683.666667
918.000000 684.000000
908.333333 685.000000
903.000000 686.000000
901.333333 687.000000
