833.333333 351.666667
834.333333 345.000000
836.333333 337.666667
838.666667 330.000000
841.666667 322.000000
845.000000 313.666667
849.000000 305.000000
853.333333 295.333333
858.333333 285.000000
864.333333 274.000000
871.000000 263.000000
878.666667 251.666667
887.000000 240.000000
896.000000 228.666667
905.000000 218.000000
915.000000 207.666667
925.333333 197.666667
936.000000 187.666667
946.666667 178.666667
958.000000 170.000000
970.333333 162.333333
982.666667 155.666667
996.000000 150.000000
1009.666667 145.666667
1024.000000 142.333333
1038.666667 140.333333
1053.333333 139.666667
1067.666667 140.000000
1080.666667 141.666667
1093.000000 144.666667
1104.666667 149.333333
1115.666667 155.333333
1125.666667 162.333333
1134.666667 170.333333
1143.000000 179.666667
1150.666667 190.000000
1157.666667 201.333333
1164.000000 213.333333
1170.000000 226.333333
1175.333333 240.666667
1179.666667 256.000000
1183.000000 272.666667
1185.333333 289.666667
1187.000000 307.333333
1187.666667 325.333333
1187.666667 343.666667
1187.000000 362.000000
1185.333333 380.333333
1183.000000 398.666667
1180.000000 417.333333
1176.666667 435.333333
1172.666667 452.666667
1168.000000 469.666667
1163.000000 486.333333
1157.666667 503.333333
1152.000000 520.000000
1145.333333 536.666667
1138.000000 553.000000
1129.666667 569.000000
1121.333333 584.666667
1112.333333 600.000000
1102.333333 615.000000
1091.333333 629.666667
1079.666667 643.666667
1067.000000 657.333333
1053.000000 670.333333
1038.000000 683.333333
1022.666667 695.000000
1007.333333 706.000000
992.333333 716.000000
977.666667 726.000000
963.000000 735.666667
948.666667 745.000000
935.666667 753.333333
924.666667 761.000000
915.333333 767.666667
907.666667 773.333333
901.666667 778.000000
897.666667 781.666667
895.000000 784.333333
893.333333 786.000000
892.333333 787.000000
891.333333 787.000000
889.333333 785.666667
884.666667 780.000000
