661.333333 296.000000
657.000000 288.666667
652.000000 281.000000
646.666667 273.333333
641.333333 265.666667
635.666667 258.000000
630.333333 250.000000
624.333333 242.000000
618.000000 234.000000
611.000000 225.666667
603.666667 217.333333
596.000000 209.000000
587.666667 200.666667
579.000000 192.333333
570.000000 184.333333
561.333333 177.000000
553.000000 170.333333
545.333333 164.000000
538.333333 158.666667
532.000000 153.666667
525.666667 149.666667
519.333333 146.000000
513.000000 143.666667
507.000000 141.666667
499.000000 141.000000
491.333333 141.000000
483.333333 142.666667
477.333333 145.000000
471.000000 148.333333
465.000000 152.000000
459.333333 156.333333
454.000000 161.000000
448.666667 166.000000
443.333333 171.666667
438.000000 177.666667
432.666667 184.666667
427.000000 191.666667
421.000000 199.333333
415.333333 207.000000
410.000000 214.666667
405.000000 222.000000
400.333333 228.666667
395.666667 235.666667
391.666667 242.666667
387.666667 250.333333
384.333333 258.000000
381.000000 266.333333
378.000000 275.666667
375.000000 285.666667
372.333333 296.333333
370.000000 307.000000
368.000000 318.000000
366.333333 329.000000
365.333333 340.000000
365.000000 350.666667
365.333333 361.000000
366.333333 370.666667
368.000000 380.000000
370.333333 388.333333
372.666667 396.333333
375.333333 404.000000
378.000000 411.666667
381.333333 418.666667
384.666667 425.000000
388.333333 431.000000
391.666667 437.000000
395.666667 443.000000
399.666667 449.333333
404.666667 456.000000
409.666667 463.000000
415.333333 470.333333
421.000000 478.333333
427.000000 487.333333
433.333333 496.666667
440.333333 506.000000
447.666667 515.000000
455.000000 524.000000
462.000000 533.333333
469.000000 542.333333
476.333333 551.333333
483.666667 559.666667
491.333333 568.333333
499.000000 577.000000
507.000000 586.333333
515.000000 596.000000
523.000000 606.000000
531.000000 616.000000
539.000000 626.333333
547.000000 636.666667
554.666667 647.000000
562.000000 657.000000
569.000000 667.000000
576.000000 677.000000
583.000000 686.666667
590.000000 696.333333
597.000000 705.333333
604.000000 714.000000
610.666667 722.000000
616.666667 730.000000
622.333333 737.666667
627.666667 745.333333
633.000000 752.000000
637.666667 758.333333
642.333333 763.666667
647.000000 768.333333
651.333333 772.000000
654.666667 774.666667
657.000000 776.666667
658.666667 778.000000
660.333333 779.000000
661.666667 780.000000
663.333333 780.333333
664.666667 779.666667
666.333333 777.666667
667.666667 774.666667
