688.000000 205.333333
686.000000 203.666667
683.666667 202.333333
681.000000 200.666667
677.666667 198.666667
673.666667 196.000000
668.333333 193.000000
661.666667 190.000000
654.000000 187.333333
645.666667 184.666667
636.666667 182.333333
627.000000 180.333333
617.333333 178.666667
598.666667 178.000000
580.333333 178.000000
562.000000 179.333333
553.666667 181.000000
546.000000 183.333333
539.000000 186.000000
532.333333 189.000000
526.000000 192.333333
519.666667 196.333333
513.666667 201.000000
507.666667 206.333333
502.000000 212.333333
496.333333 218.666667
491.000000 225.333333
486.333333 231.666667
481.666667 238.666667
477.333333 245.666667
472.666667 253.000000
468.333333 260.000000
464.000000 267.333333
459.666667 275.666667
455.333333 285.000000
451.000000 295.333333
447.000000 306.000000
443.333333 317.333333
440.000000 329.000000
437.000000 341.000000
434.000000 353.000000
431.000000 364.666667
428.666667 375.666667
426.666667 386.000000
425.333333 395.666667
424.000000 405.000000
423.000000 414.000000
422.333333 422.666667
422.000000 431.000000
422.333333 439.000000
423.000000 446.666667
424.000000 454.333333
425.000000 462.000000
426.000000 470.000000
427.333333 478.000000
429.000000 486.000000
431.333333 494.000000
434.000000 502.000000
437.333333 510.000000
441.000000 518.000000
445.000000 525.666667
449.666667 533.333333
454.666667 540.666667
460.000000 548.000000
465.333333 555.333333
470.666667 562.666667
476.666667 570.333333
482.666667 577.666667
489.666667 585.333333
496.666667 593.000000
504.000000 601.000000
511.000000 608.666667
518.000000 616.333333
525.666667 623.666667
533.666667 631.000000
542.333333 638.333333
550.666667 645.666667
559.333333 653.333333
567.666667 660.666667
576.333333 668.000000
585.000000 674.666667
594.000000 681.333333
602.333333 687.666667
610.333333 694.000000
618.333333 700.333333
626.666667 706.666667
635.333333 713.000000
643.333333 718.666667
651.333333 724.333333
659.000000 730.000000
666.666667 736.000000
674.333333 741.666667
681.666667 747.000000
689.000000 752.000000
695.666667 756.666667
701.666667 760.666667
707.000000 764.000000
711.666667 766.666667
715.333333 768.666667
717.666667 770.000000
719.666667 771.000000
721.666667 771.333333
