904.666667 350.666667
906.333333 345.666667
908.333333 339.666667
911.333333 332.666667
915.333333 325.000000
920.666667 317.333333
927.000000 309.333333
934.333333 301.000000
942.000000 292.000000
950.000000 282.666667
958.333333 273.333333
967.000000 264.000000
976.000000 255.000000
985.000000 245.666667
994.000000 236.333333
1003.000000 227.000000
1012.666667 218.333333
1022.666667 210.333333
1032.666667 203.000000
1042.666667 196.000000
1053.000000 189.000000
1064.333333 182.333333
1075.666667 176.000000
1087.000000 170.666667
1098.333333 166.000000
1110.000000 162.333333
1121.666667 159.666667
1132.333333 157.666667
1146.666667 157.000000
1160.666667 157.000000
1174.666667 158.333333
1184.000000 160.333333
1193.000000 163.333333
1202.000000 167.333333
1210.666667 172.000000
1219.000000 177.000000
1226.666667 182.000000
1233.666667 187.333333
1240.000000 193.666667
1246.000000 200.666667
1251.333333 208.666667
1256.333333 216.666667
1260.666667 225.000000
1264.666667 233.000000
1268.000000 241.333333
1270.666667 250.333333
1273.000000 260.000000
1274.333333 270.000000
1275.000000 280.000000
1274.666667 290.666667
1273.666667 301.666667
1271.666667 313.000000
1268.666667 324.666667
1265.000000 337.000000
1261.000000 349.333333
1257.000000 361.333333
1252.333333 372.666667
1247.000000 384.333333
1240.666667 396.000000
1234.000000 407.666667
1227.000000 419.000000
1220.000000 430.333333
1213.000000 441.666667
1206.000000 452.666667
1198.666667 463.000000
1191.000000 473.333333
1183.000000 484.000000
1175.333333 494.666667
1168.000000 504.666667
1161.333333 514.000000
1155.000000 522.666667
1149.333333 530.666667
1143.666667 538.333333
1138.000000 545.333333
1132.000000 552.333333
1126.333333 559.000000
1121.000000 565.333333
1116.000000 571.333333
1111.000000 576.666667
1105.666667 582.666667
1099.333333 589.333333
1092.333333 597.000000
1084.333333 605.333333
1076.666667 613.333333
1068.666667 622.000000
1061.000000 631.000000
1052.666667 640.666667
1044.000000 650.000000
1035.000000 658.666667
1026.333333 667.000000
1017.666667 675.000000
1008.666667 683.000000
999.333333 691.000000
990.000000 699.000000
981.333333 706.666667
973.000000 713.666667
965.000000 720.000000
957.000000 725.666667
950.000000 730.333333
944.000000 734.000000
939.333333 736.666667
935.666667 738.666667
933.333333 740.000000
931.333333 741.000000
929.666667 741.333333
