836.000000 410.000000
871.333333 407.000000
871.666667 404.333333
872.333333 401.333333
873.000000 398.333333
874.000000 394.666667
875.000000 391.000000
876.333333 387.000000
877.666667 383.000000
879.333333 378.666667
881.000000 374.000000
882.666667 369.000000
884.333333 364.333333
886.000000 359.666667
888.000000 355.333333
890.000000 351.000000
891.666667 347.000000
893.666667 342.666667
895.333333 338.333333
897.333333 333.666667
899.333333 329.333333
901.666667 324.666667
904.000000 320.333333
906.000000 315.666667
908.333333 311.333333
910.666667 307.000000
913.333333 303.000000
916.333333 299.000000
919.666667 295.000000
923.666667 291.000000
927.666667 286.666667
932.333333 282.666667
936.666667 278.666667
941.000000 275.000000
945.000000 271.000000
948.666667 267.333333
952.000000 264.000000
955.000000 261.000000
958.333333 258.000000
962.000000 255.000000
966.333333 252.000000
971.000000 248.666667
976.000000 245.333333
981.000000 242.000000
986.000000 239.333333
990.666667 236.666667
995.000000 234.000000
999.000000 231.000000
1003.000000 228.000000
1007.000000 225.000000
1011.333333 222.000000
1015.666667 219.000000
1020.333333 216.333333
1025.333333 213.666667
1030.666667 211.333333
1036.000000 209.000000
1040.666667 207.000000
1045.000000 205.000000
1049.333333 203.333333
1054.000000 202.000000
1059.000000 201.000000
1064.333333 200.000000
1070.000000 199.000000
1077.666667 198.000000
1088.000000 197.000000
1106.000000 196.666667
1122.000000 197.000000
1136.666667 198.000000
1143.333333 199.000000
1150.000000 200.000000
1155.000000 201.333333
1160.333333 202.666667
1165.666667 204.666667
1171.333333 206.666667
1176.666667 209.333333
1182.000000 212.000000
1186.666667 215.333333
1191.000000 218.666667
1195.000000 222.333333
1198.666667 226.000000
1202.333333 229.666667
1205.666667 233.333333
1209.333333 237.000000
1213.000000 240.666667
1217.000000 244.666667
1221.000000 249.000000
1225.000000 254.000000
1228.666667 259.333333
1232.333333 265.000000
1235.666667 271.333333
1238.666667 277.333333
1241.000000 283.333333
1243.000000 289.000000
1245.000000 295.000000
1247.000000 301.333333
1248.666667 307.666667
1250.333333 314.333333
1251.666667 320.666667
1253.000000 327.000000
1254.333333 333.000000
1255.666667 338.666667
1257.000000 344.333333
1258.000000 349.666667
1259.000000 355.000000
1260.000000 360.333333
1260.666667 365.333333
1261.000000 370.666667
1260.666667 375.666667
1260.000000 380.666667
1259.000000 385.666667
1258.000000 390.666667
1257.000000 396.333333
1256.000000 401.666667
1255.000000 407.333333
1253.666667 413.000000
1252.333333 419.000000
1250.333333 426.333333
1248.333333 433.666667
1246.000000 440.666667
1244.333333 446.333333
1242.666667 451.666667
1240.666667 457.333333
1238.000000 463.000000
1234.666667 468.666667
1231.000000 474.333333
1227.000000 479.666667
1222.666667 485.333333
1218.000000 491.000000
1213.333333 497.000000
1209.000000 503.000000
1204.666667 509.000000
1200.333333 514.666667
1195.666667 520.000000
1191.000000 525.333333
1185.333333 531.000000
1179.333333 537.000000
1173.000000 543.000000
1167.000000 549.333333
1161.000000 556.000000
1154.666667 563.000000
1148.000000 569.666667
1140.666667 576.333333
1133.333333 583.000000
1126.000000 590.000000
1119.333333 596.666667
1112.666667 603.333333
1106.333333 609.666667
1099.333333 616.333333
1092.666667 622.666667
1085.666667 629.333333
1079.000000 635.666667
1072.333333 642.666667
1066.000000 650.000000
1060.000000 657.666667
1054.000000 665.333333
1048.000000 673.000000
1041.666667 681.000000
1035.000000 689.333333
1028.333333 697.666667
1022.333333 706.000000
1016.666667 714.333333
1011.000000 722.666667
1005.000000 731.000000
998.666667 739.333333
992.333333 747.666667
985.666667 756.000000
979.000000 764.333333
972.333333 772.666667
965.666667 781.333333
959.333333 790.000000
953.000000 798.666667
947.000000 806.666667
941.333333 814.000000
936.000000 821.000000
931.000000 827.666667
926.333333 833.666667
922.333333 839.333333
919.000000 844.333333
916.333333 848.666667
914.333333 851.666667
913.000000 854.000000
912.333333 855.666667
911.666667 857.000000
911.333333 858.000000
