91.333333 526.000000
100.333333 524.666667
110.000000 523.333333
120.000000 522.000000
130.333333 520.666667
141.333333 519.333333
152.666667 518.000000
167.666667 517.000000
182.333333 516.000000
204.666667 515.000000
224.333333 514.000000
244.333333 513.000000
261.666667 512.000000
279.000000 511.000000
296.666667 509.666667
310.333333 508.333333
324.333333 507.000000
339.000000 505.666667
353.666667 504.333333
368.333333 502.666667
383.000000 501.333333
398.000000 500.000000
413.000000 499.000000
428.333333 498.000000
443.333333 497.000000
458.666667 496.000000
474.000000 495.000000
489.333333 494.000000
509.666667 493.000000
544.000000 492.666667
578.333333 493.000000
607.333333 494.000000
621.666667 495.000000
636.000000 496.000000
650.000000 497.000000
664.000000 498.000000
678.000000 499.333333
691.666667 500.666667
705.333333 502.333333
719.333333 503.666667
733.333333 505.333333
747.333333 506.666667
761.333333 508.333333
776.000000 509.666667
791.000000 511.000000
806.333333 512.333333
821.333333 513.666667
836.333333 515.333333
851.000000 516.666667
866.000000 518.333333
880.666667 519.666667
895.666667 521.000000
910.666667 522.333333
925.666667 523.666667
940.333333 525.333333
955.000000 526.666667
969.666667 528.000000
984.000000 529.000000
998.666667 530.333333
1018.000000 531.666667
1038.000000 533.333333
1057.666667 534.666667
1077.333333 536.000000
1096.666667 537.000000
1124.666667 538.000000
1152.000000 539.000000
1183.333333 540.000000
1209.000000 541.000000
1230.333333 542.000000
1246.666667 543.000000
1262.333333 544.000000
1277.000000 545.000000
1291.333333 546.000000
1301.666667 547.000000
1312.000000 548.333333
1321.666667 550.000000
1330.666667 552.000000
1339.333333 553.666667
1347.666667 555.333333
1356.000000 557.000000
1363.666667 559.333333
1370.666667 561.666667
1377.333333 564.000000
1383.666667 565.666667
1390.666667 567.666667
1397.666667 569.666667
1405.333333 571.666667
1412.666667 573.333333
1420.000000 574.666667
1427.000000 576.000000
1434.666667 577.000000
1442.666667 578.000000
1456.000000 579.000000
1472.333333 579.333333
1490.000000 579.000000
1504.000000 578.000000
1515.000000 577.000000
1524.666667 576.000000
1531.666667 575.000000
1537.000000 574.000000
1541.000000 573.000000
1545.000000 572.000000
1549.333333 570.666667
1553.666667 569.333333
1558.000000 567.666667
