645.000000 484.000000
659.333333 482.000000
674.000000 480.000000
688.666667 478.000000
703.000000 476.333333
717.000000 475.000000
731.000000 474.000000
745.000000 473.000000
763.666667 472.000000
792.000000 471.000000
829.666667 470.666667
890.666667 470.333333
949.333333 470.000000
1029.333333 469.666667
1086.666667 470.000000
1137.000000 471.000000
1156.666667 472.000000
1175.000000 473.000000
1196.666667 474.000000
1217.000000 475.000000
1235.666667 476.000000
1249.333333 477.000000
1262.666667 478.000000
1271.333333 479.000000
1279.333333 480.000000
1288.666667 481.000000
1297.666667 482.000000
1307.333333 483.000000
1314.666667 484.000000
