725.000000 310.333333
721.333333 303.333333
716.666667 295.333333
710.666667 287.333333
704.000000 278.666667
696.666667 270.000000
688.666667 260.666667
679.666667 251.000000
669.666667 241.000000
659.333333 231.000000
648.333333 220.666667
637.000000 210.333333
624.666667 199.666667
612.000000 189.000000
598.666667 178.000000
584.666667 167.333333
570.333333 157.000000
555.000000 147.000000
539.333333 137.333333
523.000000 128.000000
506.666667 119.333333
490.000000 111.666667
473.666667 105.333333
458.000000 100.666667
443.000000 97.333333
428.333333 95.333333
410.000000 95.333333
392.333333 97.666667
375.666667 102.666667
364.000000 109.333333
353.666667 117.666667
344.000000 127.333333
335.000000 138.333333
327.000000 150.333333
320.000000 163.333333
315.000000 177.333333
311.333333 192.000000
309.333333 207.000000
309.000000 222.333333
310.000000 238.000000
313.000000 254.333333
317.333333 271.000000
323.333333 288.333333
330.333333 306.333333
339.000000 325.333333
349.333333 344.666667
361.333333 363.666667
374.666667 382.000000
389.333333 400.333333
405.666667 419.000000
423.000000 437.666667
442.000000 456.000000
462.000000 474.333333
483.333333 493.000000
505.000000 512.333333
527.333333 531.666667
549.666667 551.333333
572.000000 571.333333
594.000000 591.666667
615.666667 612.000000
636.333333 631.333333
655.666667 650.000000
673.333333 667.333333
689.333333 683.333333
707.000000 701.333333
721.666667 716.333333
733.333333 728.666667
