692.666667 390.000000
693.333333 387.000000
693.666667 383.666667
694.333333 380.333333
694.666667 376.666667
695.333333 373.333333
695.666667 369.666667
696.666667 366.000000
698.000000 362.000000
699.666667 358.000000
701.333333 354.000000
702.666667 350.000000
704.333333 346.000000
705.666667 342.000000
707.333333 337.333333
708.666667 332.333333
710.333333 327.000000
712.000000 321.666667
713.666667 316.000000
715.333333 310.333333
716.666667 305.000000
718.333333 299.666667
720.333333 294.000000
722.666667 288.000000
725.333333 282.000000
728.000000 276.000000
731.333333 270.333333
735.000000 264.333333
739.333333 258.666667
743.666667 253.000000
748.333333 247.666667
753.333333 242.000000
758.666667 236.000000
764.333333 229.666667
770.000000 223.333333
776.333333 217.000000
783.000000 210.666667
790.000000 204.666667
796.666667 199.000000
803.000000 193.666667
809.000000 188.333333
815.333333 183.333333
821.666667 178.666667
828.333333 174.333333
835.000000 170.000000
841.666667 166.333333
848.000000 163.000000
853.666667 160.333333
859.333333 158.000000
865.333333 156.000000
871.666667 154.333333
878.666667 153.000000
891.666667 152.666667
904.666667 153.000000
917.333333 154.000000
923.666667 155.000000
930.000000 156.333333
936.000000 158.333333
941.666667 161.000000
947.000000 164.000000
952.000000 167.333333
957.000000 171.000000
962.333333 175.000000
967.666667 179.333333
973.000000 183.666667
978.333333 188.333333
983.666667 192.666667
988.666667 197.000000
993.000000 201.333333
997.000000 206.333333
1000.666667 212.000000
1003.666667 218.000000
1006.333333 223.666667
1008.333333 229.666667
1011.000000 237.666667
1013.000000 246.333333
1015.000000 255.333333
1016.000000 262.666667
1017.000000 270.000000
1018.000000 277.333333
1018.666667 284.666667
1019.333333 292.333333
1019.666667 300.000000
1020.000000 308.000000
1020.000000 315.666667
1019.666667 323.000000
1019.333333 330.333333
1018.333333 338.000000
1017.333333 346.333333
1015.666667 355.333333
1014.000000 364.666667
1012.000000 374.000000
1009.333333 383.333333
1006.333333 393.000000
1002.666667 403.000000
999.000000 413.000000
994.666667 423.000000
990.000000 433.333333
985.000000 443.666667
980.000000 454.000000
975.000000 464.000000
970.000000 474.000000
965.000000 484.333333
959.666667 495.000000
954.000000 505.666667
947.666667 516.333333
941.000000 527.000000
934.000000 538.333333
927.000000 549.666667
920.333333 561.000000
913.666667 572.333333
907.000000 583.666667
899.666667 595.000000
892.666667 605.666667
885.666667 616.000000
879.000000 626.333333
872.333333 637.000000
865.666667 647.666667
859.000000 658.333333
851.666667 669.000000
844.000000 680.000000
836.000000 691.000000
828.000000 702.000000
819.666667 712.666667
810.666667 723.333333
801.000000 733.666667
791.333333 744.000000
782.000000 753.333333
773.000000 762.000000
764.000000 769.333333
755.333333 776.000000
747.666667 781.333333
741.666667 785.666667
737.333333 788.666667
734.333333 790.666667
732.000000 792.000000
730.666667 793.000000
729.666667 793.333333
729.333333 793.000000
729.000000 792.000000
729.000000 791.000000
