873.666667 351.000000
874.333333 347.666667
875.000000 344.333333
876.000000 340.666667
877.000000 337.000000
878.333333 333.000000
880.000000 328.666667
882.000000 324.333333
884.333333 319.666667
887.000000 315.000000
890.000000 310.000000
893.000000 305.333333
896.000000 300.333333
899.000000 295.333333
902.333333 289.333333
905.666667 283.000000
909.333333 276.333333
912.666667 270.000000
916.333333 264.333333
920.333333 258.666667
924.666667 253.333333
929.666667 247.666667
934.666667 242.333333
940.333333 236.333333
945.333333 230.666667
950.333333 224.666667
955.000000 219.333333
960.000000 214.000000
965.333333 209.000000
971.333333 204.000000
977.666667 199.333333
984.000000 194.666667
990.000000 190.666667
995.666667 186.666667
1001.333333 183.000000
1006.666667 179.000000
1012.333333 175.000000
1018.333333 171.333333
1024.666667 168.000000
1031.333333 165.000000
1037.333333 162.000000
1043.333333 159.333333
1049.666667 156.666667
1056.666667 154.666667
1064.000000 152.666667
1071.333333 151.333333
1090.333333 150.666667
1109.666667 151.000000
1128.666667 152.333333
1136.000000 153.666667
1143.000000 155.666667
1150.333333 157.666667
1157.666667 160.333333
1165.000000 163.333333
1172.000000 167.000000
1179.000000 171.000000
1185.666667 175.333333
1191.666667 180.000000
1197.666667 185.000000
1203.666667 190.333333
1209.666667 195.666667
1215.333333 201.666667
1220.666667 208.000000
1226.000000 214.666667
1230.666667 221.333333
1235.000000 227.666667
1238.666667 234.000000
1241.666667 240.000000
1244.333333 246.333333
1246.666667 253.000000
1248.666667 260.000000
1250.000000 267.000000
1251.000000 274.000000
1251.666667 280.666667
1252.333333 287.333333
1253.000000 293.666667
1253.666667 300.666667
1254.000000 307.666667
1254.000000 315.000000
1254.000000 322.000000
1254.000000 329.000000
1253.666667 336.000000
1253.333333 343.000000
1252.666667 350.000000
1252.000000 357.333333
1251.000000 364.333333
1249.666667 371.000000
1248.333333 377.000000
1246.666667 383.333333
1245.000000 389.666667
1242.666667 396.000000
1240.000000 402.000000
1236.666667 408.333333
1233.000000 415.000000
1228.666667 421.666667
1224.000000 428.000000
1218.666667 434.333333
1213.333333 441.000000
1207.666667 448.000000
1202.000000 455.000000
1195.666667 462.000000
1188.666667 469.000000
1181.000000 476.000000
1173.333333 482.666667
1166.000000 489.000000
1158.666667 495.000000
1151.000000 501.000000
1143.000000 506.666667
1135.000000 512.333333
1127.333333 517.666667
1120.000000 523.000000
1113.000000 528.000000
1106.000000 533.000000
1099.000000 538.333333
1092.000000 544.000000
1085.000000 550.000000
1078.333333 556.333333
1072.000000 562.666667
1066.333333 569.000000
1061.000000 575.333333
1055.666667 581.666667
1050.333333 588.000000
1045.000000 594.333333
1039.666667 600.666667
1034.333333 607.000000
1028.666667 613.333333
1023.333333 619.666667
1016.666667 628.000000
1010.333333 636.333333
1004.000000 644.666667
999.000000 651.333333
994.000000 657.666667
989.000000 664.000000
984.000000 670.000000
979.333333 676.000000
975.333333 681.666667
972.000000 687.333333
969.000000 693.000000
966.000000 699.333333
963.333333 705.333333
961.000000 711.000000
959.333333 716.333333
957.666667 722.333333
955.666667 728.666667
953.000000 735.666667
950.000000 743.000000
947.000000 750.666667
943.666667 758.333333
940.000000 766.000000
936.000000 773.666667
932.000000 781.333333
928.000000 789.000000
924.000000 797.000000
920.333333 804.333333
917.333333 810.333333
915.000000 815.000000
913.333333 819.000000
912.000000 822.333333
911.000000 825.000000
910.333333 826.666667
910.000000 828.000000
910.000000 828.000000
910.000000 826.666667
