750.333333 428.333333
745.666667 420.333333
740.000000 411.000000
733.666667 400.333333
726.666667 389.000000
718.333333 376.333333
709.333333 363.000000
699.666667 348.666667
690.000000 334.000000
679.333333 319.000000
668.000000 303.666667
656.000000 288.000000
644.000000 272.333333
631.666667 257.000000
619.000000 242.000000
606.000000 227.666667
592.666667 214.000000
579.333333 201.000000
566.000000 188.666667
553.000000 177.333333
540.000000 167.666667
527.000000 159.333333
514.333333 152.666667
501.333333 147.333333
488.333333 143.333333
467.666667 142.000000
448.000000 143.000000
429.666667 146.666667
420.333333 151.333333
412.000000 157.333333
404.666667 164.666667
398.000000 173.666667
392.666667 184.666667
388.666667 197.000000
386.333333 210.333333
385.333333 224.000000
385.333333 238.333333
386.666667 253.000000
389.000000 268.333333
392.000000 284.333333
395.666667 301.666667
400.333333 320.333333
406.000000 340.000000
412.333333 359.333333
419.000000 378.666667
426.666667 398.333333
435.666667 418.666667
445.666667 439.000000
457.000000 459.333333
469.333333 479.666667
483.000000 500.000000
497.333333 520.000000
512.333333 539.666667
528.000000 559.000000
544.666667 577.666667
562.000000 596.000000
579.666667 614.000000
597.333333 631.666667
614.666667 648.666667
631.666667 665.333333
647.666667 681.333333
663.000000 697.000000
677.666667 712.000000
691.333333 726.333333
703.333333 739.333333
713.333333 750.333333
722.333333 760.333333
730.333333 769.000000
737.333333 776.333333
743.000000 781.666667
