729.333333 276.000000
741.333333 258.333333
755.000000 241.000000
770.333333 224.000000
787.666667 207.000000
806.666667 190.000000
827.666667 173.666667
850.333333 158.333333
874.333333 144.333333
899.666667 131.666667
926.000000 120.333333
953.333333 111.333333
981.000000 104.333333
1009.000000 99.666667
1036.333333 96.666667
1071.666667 96.333333
1106.000000 99.000000
1138.666667 104.000000
1160.666667 111.000000
1180.666667 119.000000
1199.000000 129.000000
1215.333333 140.333333
1229.000000 153.000000
1240.666667 167.000000
1250.000000 182.333333
1257.000000 198.666667
1261.000000 215.666667
1262.333333 233.000000
1260.333333 250.666667
1254.666667 268.666667
1244.666667 286.000000
1230.333333 302.666667
1211.666667 317.666667
1189.333333 331.666667
1164.000000 344.666667
1137.000000 356.666667
1109.000000 367.333333
1081.333333 376.333333
1054.666667 383.333333
