909.333333 389.000000
912.333333 380.333333
917.000000 370.666667
923.333333 359.666667
931.333333 347.000000
939.666667 333.333333
948.666667 319.666667
958.333333 305.333333
969.000000 290.666667
979.666667 276.000000
990.333333 262.000000
1001.000000 248.333333
1012.333333 235.000000
1023.666667 222.666667
1035.666667 211.000000
1048.666667 199.666667
1062.666667 188.333333
1077.333333 177.666667
1092.666667 168.666667
1108.333333 161.666667
1124.333333 156.666667
1140.333333 153.333333
1156.333333 152.000000
1172.000000 152.666667
1188.000000 156.000000
1204.000000 161.666667
1219.333333 169.000000
1233.666667 178.000000
1247.333333 188.333333
1260.333333 201.000000
1271.666667 215.000000
1281.000000 230.666667
1288.666667 247.000000
1294.000000 264.333333
1298.000000 282.000000
1300.000000 299.666667
1300.666667 317.666667
1299.666667 335.666667
1297.333333 353.666667
1293.666667 371.333333
1288.333333 389.000000
1281.666667 407.000000
1274.333333 425.000000
1266.333333 442.666667
1257.333333 460.333333
1246.666667 477.666667
1234.666667 495.666667
1221.666667 514.333333
1207.333333 534.333333
1191.666667 555.333333
1174.666667 577.333333
1157.000000 600.666667
1138.000000 625.000000
1118.333333 650.000000
1097.666667 674.666667
1077.000000 699.333333
1056.000000 723.000000
1035.333333 746.333333
1015.333333 768.333333
996.333333 789.000000
978.000000 807.666667
960.666667 824.333333
945.333333 839.000000
932.333333 851.000000
921.666667 860.666667
912.666667 868.000000
905.333333 873.666667
899.666667 877.333333
895.666667 879.666667
892.000000 879.000000
889.666667 876.000000
888.000000 870.000000
887.666667 863.000000
887.333333 855.666667
887.000000 848.666667
