538.000000 307.666667
536.000000 302.666667
534.333333 297.000000
533.000000 290.666667
532.000000 283.666667
531.333333 276.000000
531.000000 268.000000
531.333333 259.666667
532.000000 251.000000
533.333333 241.666667
534.666667 232.000000
536.666667 222.333333
538.666667 212.666667
541.333333 203.000000
544.000000 193.333333
547.000000 183.666667
550.333333 174.666667
553.666667 166.000000
557.000000 158.000000
560.000000 150.333333
563.000000 142.666667
566.333333 135.000000
569.666667 127.333333
573.333333 120.333333
577.000000 114.333333
581.000000 108.666667
585.333333 103.333333
590.333333 98.333333
596.000000 94.000000
602.000000 90.000000
607.666667 86.000000
613.333333 82.000000
619.333333 78.333333
626.000000 75.000000
633.000000 72.333333
640.333333 69.666667
647.333333 67.333333
654.333333 65.000000
661.333333 63.000000
669.333333 61.333333
686.666667 60.666667
704.666667 61.333333
722.666667 63.666667
732.000000 66.666667
740.666667 70.000000
749.000000 73.333333
757.000000 77.000000
765.000000 81.000000
773.000000 85.000000
781.000000 89.333333
788.666667 93.666667
796.000000 98.666667
802.666667 104.000000
809.333333 110.666667
816.333333 118.000000
823.666667 126.000000
831.000000 134.333333
838.000000 143.333333
844.666667 153.333333
850.666667 163.666667
856.333333 174.000000
861.666667 184.333333
867.000000 195.333333
872.000000 206.666667
877.000000 218.333333
882.000000 230.000000
887.000000 242.333333
891.666667 255.000000
895.666667 267.666667
899.000000 281.000000
902.000000 294.666667
904.666667 309.000000
907.000000 323.666667
909.000000 338.666667
911.000000 354.000000
912.666667 369.000000
914.333333 384.000000
915.666667 398.666667
916.666667 413.000000
917.333333 427.333333
918.000000 441.666667
918.666667 455.666667
919.000000 469.333333
919.000000 483.666667
919.000000 498.333333
918.666667 514.000000
918.333333 530.000000
917.666667 547.000000
917.333333 564.666667
916.666667 582.666667
916.333333 601.333333
915.666667 620.000000
915.000000 638.666667
914.000000 656.666667
913.000000 674.000000
912.000000 690.000000
911.333333 705.000000
910.666667 718.333333
910.000000 731.000000
909.000000 742.333333
908.333333 752.666667
907.666667 761.333333
907.333333 768.666667
907.000000 775.000000
906.666667 780.666667
906.333333 786.000000
906.000000 790.333333
906.000000 793.666667
906.333333 795.666667
906.666667 797.000000
907.000000 798.000000
906.666667 799.000000
905.666667 800.333333
904.666667 801.666667
903.666667 803.000000
903.000000 804.000000
899.666667 804.333333
