544.000000 383.333333
544.666667 379.333333
546.000000 375.000000
547.666667 370.000000
549.333333 365.000000
550.666667 360.000000
552.000000 355.000000
553.000000 350.000000
554.000000 344.666667
555.000000 339.333333
555.666667 333.333333
556.000000 327.333333
556.000000 320.666667
556.000000 314.333333
555.666667 307.666667
555.000000 301.000000
554.000000 293.666667
553.000000 286.333333
551.666667 279.000000
550.333333 272.333333
548.666667 266.000000
547.000000 259.666667
545.000000 253.666667
543.000000 248.000000
541.000000 243.000000
538.666667 237.666667
536.333333 232.333333
533.666667 226.666667
531.333333 221.333333
528.666667 215.666667
525.666667 210.333333
522.333333 205.000000
518.666667 200.333333
515.000000 196.000000
511.000000 192.000000
507.000000 188.000000
502.666667 184.000000
498.333333 180.000000
493.666667 176.333333
489.333333 173.000000
484.333333 170.333333
479.000000 167.666667
473.000000 165.666667
466.333333 163.666667
457.333333 162.333333
445.333333 161.666667
433.333333 162.000000
423.333333 163.333333
415.666667 165.000000
408.000000 167.000000
400.333333 169.333333
392.666667 172.000000
385.000000 175.333333
377.000000 178.666667
369.333333 182.333333
362.000000 186.000000
355.666667 190.333333
349.666667 195.333333
344.000000 200.666667
338.333333 206.666667
333.000000 212.666667
328.000000 219.333333
323.666667 226.333333
320.000000 233.666667
317.000000 241.333333
314.333333 248.666667
312.333333 256.000000
311.000000 263.000000
310.000000 270.000000
309.333333 277.000000
309.333333 284.000000
309.666667 291.000000
310.333333 297.666667
311.000000 304.000000
312.000000 309.666667
313.000000 315.333333
314.000000 320.666667
315.333333 326.000000
316.666667 331.333333
318.333333 337.000000
320.000000 343.000000
322.333333 349.000000
324.666667 355.333333
327.000000 362.000000
329.000000 368.666667
330.666667 375.333333
332.333333 382.000000
334.000000 389.000000
336.000000 396.333333
338.333333 403.666667
340.666667 411.333333
343.666667 419.333333
347.000000 428.000000
351.333333 437.000000
356.333333 446.333333
362.000000 455.666667
367.666667 465.000000
373.666667 474.333333
379.666667 484.000000
386.333333 494.000000
393.000000 503.666667
400.333333 513.333333
407.666667 523.333333
415.000000 533.666667
422.333333 544.333333
430.000000 555.000000
438.000000 566.333333
446.333333 578.000000
454.666667 590.333333
463.000000 603.000000
471.333333 616.000000
480.000000 629.333333
489.000000 642.666667
497.666667 655.666667
506.333333 668.000000
514.333333 679.666667
522.000000 691.000000
529.000000 701.333333
536.333333 711.000000
543.666667 720.000000
550.666667 728.666667
557.000000 737.000000
562.666667 744.666667
568.000000 751.666667
572.333333 757.666667
576.333333 763.000000
579.666667 768.000000
582.666667 772.333333
585.000000 775.666667
586.666667 777.666667
588.000000 779.333333
588.666667 780.666667
