736.000000 337.666667
733.666667 330.000000
731.000000 322.000000
727.666667 314.000000
723.666667 305.333333
718.666667 296.000000
713.000000 286.000000
706.666667 276.333333
700.000000 267.000000
692.666667 257.333333
685.000000 247.000000
676.666667 236.333333
668.000000 226.000000
658.666667 216.333333
649.333333 207.000000
640.000000 198.000000
630.666667 189.000000
621.000000 180.666667
611.333333 173.333333
602.000000 167.333333
593.333333 162.333333
584.666667 158.333333
576.000000 155.333333
567.333333 153.000000
556.666667 152.000000
546.666667 152.333333
537.333333 154.000000
531.000000 156.333333
524.666667 159.333333
518.666667 163.333333
512.666667 168.333333
507.333333 174.333333
502.000000 181.666667
497.333333 190.000000
493.000000 199.333333
489.333333 208.666667
486.000000 218.333333
483.000000 227.666667
480.333333 237.333333
477.666667 246.333333
475.333333 255.000000
473.000000 263.000000
471.333333 270.333333
470.000000 277.000000
469.000000 283.000000
468.666667 289.000000
468.666667 295.666667
469.666667 302.666667
471.000000 310.666667
473.000000 318.666667
475.000000 327.333333
477.000000 336.666667
479.333333 346.333333
481.666667 356.000000
484.000000 365.000000
486.333333 373.333333
489.000000 381.333333
492.000000 388.666667
495.333333 396.333333
498.666667 403.666667
502.333333 411.666667
506.333333 420.000000
511.000000 429.666667
516.333333 440.666667
522.000000 452.666667
528.333333 465.333333
535.000000 478.333333
542.000000 491.666667
549.333333 505.333333
557.000000 519.000000
565.000000 533.000000
573.333333 546.333333
582.000000 559.000000
591.000000 571.000000
599.666667 582.666667
608.000000 593.666667
616.000000 604.000000
624.333333 613.666667
633.000000 623.000000
641.666667 631.666667
649.666667 640.000000
657.000000 647.666667
664.333333 655.333333
672.000000 663.000000
680.000000 671.333333
688.000000 680.333333
695.666667 689.666667
703.000000 699.000000
710.000000 707.666667
717.000000 716.333333
723.666667 724.666667
730.333333 732.666667
736.666667 739.666667
743.000000 745.666667
749.000000 751.000000
754.666667 755.666667
760.000000 759.666667
764.666667 763.000000
768.333333 765.333333
771.000000 767.000000
773.333333 768.000000
775.333333 768.333333
