874.333333 295.666667
879.000000 287.666667
884.666667 279.000000
890.666667 270.000000
897.666667 261.000000
905.333333 251.333333
914.333333 241.333333
924.333333 231.000000
935.000000 220.666667
946.666667 210.333333
959.000000 199.666667
971.666667 189.000000
984.000000 178.333333
996.333333 168.333333
1009.000000 159.000000
1022.000000 150.333333
1035.000000 142.000000
1048.666667 134.333333
1062.333333 127.333333
1075.666667 121.333333
1089.000000 116.333333
1102.333333 112.333333
1116.000000 109.333333
1133.333333 108.000000
1150.666667 108.333333
1167.333333 110.666667
1179.000000 114.333333
1190.333333 119.000000
1202.000000 124.333333
1213.666667 130.333333
1224.333333 136.666667
1234.000000 143.666667
1242.666667 151.666667
1251.333333 160.666667
1259.333333 170.333333
1267.000000 180.000000
1273.666667 191.000000
1279.333333 202.666667
1283.666667 215.666667
1286.333333 229.333333
1288.000000 244.333333
1288.333333 259.666667
1287.666667 275.666667
1285.666667 291.666667
1282.666667 308.000000
1279.000000 324.333333
1274.333333 340.666667
1269.333333 356.666667
1263.666667 372.333333
1257.666667 388.000000
1250.666667 404.000000
1242.666667 420.000000
1234.000000 435.666667
1225.000000 451.000000
1215.333333 466.000000
1205.000000 481.333333
1194.000000 496.000000
1183.000000 510.333333
1171.333333 524.333333
1158.666667 539.000000
1145.333333 553.666667
1131.333333 568.000000
1116.666667 582.666667
1101.333333 597.666667
1085.666667 613.333333
1070.000000 629.000000
1054.333333 644.666667
1039.333333 659.666667
1025.000000 674.000000
1011.000000 687.666667
997.666667 700.000000
985.333333 711.333333
974.333333 722.000000
964.000000 732.666667
954.000000 742.666667
944.333333 751.666667
935.333333 759.333333
927.666667 765.666667
920.000000 772.000000
914.000000 777.000000
909.333333 781.000000
907.333333 782.666667
906.000000 784.000000
