662.333333 229.666667
648.666667 231.666667
634.666667 233.666667
620.333333 236.000000
606.000000 238.333333
592.000000 241.000000
577.666667 244.000000
563.666667 247.000000
550.333333 250.000000
538.000000 253.333333
525.666667 257.333333
513.666667 262.000000
502.333333 267.000000
492.000000 272.333333
482.000000 278.333333
471.666667 285.333333
461.666667 293.000000
452.333333 301.333333
444.333333 310.000000
437.000000 319.000000
430.000000 328.333333
423.333333 338.333333
417.000000 348.666667
411.333333 358.666667
406.333333 368.000000
402.666667 377.000000
400.000000 385.666667
398.333333 394.333333
397.333333 402.666667
397.333333 411.333333
398.000000 420.000000
399.666667 429.000000
402.333333 438.333333
405.666667 447.666667
409.333333 457.000000
413.000000 466.000000
417.000000 475.333333
421.000000 485.000000
425.333333 495.333333
430.000000 505.000000
436.333333 515.000000
444.000000 525.333333
453.000000 537.000000
462.333333 548.666667
473.000000 560.666667
485.000000 573.333333
497.333333 586.666667
510.000000 599.666667
523.000000 612.333333
537.000000 624.666667
550.666667 637.333333
565.000000 649.333333
579.333333 661.333333
593.666667 672.666667
607.666667 684.666667
622.333333 696.333333
636.666667 708.000000
650.333333 718.666667
663.333333 729.333333
676.666667 739.333333
689.333333 749.000000
700.666667 757.666667
711.333333 765.666667
721.666667 772.666667
731.666667 779.000000
740.666667 785.000000
748.666667 790.666667
755.333333 795.666667
760.666667 799.666667
764.333333 802.666667
767.000000 804.666667
768.666667 806.000000
770.000000 807.000000
771.333333 807.333333
772.333333 806.666667
