635.333333 366.666667
634.666667 361.333333
633.666667 355.333333
632.333333 348.666667
631.000000 341.666667
630.000000 334.000000
628.666667 326.000000
627.333333 318.000000
626.000000 310.000000
624.666667 302.000000
623.333333 294.000000
621.666667 286.000000
619.666667 277.666667
617.333333 269.333333
614.333333 260.666667
611.000000 252.333333
607.000000 243.666667
602.666667 235.000000
598.000000 226.666667
593.000000 218.666667
588.000000 211.000000
583.333333 203.666667
578.666667 196.666667
574.000000 190.666667
569.000000 185.000000
563.666667 180.000000
558.333333 175.000000
552.666667 170.333333
547.000000 166.000000
541.333333 162.333333
535.333333 158.666667
529.000000 155.333333
521.666667 152.333333
514.333333 149.666667
507.000000 147.666667
500.000000 145.666667
493.000000 144.333333
486.000000 143.000000
477.000000 142.666667
466.000000 143.000000
455.333333 144.333333
447.000000 146.000000
441.333333 148.000000
435.666667 150.333333
430.000000 152.666667
424.000000 155.666667
418.000000 159.000000
412.000000 163.333333
406.000000 168.333333
400.000000 174.333333
394.000000 181.333333
388.333333 189.333333
382.666667 198.000000
377.000000 207.333333
371.333333 217.000000
365.666667 227.333333
360.333333 238.000000
355.000000 249.000000
350.333333 260.000000
346.333333 270.666667
342.666667 281.333333
339.666667 291.666667
337.333333 301.666667
336.000000 311.666667
335.333333 321.333333
335.000000 331.333333
335.666667 341.000000
337.000000 351.333333
339.333333 361.666667
342.333333 372.333333
346.333333 383.000000
351.666667 394.333333
358.000000 406.000000
365.000000 418.333333
372.333333 431.333333
380.333333 445.000000
389.666667 459.000000
399.666667 473.000000
410.000000 487.666667
420.666667 502.666667
432.333333 518.333333
444.666667 534.333333
457.000000 550.666667
469.666667 567.333333
482.666667 584.000000
496.000000 600.666667
509.333333 617.666667
522.666667 634.333333
536.000000 651.333333
548.666667 668.000000
561.000000 685.000000
572.666667 702.000000
584.333333 719.000000
595.333333 736.000000
605.666667 753.000000
614.666667 769.666667
623.000000 785.666667
630.666667 801.000000
638.333333 815.333333
645.333333 828.333333
652.000000 839.666667
657.333333 849.333333
662.000000 857.000000
666.000000 862.666667
669.333333 866.666667
672.333333 869.666667
674.666667 872.000000
678.000000 873.666667
681.333333 874.333333
684.666667 874.000000
687.000000 872.666667
689.000000 871.333333
690.666667 869.666667
692.333333 868.000000
693.666667 866.333333
695.000000 865.000000
696.000000 864.000000
697.333333 862.333333
698.666667 860.333333
700.000000 858.000000
