879.333333 140.333333
885.666667 139.000000
893.666667 138.000000
901.333333 137.666667
914.666667 138.000000
927.000000 139.333333
939.666667 140.666667
947.333333 142.333333
955.333333 144.000000
964.000000 146.666667
973.000000 150.000000
982.000000 154.000000
990.666667 158.666667
999.000000 164.333333
1007.333333 171.333333
1016.000000 178.666667
1024.666667 186.333333
1033.000000 194.666667
1040.333333 204.000000
1047.000000 213.666667
1053.000000 223.333333
1059.000000 233.333333
1064.666667 244.000000
1070.000000 255.000000
1075.000000 266.000000
1079.666667 277.000000
1083.666667 288.666667
1087.000000 300.333333
1090.000000 312.333333
1092.333333 324.000000
1094.000000 336.666667
1095.000000 349.333333
1095.666667 362.000000
1095.666667 374.000000
1095.000000 386.333333
1093.333333 398.666667
1091.000000 411.333333
1088.000000 424.000000
1084.333333 437.000000
1079.666667 450.000000
1074.333333 463.000000
1068.666667 476.333333
1062.666667 490.000000
1055.666667 503.333333
1047.666667 516.333333
1038.666667 529.333333
1029.333333 542.333333
1019.000000 555.333333
1008.000000 567.666667
996.000000 580.333333
983.333333 593.000000
969.666667 605.333333
955.000000 617.000000
940.000000 628.333333
924.666667 639.666667
909.333333 650.333333
894.666667 659.333333
880.333333 666.666667
866.666667 672.666667
853.333333 678.000000
842.000000 682.333333
832.666667 685.666667
825.666667 688.333333
820.333333 690.666667
816.333333 693.000000
813.333333 695.000000
811.000000 697.000000
809.333333 699.000000
808.000000 701.000000
807.333333 702.666667
807.000000 704.000000
