740.666667 293.000000
736.000000 284.000000
731.333333 275.333333
726.666667 266.666667
722.000000 258.333333
716.666667 250.333333
711.000000 243.000000
704.666667 236.333333
698.000000 229.666667
691.000000 223.666667
683.333333 217.666667
674.666667 212.333333
664.666667 207.333333
654.333333 203.000000
644.000000 199.333333
633.666667 196.000000
622.666667 193.666667
608.666667 192.666667
595.000000 193.333333
582.333333 195.666667
573.000000 199.000000
564.000000 203.333333
555.666667 208.333333
547.666667 214.333333
540.333333 221.333333
532.666667 229.666667
525.666667 239.333333
519.000000 250.000000
513.000000 261.333333
507.000000 273.333333
501.666667 286.000000
497.000000 299.333333
493.000000 313.000000
489.666667 327.333333
487.000000 341.666667
485.000000 356.333333
483.333333 370.333333
482.333333 384.000000
482.000000 397.000000
482.000000 410.333333
482.666667 424.000000
484.000000 437.666667
486.666667 451.000000
490.666667 464.333333
496.333333 478.000000
503.333333 491.666667
511.333333 505.333333
520.666667 519.333333
531.333333 534.000000
543.333333 549.333333
556.333333 564.666667
570.666667 580.666667
586.000000 596.333333
602.666667 612.666667
619.666667 628.666667
637.333333 645.000000
655.000000 660.000000
672.666667 674.000000
689.333333 686.666667
704.666667 698.333333
718.666667 708.666667
731.333333 718.000000
742.666667 726.333333
752.666667 734.000000
761.333333 740.666667
769.000000 747.000000
775.666667 753.000000
782.000000 758.666667
787.666667 764.000000
792.666667 768.666667
796.666667 773.000000
800.000000 776.666667
803.000000 779.666667
805.333333 781.666667
807.000000 783.333333
809.000000 783.666667
