826.000000 395.000000
826.333333 392.666667
826.666667 390.333333
827.000000 387.666667
827.333333 385.000000
827.666667 382.000000
828.333333 378.666667
829.000000 375.000000
830.333333 370.666667
832.000000 366.000000
834.000000 361.000000
836.333333 355.666667
839.000000 350.000000
842.333333 344.000000
846.000000 337.333333
850.000000 330.333333
853.666667 323.000000
857.000000 315.666667
860.333333 308.666667
863.666667 301.333333
867.666667 294.000000
871.666667 286.000000
876.333333 278.000000
881.000000 270.000000
886.333333 262.333333
891.666667 255.000000
897.000000 248.000000
902.333333 241.000000
907.666667 234.333333
913.333333 228.000000
919.333333 222.000000
925.666667 216.333333
932.000000 211.333333
937.666667 207.000000
943.333333 203.000000
948.666667 199.333333
954.333333 195.666667
960.333333 192.333333
967.000000 189.000000
974.333333 186.000000
981.666667 183.000000
989.333333 180.000000
996.666667 177.333333
1004.333333 174.666667
1012.000000 172.333333
1020.000000 170.333333
1027.666667 168.666667
1035.333333 167.333333
1048.333333 167.000000
1061.666667 167.666667
1074.666667 169.666667
1082.000000 171.666667
1088.333333 174.333333
1094.333333 177.333333
1099.666667 181.000000
1105.000000 185.333333
1110.333333 190.000000
1115.666667 195.000000
1121.000000 200.666667
1125.666667 207.333333
1130.000000 214.666667
1133.666667 222.666667
1136.666667 230.666667
1139.000000 239.000000
1140.666667 247.666667
1142.000000 256.666667
1143.000000 266.000000
1143.333333 274.666667
1143.333333 284.000000
1142.666667 293.666667
1141.666667 304.333333
1140.000000 314.666667
1137.666667 325.666667
1134.666667 337.333333
1131.000000 349.666667
1126.666667 362.000000
1122.000000 374.000000
1116.666667 386.666667
1111.333333 400.000000
1105.333333 414.333333
1099.000000 429.333333
1091.333333 444.666667
1083.000000 460.666667
1074.000000 477.000000
1064.666667 494.000000
1055.000000 511.333333
1044.333333 529.000000
1033.333333 547.000000
1021.666667 565.666667
1009.333333 584.333333
996.000000 603.666667
982.000000 623.000000
967.666667 643.000000
953.000000 663.333333
938.666667 683.333333
924.666667 703.000000
911.000000 721.666667
897.666667 739.333333
885.000000 755.666667
873.333333 770.333333
862.333333 783.666667
852.333333 795.333333
843.333333 805.333333
836.000000 813.333333
830.333333 819.333333
826.333333 823.666667
823.333333 827.000000
821.333333 829.333333
820.000000 831.000000
819.333333 831.333333
819.333333 831.000000
819.666667 829.333333
819.666667 826.666667
819.333333 822.666667
