680.666667 354.333333
680.333333 347.333333
679.666667 339.666667
678.666667 331.333333
677.333333 322.000000
675.333333 312.000000
673.000000 301.333333
669.333333 289.666667
664.666667 277.333333
658.666667 264.666667
651.666667 251.666667
644.000000 238.666667
636.000000 225.666667
627.666667 213.666667
619.000000 202.333333
610.000000 192.333333
601.666667 183.333333
594.000000 175.666667
587.333333 169.666667
580.666667 165.000000
574.333333 161.666667
567.333333 159.333333
557.666667 158.666667
547.666667 159.333333
537.333333 161.333333
529.333333 164.000000
520.666667 167.666667
512.000000 172.333333
503.666667 178.000000
495.666667 184.666667
488.333333 192.000000
481.000000 200.333333
474.000000 209.333333
467.000000 219.000000
460.666667 229.000000
454.666667 239.000000
449.333333 249.333333
444.333333 259.666667
440.333333 271.000000
437.000000 282.666667
434.333333 295.000000
432.333333 307.333333
431.000000 320.333333
430.333333 334.333333
430.333333 348.666667
431.333333 363.000000
433.000000 376.333333
435.666667 389.666667
439.000000 403.000000
443.666667 417.000000
449.333333 431.333333
456.333333 445.666667
464.000000 460.333333
472.666667 475.000000
482.666667 489.666667
494.000000 504.333333
506.000000 519.000000
518.666667 534.333333
532.000000 549.333333
546.000000 564.000000
560.666667 578.333333
575.666667 592.666667
591.333333 607.000000
607.333333 621.000000
623.666667 634.666667
640.000000 647.666667
656.000000 660.000000
671.666667 671.333333
686.000000 681.666667
699.000000 691.333333
710.000000 700.333333
720.333333 709.000000
729.333333 717.000000
737.666667 724.666667
744.333333 731.333333
749.666667 737.000000
753.333333 741.333333
756.000000 744.666667
757.666667 746.666667
758.666667 748.000000
