979.000000 217.000000
988.333333 219.333333
998.666667 222.333333
1010.000000 226.000000
1021.666667 230.333333
1033.666667 235.333333
1046.333333 241.666667
1059.666667 249.333333
1073.000000 258.000000
1086.333333 267.666667
1099.666667 278.333333
1112.333333 289.666667
1124.000000 301.333333
1134.333333 312.666667
1144.000000 324.000000
1152.666667 335.000000
1160.666667 346.333333
1168.000000 357.666667
1174.666667 369.000000
1180.666667 380.666667
1185.666667 393.333333
1189.333333 407.000000
1192.000000 421.666667
1194.000000 436.666667
1195.333333 452.000000
1196.000000 467.333333
1195.666667 483.000000
1195.000000 498.333333
1194.000000 513.333333
1192.666667 528.000000
1190.666667 542.000000
1187.666667 555.333333
1184.000000 568.000000
1179.666667 580.666667
1174.666667 593.000000
1169.333333 604.666667
1163.666667 616.000000
1157.666667 627.000000
1150.666667 638.333333
1142.666667 649.000000
1134.000000 659.333333
1124.666667 669.333333
1114.333333 680.000000
1102.666667 690.666667
1090.000000 700.666667
1076.666667 709.666667
1062.333333 718.000000
1046.666667 725.666667
1029.666667 733.000000
1012.000000 740.000000
993.666667 746.666667
975.000000 752.666667
957.000000 758.000000
941.000000 762.666667
928.000000 766.666667
917.666667 769.666667
910.000000 771.666667
904.333333 773.000000
900.666667 774.000000
898.000000 774.333333
896.666667 774.000000
896.000000 773.000000
896.000000 772.000000
896.000000 771.000000
