1005.333333 308.000000
1005.666667 305.000000
1006.000000 302.000000
1006.333333 299.000000
1006.666667 296.000000
1007.000000 293.000000
1007.333333 290.000000
1008.000000 286.666667
1009.000000 283.333333
1010.000000 279.666667
1011.333333 276.000000
1013.000000 272.000000
1015.000000 268.000000
1017.333333 264.000000
1020.000000 260.000000
1023.333333 256.000000
1027.333333 252.000000
1032.000000 248.333333
1036.666667 245.000000
1041.333333 241.666667
1045.666667 238.333333
1050.333333 235.000000
1055.333333 231.666667
1061.000000 228.333333
1067.333333 224.666667
1074.000000 221.333333
1080.666667 218.000000
1087.333333 214.666667
1094.000000 211.000000
1101.333333 207.333333
1109.333333 204.000000
1118.000000 201.000000
1126.333333 198.333333
1134.000000 196.000000
1141.000000 194.000000
1148.000000 192.333333
1155.333333 190.666667
1162.666667 189.333333
1177.666667 188.666667
1192.000000 189.000000
1206.000000 190.333333
1212.000000 191.666667
1218.000000 193.333333
1223.666667 195.000000
1229.333333 197.000000
1234.333333 199.333333
1239.000000 202.000000
1243.000000 205.000000
1247.333333 208.333333
1251.666667 212.000000
1256.000000 216.333333
1260.333333 221.000000
1265.000000 226.000000
1270.000000 231.666667
1274.666667 238.000000
1279.000000 245.000000
1283.000000 252.333333
1286.666667 259.666667
1290.000000 267.000000
1292.666667 273.666667
1295.000000 280.333333
1297.000000 287.000000
1298.666667 293.666667
1300.000000 300.333333
1301.000000 306.666667
1302.000000 313.333333
1302.666667 320.000000
1303.000000 327.000000
1303.000000 334.666667
1302.666667 343.000000
1302.000000 352.000000
1300.666667 361.000000
1299.000000 370.000000
1296.666667 379.333333
1294.000000 389.000000
1290.333333 399.000000
1286.000000 408.666667
1280.666667 418.000000
1274.666667 427.333333
1268.333333 437.000000
1261.666667 447.000000
1254.666667 456.666667
1246.666667 466.666667
1237.666667 477.000000
1228.000000 488.000000
1218.333333 499.333333
1208.666667 510.666667
1198.333333 522.666667
1187.666667 535.000000
1177.000000 547.333333
1167.000000 559.666667
1156.666667 572.000000
1146.000000 585.333333
1135.000000 598.666667
1124.000000 612.333333
1113.000000 626.000000
1101.666667 640.000000
1090.333333 653.666667
1078.666667 667.000000
1067.000000 680.000000
1054.666667 692.666667
1042.666667 704.333333
1032.000000 714.000000
1022.000000 723.333333
1014.666667 730.666667
1009.000000 737.000000
1006.333333 740.666667
1004.000000 744.333333
1002.333333 747.666667
1001.333333 751.000000
1000.666667 753.666667
1000.333333 756.000000
1000.000000 757.666667
1000.000000 759.000000
