688.000000 350.000000
688.000000 346.333333
688.000000 343.333333
687.666667 340.666667
687.333333 338.000000
687.000000 335.000000
686.666667 331.333333
686.333333 327.333333
685.666667 322.333333
684.666667 317.333333
682.666667 311.333333
680.333333 304.666667
677.333333 296.333333
673.666667 286.666667
668.666667 275.666667
663.000000 264.333333
656.666667 252.333333
650.000000 241.000000
643.333333 230.000000
637.000000 220.333333
631.333333 211.666667
625.666667 204.666667
620.000000 198.666667
613.666667 193.333333
607.333333 188.000000
600.666667 183.000000
594.000000 178.000000
587.000000 172.666667
579.666667 167.333333
571.666667 161.333333
563.333333 155.666667
555.333333 150.000000
548.333333 145.000000
542.000000 140.333333
536.333333 136.000000
530.666667 132.000000
525.333333 128.000000
520.000000 124.333333
514.666667 121.000000
509.000000 118.000000
503.000000 115.333333
497.000000 113.000000
491.000000 111.000000
485.000000 109.333333
476.666667 108.000000
468.333333 107.666667
460.000000 108.000000
454.000000 109.000000
448.333333 110.333333
443.000000 112.333333
438.000000 115.000000
433.333333 118.000000
429.000000 121.333333
425.000000 125.666667
421.333333 131.000000
418.000000 137.333333
415.000000 144.000000
412.333333 151.000000
410.000000 158.000000
408.333333 165.000000
407.000000 172.000000
406.000000 179.000000
405.000000 186.333333
404.000000 193.666667
403.333333 201.333333
402.666667 209.000000
402.333333 217.333333
401.666667 226.000000
401.333333 235.000000
401.333333 244.000000
402.000000 253.333333
403.000000 263.000000
404.666667 273.000000
406.666667 283.666667
409.666667 295.000000
412.666667 307.333333
416.333333 320.333333
420.333333 334.333333
424.666667 348.666667
429.333333 363.000000
434.333333 376.666667
440.000000 390.333333
446.333333 404.000000
453.000000 418.000000
459.666667 432.000000
466.000000 446.000000
472.000000 459.333333
478.333333 472.333333
484.666667 485.000000
491.333333 497.333333
498.000000 509.333333
505.000000 521.333333
511.666667 534.000000
518.333333 546.666667
525.000000 559.333333
532.000000 571.666667
539.333333 584.000000
546.666667 596.000000
554.000000 607.666667
561.333333 619.000000
569.000000 630.000000
576.666667 641.000000
584.333333 652.000000
592.000000 662.666667
600.000000 673.333333
607.666667 684.000000
615.000000 694.333333
622.000000 704.000000
629.000000 712.666667
636.000000 720.666667
643.000000 728.000000
649.666667 734.666667
656.000000 740.666667
662.000000 745.666667
667.666667 750.000000
673.000000 753.666667
677.666667 757.000000
682.000000 759.666667
685.666667 761.666667
689.000000 763.000000
691.666667 764.000000
