696.666667 413.333333
698.000000 409.333333
698.666667 405.333333
699.000000 401.000000
699.000000 396.666667
698.666667 392.000000
698.333333 387.000000
697.666667 382.333333
697.000000 377.666667
696.333333 373.333333
695.666667 368.666667
695.000000 364.000000
693.666667 359.000000
692.666667 354.333333
691.333333 350.000000
690.333333 346.000000
689.333333 342.000000
688.666667 338.333333
688.000000 335.000000
687.000000 332.333333
686.000000 329.666667
684.666667 327.000000
683.000000 323.666667
681.000000 320.333333
679.000000 316.666667
676.666667 313.000000
673.000000 308.000000
669.000000 303.000000
664.333333 298.000000
660.000000 294.000000
655.000000 289.666667
650.000000 285.333333
645.333333 281.000000
640.666667 277.000000
636.333333 273.333333
631.666667 270.000000
627.000000 267.000000
622.333333 264.333333
617.666667 261.666667
613.000000 259.000000
607.666667 256.333333
602.333333 254.000000
597.000000 252.000000
591.666667 250.000000
586.333333 248.000000
580.666667 246.000000
575.000000 244.333333
569.000000 242.666667
563.000000 241.333333
557.333333 239.666667
550.000000 238.333333
538.333333 237.666667
527.000000 238.000000
518.000000 239.000000
514.000000 240.000000
510.000000 241.333333
506.000000 243.000000
502.333333 245.000000
498.000000 248.000000
494.000000 251.000000
490.000000 254.666667
487.333333 257.666667
484.666667 261.000000
482.333333 264.333333
480.333333 268.000000
478.666667 272.000000
477.333333 276.333333
476.000000 280.666667
475.333333 285.000000
475.000000 289.000000
474.666667 293.000000
474.333333 298.333333
473.666667 303.666667
473.333333 309.000000
473.333333 313.000000
473.666667 317.333333
474.333333 322.000000
475.000000 327.000000
476.000000 332.333333
477.000000 338.000000
478.333333 344.333333
479.666667 351.000000
481.333333 358.000000
482.666667 365.000000
484.333333 372.333333
486.000000 379.666667
488.000000 387.000000
490.000000 393.666667
492.000000 400.333333
494.333333 407.000000
497.333333 414.000000
501.000000 421.333333
505.333333 428.666667
510.000000 436.333333
515.000000 444.000000
520.000000 452.333333
525.333333 461.333333
531.666667 471.000000
542.333333 484.000000
554.000000 497.000000
566.000000 510.000000
575.333333 520.333333
585.333333 530.666667
595.333333 541.000000
605.000000 551.000000
614.000000 560.666667
623.666667 570.666667
633.666667 580.666667
644.000000 591.333333
653.666667 602.000000
663.666667 613.666667
673.666667 626.333333
684.000000 640.333333
693.666667 654.666667
703.000000 669.333333
711.666667 683.666667
719.666667 698.000000
727.000000 712.000000
734.000000 725.666667
741.000000 738.666667
747.333333 750.666667
753.000000 761.333333
757.333333 770.666667
761.000000 778.666667
763.666667 785.666667
765.666667 791.666667
767.000000 797.000000
768.000000 802.000000
768.666667 807.000000
769.333333 811.666667
769.666667 816.000000
770.000000 819.666667
770.333333 823.000000
770.666667 826.000000
771.000000 828.333333
771.000000 830.000000
771.000000 831.000000
