746.000000 394.666667
746.000000 392.000000
746.000000 388.666667
745.666667 385.000000
745.333333 381.000000
744.666667 376.666667
744.333333 372.000000
743.666667 367.000000
743.333333 362.333333
742.666667 357.666667
742.000000 353.333333
741.000000 348.666667
740.000000 344.000000
739.000000 339.000000
737.666667 334.000000
736.333333 328.666667
734.666667 323.333333
733.333333 318.000000
732.000000 312.666667
730.666667 307.333333
729.333333 302.000000
728.000000 297.000000
727.000000 292.333333
726.000000 287.666667
725.000000 282.666667
724.000000 277.333333
723.000000 272.000000
721.666667 266.666667
720.333333 261.333333
718.666667 256.000000
716.666667 251.000000
714.000000 246.000000
710.666667 241.000000
707.000000 236.000000
702.666667 231.000000
698.000000 225.666667
693.000000 220.333333
688.000000 215.333333
683.000000 210.666667
678.000000 206.333333
672.333333 202.000000
666.333333 198.000000
659.333333 194.333333
652.666667 191.000000
645.666667 188.000000
639.000000 185.666667
631.666667 183.666667
624.000000 182.333333
608.000000 181.666667
592.666667 182.000000
577.333333 183.000000
570.333333 184.000000
562.666667 185.333333
555.333333 186.666667
548.333333 188.333333
542.000000 190.000000
536.000000 192.333333
530.333333 195.000000
524.666667 198.000000
519.333333 201.333333
514.000000 205.333333
509.000000 210.000000
504.000000 215.000000
499.000000 220.333333
494.666667 225.666667
491.000000 231.666667
488.000000 237.666667
485.333333 243.666667
483.333333 249.666667
482.000000 255.666667
481.333333 262.333333
481.000000 269.000000
481.333333 276.000000
482.000000 283.000000
483.000000 290.000000
484.333333 297.333333
485.666667 304.333333
487.333333 311.666667
488.666667 318.333333
490.000000 325.666667
491.333333 332.666667
492.666667 340.000000
494.000000 347.333333
495.333333 354.666667
497.000000 362.333333
499.000000 370.000000
501.000000 378.000000
503.333333 386.000000
506.333333 394.333333
509.666667 402.333333
513.333333 410.333333
516.666667 418.000000
520.000000 426.000000
523.000000 434.000000
526.000000 442.000000
529.333333 450.333333
533.000000 458.666667
536.666667 467.000000
540.666667 475.000000
544.666667 483.333333
549.333333 491.666667
554.333333 500.333333
559.666667 509.000000
565.000000 518.000000
570.000000 527.000000
575.333333 536.666667
581.000000 546.666667
587.000000 557.000000
593.333333 567.333333
599.666667 577.666667
606.000000 588.333333
612.000000 599.000000
617.666667 609.666667
623.666667 620.333333
630.000000 630.666667
636.666667 641.000000
643.333333 651.333333
649.666667 661.666667
656.000000 671.333333
662.000000 680.333333
668.333333 688.666667
674.666667 696.666667
681.666667 703.666667
688.666667 710.000000
696.000000 715.333333
703.000000 720.333333
710.000000 725.000000
717.000000 730.000000
724.000000 734.666667
731.333333 739.000000
738.666667 743.333333
746.000000 747.666667
753.000000 752.333333
759.666667 757.000000
766.333333 761.666667
772.666667 766.000000
779.333333 770.000000
785.666667 773.666667
791.666667 777.000000
797.000000 779.666667
801.666667 782.000000
805.333333 783.666667
807.666667 785.000000
809.333333 786.000000
810.666667 787.000000
812.666667 787.000000
