682.000000 469.000000
682.000000 467.333333
682.000000 465.333333
682.000000 463.333333
682.000000 460.666667
682.000000 458.000000
682.000000 455.333333
682.000000 452.333333
682.000000 449.333333
682.000000 446.000000
682.000000 443.000000
682.000000 440.000000
682.000000 437.000000
682.000000 433.666667
682.000000 430.333333
681.666667 426.666667
681.333333 423.000000
681.000000 418.666667
681.000000 414.000000
681.000000 409.000000
680.666667 404.333333
680.333333 399.333333
680.000000 394.333333
679.666667 389.000000
679.000000 384.000000
678.333333 378.666667
677.666667 373.333333
677.333333 368.000000
676.666667 362.666667
676.000000 357.333333
675.000000 352.000000
674.333333 346.666667
673.666667 341.000000
673.000000 335.000000
672.000000 328.666667
671.000000 322.333333
670.333333 316.000000
669.666667 310.333333
669.000000 304.666667
668.333333 299.333333
667.666667 294.000000
667.333333 289.000000
666.666667 284.000000
666.333333 279.333333
665.666667 274.333333
665.333333 269.333333
664.666667 264.000000
664.000000 259.000000
662.333333 252.333333
660.333333 245.666667
658.000000 238.666667
656.000000 233.333333
653.666667 228.000000
651.333333 223.000000
648.666667 218.000000
646.000000 213.333333
643.000000 209.000000
640.333333 205.000000
637.666667 201.333333
635.333333 198.000000
632.666667 195.000000
630.333333 192.333333
627.666667 189.666667
625.000000 187.000000
621.666667 184.333333
618.000000 182.000000
613.666667 179.666667
609.000000 177.666667
604.000000 175.666667
599.000000 174.333333
594.000000 173.000000
584.000000 172.666667
572.333333 173.000000
560.666667 174.333333
554.000000 175.666667
549.333333 177.333333
545.000000 179.000000
540.666667 181.000000
536.666667 183.000000
532.666667 185.333333
529.000000 187.666667
525.000000 190.000000
521.000000 192.333333
516.666667 195.000000
512.333333 197.666667
508.000000 200.333333
504.333333 203.000000
500.666667 205.666667
497.333333 208.333333
494.000000 211.000000
491.000000 214.000000
488.333333 216.666667
485.666667 219.666667
483.000000 222.666667
480.333333 226.333333
478.000000 230.000000
476.000000 234.333333
474.000000 239.000000
472.000000 244.000000
470.000000 249.333333
468.333333 255.333333
467.000000 261.666667
466.000000 268.333333
465.000000 275.000000
464.000000 281.666667
463.000000 288.000000
462.333333 293.666667
461.666667 299.000000
461.000000 304.333333
460.000000 309.333333
459.000000 314.333333
458.333333 318.666667
457.666667 323.000000
457.333333 327.000000
456.666667 331.000000
456.333333 335.333333
456.000000 339.666667
456.000000 344.666667
456.333333 350.000000
456.666667 356.000000
457.333333 362.333333
458.000000 369.000000
458.666667 376.000000
459.333333 383.000000
460.000000 390.000000
460.666667 397.000000
461.666667 403.666667
462.666667 410.333333
464.333333 416.666667
465.666667 423.333333
467.333333 429.666667
469.333333 436.000000
471.666667 442.333333
474.000000 448.666667
476.333333 455.333333
479.000000 462.000000
482.000000 469.000000
485.333333 475.666667
489.000000 482.666667
493.000000 490.000000
497.000000 498.000000
501.333333 506.000000
506.000000 514.333333
511.000000 523.333333
516.000000 533.333333
521.000000 544.000000
526.333333 555.333333
532.000000 567.000000
538.666667 579.000000
545.666667 591.000000
553.000000 603.000000
560.333333 615.000000
568.000000 627.000000
576.000000 638.666667
584.333333 650.000000
593.333333 661.333333
602.666667 672.666667
612.000000 683.666667
621.000000 693.666667
629.666667 703.000000
638.000000 711.333333
645.666667 718.666667
652.333333 724.666667
658.000000 730.000000
662.666667 734.333333
666.666667 738.333333
670.000000 742.000000
672.666667 745.666667
675.000000 749.000000
676.666667 751.666667
678.000000 754.000000
679.000000 755.666667
679.666667 757.333333
680.000000 758.666667
680.000000 760.000000
680.000000 761.000000
680.000000 762.000000
