939.000000 170.000000
947.333333 171.000000
956.666667 172.333333
966.666667 174.000000
977.000000 176.000000
986.666667 178.333333
996.666667 181.000000
1006.666667 183.666667
1017.333333 186.333333
1027.333333 189.000000
1037.333333 192.333333
1047.333333 196.000000
1058.000000 200.000000
1068.666667 204.333333
1078.666667 209.000000
1087.666667 214.333333
1096.666667 220.000000
1105.666667 226.000000
1115.333333 231.666667
1124.333333 237.333333
1133.000000 243.000000
1141.333333 249.333333
1149.333333 255.666667
1157.666667 262.333333
1165.333333 268.666667
1173.000000 275.000000
1179.666667 281.000000
1185.666667 287.000000
1190.666667 293.333333
1195.000000 300.000000
1199.000000 307.000000
1202.333333 314.000000
1205.000000 321.333333
1207.000000 329.000000
1209.000000 337.333333
1210.666667 346.000000
1212.000000 355.333333
1212.666667 364.666667
1213.333333 373.666667
1213.666667 382.666667
1214.000000 391.666667
1213.666667 401.333333
1212.666667 411.333333
1211.333333 422.000000
1209.666667 433.000000
1208.000000 444.333333
1205.666667 455.333333
1203.333333 466.333333
1200.666667 477.000000
1198.000000 487.666667
1194.666667 498.000000
1190.666667 508.000000
1186.333333 518.000000
1181.666667 528.000000
1177.000000 538.000000
1171.666667 548.000000
1166.666667 557.333333
1161.666667 566.333333
1157.000000 575.000000
1151.333333 584.000000
1144.666667 593.000000
1137.333333 602.000000
1129.333333 610.666667
1120.333333 619.000000
1109.666667 627.333333
1098.000000 635.666667
1085.666667 644.000000
1072.333333 652.000000
1058.000000 659.666667
1043.333333 667.000000
1028.666667 674.333333
1013.666667 682.000000
999.000000 690.333333
985.000000 698.333333
972.000000 706.333333
959.000000 713.666667
947.000000 720.666667
936.333333 726.666667
927.666667 732.000000
920.333333 736.666667
914.666667 740.333333
910.666667 743.000000
908.000000 744.666667
906.333333 746.000000
905.333333 747.000000
904.666667 747.333333
904.333333 746.666667
904.000000 745.333333
