830.666667 354.666667
831.333333 352.000000
832.000000 348.666667
832.666667 345.333333
833.666667 341.666667
834.666667 337.666667
836.333333 333.000000
838.000000 327.666667
840.333333 322.333333
843.000000 316.333333
846.000000 310.666667
849.000000 304.666667
852.000000 299.000000
855.000000 292.333333
858.333333 285.333333
862.000000 277.666667
866.000000 270.000000
870.333333 262.333333
875.000000 254.666667
880.666667 247.333333
886.666667 239.333333
893.000000 231.333333
899.000000 223.000000
905.000000 215.666667
911.000000 209.000000
917.000000 202.666667
923.000000 196.666667
929.333333 190.666667
935.666667 185.333333
941.666667 180.000000
947.666667 175.333333
953.666667 170.666667
960.333333 166.333333
967.000000 162.333333
974.333333 159.000000
981.666667 156.333333
988.666667 154.333333
995.000000 153.000000
1001.666667 152.000000
1013.666667 151.666667
1026.333333 152.000000
1038.333333 153.000000
1045.333333 154.000000
1052.333333 155.333333
1060.000000 157.000000
1068.000000 159.333333
1075.666667 162.333333
1083.333333 165.666667
1090.333333 169.333333
1097.333333 173.333333
1104.000000 177.666667
1111.000000 182.333333
1118.000000 187.000000
1124.666667 192.333333
1130.666667 198.000000
1136.333333 204.333333
1141.333333 211.333333
1146.000000 218.666667
1149.666667 226.000000
1153.000000 233.000000
1156.000000 240.333333
1158.666667 248.000000
1161.000000 256.000000
1163.000000 263.666667
1165.000000 271.333333
1167.000000 279.000000
1168.666667 287.333333
1170.000000 295.666667
1171.000000 304.333333
1171.666667 312.666667
1172.000000 320.666667
1171.666667 328.333333
1171.000000 336.333333
1169.666667 345.000000
1168.000000 354.000000
1165.666667 362.666667
1163.333333 371.000000
1160.666667 379.333333
1157.666667 388.000000
1154.333333 397.333333
1150.666667 406.666667
1147.000000 415.666667
1142.666667 424.333333
1137.666667 433.333333
1132.000000 443.000000
1126.000000 452.666667
1120.000000 461.666667
1113.666667 470.333333
1107.000000 479.333333
1099.666667 489.333333
1092.333333 499.666667
1084.666667 510.000000
1077.000000 520.333333
1069.333333 531.000000
1062.000000 542.000000
1055.000000 553.000000
1047.666667 563.666667
1040.333333 574.000000
1032.666667 584.000000
1025.666667 594.000000
1019.000000 603.666667
1012.666667 613.000000
1005.666667 622.000000
998.000000 631.333333
989.666667 641.333333
981.333333 651.666667
973.000000 662.000000
964.666667 672.333333
956.000000 683.333333
947.000000 694.333333
938.333333 705.000000
930.000000 715.000000
922.000000 725.000000
914.333333 735.000000
906.666667 745.000000
899.000000 754.333333
891.333333 763.000000
884.000000 771.000000
877.666667 779.000000
872.000000 786.666667
867.333333 793.666667
863.000000 799.666667
859.666667 804.666667
857.000000 808.333333
855.333333 811.000000
854.000000 812.666667
853.333333 814.000000
853.000000 815.000000
853.000000 815.333333
853.000000 814.666667
853.333333 812.333333
