1132.333333 602.000000
1120.333333 595.666667
1107.666667 589.000000
1094.000000 582.333333
1079.666667 575.666667
1064.666667 569.333333
1049.333333 562.666667
1033.666667 556.333333
1017.666667 550.000000
1001.333333 544.333333
984.666667 539.000000
967.666667 534.000000
950.333333 529.000000
932.666667 524.333333
915.000000 520.000000
897.000000 516.333333
878.666667 513.000000
860.000000 510.333333
840.666667 508.333333
821.000000 507.000000
800.666667 506.666667
780.333333 507.333333
759.666667 509.000000
738.666667 511.333333
717.333333 514.000000
695.666667 517.000000
674.666667 520.333333
653.666667 523.666667
633.333333 527.000000
613.666667 529.666667
595.000000 531.666667
577.666667 533.000000
561.666667 533.333333
547.000000 533.000000
533.333333 531.333333
520.666667 528.666667
509.666667 524.333333
500.666667 518.666667
493.000000 511.666667
487.000000 503.000000
482.000000 492.333333
479.000000 480.000000
478.000000 466.000000
479.333333 450.333333
483.666667 432.333333
490.666667 412.666667
499.666667 392.333333
510.000000 372.000000
521.333333 352.333333
534.000000 334.000000
547.000000 317.000000
560.333333 301.666667
574.000000 287.333333
588.000000 274.666667
602.000000 263.333333
616.000000 253.666667
