875.000000 302.666667
875.000000 300.000000
875.333333 297.000000
876.333333 293.333333
878.000000 288.666667
880.333333 283.000000
883.333333 276.666667
887.333333 269.666667
891.666667 262.333333
896.666667 254.333333
902.000000 245.666667
908.333333 236.333333
915.333333 227.000000
923.000000 218.000000
931.000000 209.333333
939.000000 200.666667
947.000000 192.333333
955.000000 183.666667
963.333333 175.333333
972.000000 167.333333
980.666667 159.666667
989.000000 152.000000
997.333333 144.000000
1006.000000 136.000000
1015.000000 128.333333
1024.000000 121.000000
1032.666667 114.333333
1041.000000 108.000000
1049.333333 102.333333
1058.333333 97.000000
1067.666667 92.333333
1077.000000 88.333333
1085.666667 85.000000
1094.333333 82.000000
1103.000000 79.000000
1112.000000 76.666667
1121.000000 74.666667
1129.666667 73.333333
1138.000000 72.000000
1154.000000 71.666667
1169.333333 72.333333
1184.666667 73.666667
1191.666667 75.666667
1199.000000 77.666667
1206.333333 80.000000
1214.000000 82.333333
1221.666667 85.000000
1228.666667 88.000000
1235.333333 91.000000
1241.666667 94.000000
1248.333333 97.333333
1255.000000 101.333333
1261.666667 106.333333
1268.000000 112.000000
1274.000000 118.333333
1279.666667 125.000000
1284.666667 132.333333
1289.333333 140.666667
1293.333333 150.000000
1297.000000 160.000000
1300.000000 170.333333
1302.666667 181.666667
1305.000000 194.000000
1306.333333 206.666667
1307.000000 219.333333
1307.000000 232.000000
1307.000000 245.333333
1306.333333 258.666667
1305.333333 272.333333
1303.333333 286.000000
1301.333333 300.000000
1298.333333 314.333333
1294.666667 329.333333
1290.000000 345.000000
1284.333333 361.000000
1278.000000 377.000000
1270.666667 392.666667
1263.000000 408.666667
1254.666667 424.666667
1246.000000 440.666667
1236.333333 456.000000
1226.333333 471.333333
1215.666667 486.666667
1204.333333 502.000000
1192.333333 517.000000
1179.666667 532.333333
1166.666667 547.333333
1153.000000 562.000000
1139.000000 576.333333
1124.666667 590.666667
1109.666667 605.000000
1094.666667 619.000000
1079.666667 633.333333
1064.666667 647.333333
1049.333333 660.666667
1034.666667 673.000000
1020.333333 684.666667
1006.333333 696.000000
992.666667 706.666667
980.333333 716.333333
969.000000 725.333333
958.333333 734.000000
948.000000 742.666667
938.333333 750.333333
930.000000 757.000000
923.000000 762.666667
917.666667 767.333333
913.000000 771.333333
909.333333 774.333333
906.666667 776.666667
905.000000 778.000000
904.000000 779.000000
903.000000 780.000000
902.000000 780.333333
901.333333 779.666667
