896.000000 182.000000
910.666667 181.666667
926.000000 182.333333
942.333333 183.666667
951.333333 185.333333
961.000000 187.000000
971.333333 189.333333
981.333333 192.000000
991.666667 195.000000
1002.000000 198.333333
1013.000000 202.000000
1023.666667 206.333333
1033.666667 210.666667
1043.333333 215.333333
1053.000000 220.000000
1062.666667 225.000000
1072.000000 230.333333
1080.666667 235.666667
1089.000000 241.000000
1097.000000 246.666667
1105.000000 252.666667
1113.000000 259.333333
1121.000000 266.000000
1128.333333 272.666667
1135.333333 279.666667
1141.666667 287.333333
1147.666667 295.666667
1153.000000 304.333333
1158.000000 312.666667
1163.000000 320.666667
1167.666667 328.333333
1171.666667 336.000000
1175.000000 344.000000
1178.000000 351.666667
1180.666667 359.333333
1183.000000 367.000000
1184.666667 374.666667
1186.000000 382.333333
1186.666667 390.000000
1187.333333 398.000000
1187.666667 406.000000
1188.000000 414.333333
1187.666667 422.666667
1187.000000 431.333333
1185.666667 439.666667
1184.333333 448.333333
1182.666667 456.666667
1181.000000 465.333333
1179.000000 474.000000
1176.666667 483.000000
1174.000000 492.000000
1171.000000 500.333333
1168.000000 508.333333
1165.000000 515.666667
1161.666667 523.333333
1158.333333 531.000000
1154.666667 539.000000
1151.000000 547.000000
1147.333333 555.000000
1143.333333 562.333333
1139.000000 569.666667
1133.666667 576.666667
1128.333333 584.333333
1122.666667 592.000000
1117.333333 599.666667
1112.000000 607.000000
1106.666667 613.666667
1100.666667 620.000000
1094.000000 626.000000
1086.666667 631.666667
1079.333333 637.333333
1071.666667 643.000000
1063.333333 649.000000
1054.000000 655.000000
1044.000000 661.000000
1034.000000 666.666667
1023.666667 672.000000
1012.333333 677.000000
1000.000000 682.333333
987.333333 688.000000
974.333333 694.333333
961.000000 700.666667
947.333333 706.666667
934.333333 712.000000
921.666667 717.000000
909.333333 721.333333
897.333333 725.000000
887.000000 728.000000
878.000000 730.666667
871.000000 732.666667
865.666667 734.000000
862.000000 735.000000
859.333333 736.000000
857.666667 736.333333
857.000000 735.666667
857.666667 733.666667
