653.333333 188.000000
645.666667 186.333333
638.333333 185.000000
630.666667 183.666667
623.333333 182.333333
610.666667 181.666667
596.000000 182.000000
581.333333 183.000000
571.666667 184.000000
564.333333 185.333333
557.000000 186.666667
550.000000 188.333333
543.333333 189.666667
537.333333 191.333333
531.666667 193.333333
526.000000 195.666667
520.000000 198.333333
514.333333 201.333333
508.666667 205.000000
503.333333 209.333333
498.000000 214.000000
493.000000 219.000000
488.333333 224.333333
483.666667 230.000000
479.333333 235.666667
473.666667 243.333333
468.333333 251.000000
463.333333 259.333333
460.000000 265.666667
457.000000 272.000000
454.333333 278.333333
452.000000 285.000000
450.333333 292.333333
449.000000 300.000000
448.000000 308.000000
447.000000 315.666667
446.333333 323.333333
446.000000 331.333333
446.000000 339.666667
446.666667 348.333333
447.666667 357.333333
449.333333 366.666667
451.000000 376.333333
453.333333 385.666667
455.666667 395.333333
458.333333 405.000000
461.000000 415.000000
464.000000 425.000000
466.666667 435.000000
469.333333 445.333333
471.666667 455.333333
474.333333 465.333333
476.666667 474.666667
479.333333 484.333333
482.333333 494.000000
485.666667 503.666667
489.666667 513.666667
494.000000 523.666667
499.000000 534.333333
504.000000 545.000000
509.333333 556.000000
515.000000 566.666667
520.666667 577.000000
526.333333 587.000000
532.000000 597.000000
538.333333 606.333333
544.666667 615.000000
551.000000 623.000000
557.000000 630.333333
563.000000 637.666667
569.000000 644.333333
575.000000 651.000000
581.666667 657.333333
588.666667 663.333333
596.000000 669.000000
603.000000 673.666667
610.000000 677.666667
617.000000 681.000000
624.333333 683.666667
631.666667 686.000000
639.333333 688.000000
646.666667 690.000000
654.333333 691.666667
661.666667 693.000000
669.333333 694.000000
677.000000 695.000000
685.000000 696.000000
697.000000 697.000000
