531.666667 302.000000
530.000000 298.000000
528.000000 294.000000
525.666667 289.666667
522.666667 285.333333
519.000000 280.666667
515.000000 276.000000
510.666667 271.000000
505.666667 266.000000
500.000000 260.666667
494.000000 255.333333
487.333333 249.666667
480.000000 244.000000
471.666667 238.000000
463.000000 232.333333
453.666667 227.000000
444.333333 222.333333
434.666667 218.333333
425.000000 215.333333
415.333333 213.000000
401.000000 212.000000
387.333333 212.000000
374.333333 213.333333
367.333333 215.333333
361.000000 218.000000
355.333333 221.333333
350.333333 225.333333
346.000000 230.666667
342.000000 237.333333
338.666667 244.666667
336.333333 252.333333
335.000000 260.000000
334.333333 268.333333
334.333333 277.333333
334.666667 287.000000
335.666667 297.000000
336.666667 307.333333
338.333333 318.666667
339.666667 330.666667
341.333333 343.666667
342.666667 356.666667
344.333333 369.666667
345.666667 382.000000
347.333333 394.333333
349.333333 407.333333
351.666667 420.666667
354.666667 433.666667
358.333333 446.000000
363.000000 458.000000
368.333333 470.333333
374.666667 482.666667
382.333333 494.666667
391.666667 506.333333
402.000000 518.000000
413.666667 530.333333
426.666667 543.333333
440.666667 557.000000
455.666667 571.333333
471.333333 586.333333
487.333333 601.666667
503.333333 617.333333
519.333333 633.000000
535.333333 648.666667
551.000000 664.000000
566.333333 679.000000
581.333333 693.000000
595.666667 706.000000
609.000000 717.666667
621.666667 728.666667
633.333333 738.666667
643.666667 747.666667
652.000000 755.333333
659.000000 761.666667
664.000000 766.333333
668.000000 770.000000
670.333333 772.333333
672.000000 774.000000
