878.666667 365.000000
884.000000 354.333333
890.666667 342.666667
897.666667 330.333333
906.333333 317.333333
916.000000 304.000000
927.000000 290.333333
938.666667 276.666667
951.000000 263.000000
964.000000 249.333333
977.000000 236.333333
990.333333 224.333333
1004.000000 213.000000
1018.000000 202.333333
1032.000000 192.333333
1046.666667 183.333333
1061.333333 175.666667
1076.666667 169.333333
1092.000000 164.333333
1107.333333 160.666667
1122.000000 158.333333
1136.333333 157.666667
1150.666667 158.333333
1164.333333 160.333333
1177.000000 163.666667
1189.333333 168.333333
1201.666667 174.000000
1213.666667 180.666667
1224.666667 188.000000
1234.666667 197.000000
1243.666667 207.000000
1251.666667 217.666667
1258.666667 228.666667
1264.666667 240.000000
1269.333333 252.000000
1272.666667 264.000000
1274.666667 276.333333
1275.333333 289.000000
1274.666667 302.333333
1272.666667 316.666667
1269.333333 332.000000
1265.333333 348.000000
1260.666667 364.333333
1255.666667 381.000000
1250.000000 397.666667
1244.000000 414.333333
1237.333333 430.666667
1230.000000 446.666667
1222.000000 462.666667
1213.666667 478.333333
1205.333333 493.666667
1196.333333 508.333333
1187.000000 523.000000
1176.666667 537.666667
1166.000000 552.000000
1154.333333 566.333333
1142.000000 580.666667
1129.000000 595.000000
1115.333333 609.000000
1101.000000 622.666667
1085.666667 636.000000
1070.000000 648.666667
1054.000000 660.666667
1038.000000 671.666667
1022.000000 682.333333
1006.333333 692.666667
991.333333 702.666667
977.333333 711.333333
964.000000 719.333333
951.666667 726.666667
940.333333 733.666667
930.666667 740.000000
922.666667 745.333333
916.666667 749.666667
912.333333 753.000000
909.666667 755.333333
908.000000 757.000000
906.666667 757.333333
905.666667 756.666667
905.000000 754.333333
905.000000 750.666667
