833.000000 294.000000
837.333333 282.000000
842.333333 270.000000
848.000000 257.666667
854.000000 245.333333
860.666667 233.000000
868.333333 221.666667
877.333333 210.666667
887.000000 199.666667
898.000000 188.333333
910.333333 177.333333
923.666667 167.666667
937.333333 159.000000
951.333333 151.333333
965.666667 144.666667
980.000000 139.333333
994.666667 135.666667
1013.000000 134.000000
1030.666667 134.666667
1047.000000 137.333333
1058.333333 141.666667
1068.666667 147.000000
1077.666667 153.666667
1085.666667 161.000000
1092.333333 168.666667
1098.000000 176.666667
1102.333333 185.333333
1105.333333 195.000000
1107.000000 205.333333
1107.333333 216.000000
1107.000000 227.666667
1105.333333 240.666667
1103.000000 254.666667
1099.333333 269.333333
1094.333333 284.666667
1088.000000 300.333333
1080.666667 316.666667
1073.000000 333.000000
1064.000000 350.000000
1054.000000 367.333333
1043.000000 384.666667
1032.000000 401.333333
1020.666667 417.333333
1008.666667 432.666667
996.666667 447.333333
985.000000 461.000000
973.666667 473.666667
962.000000 486.000000
950.666667 498.000000
940.333333 509.000000
931.333333 518.666667
923.666667 526.333333
917.666667 532.666667
913.000000 537.333333
909.666667 540.666667
907.333333 542.666667
906.000000 544.000000
