601.333333 545.333333
608.333333 527.666667
617.000000 509.666667
627.333333 491.666667
639.000000 474.000000
652.666667 456.666667
667.666667 439.333333
685.000000 421.666667
703.333333 404.333333
723.666667 387.333333
745.000000 371.333333
768.000000 356.333333
792.000000 342.333333
817.000000 329.666667
842.333333 318.666667
868.333333 310.000000
894.666667 303.666667
921.000000 299.666667
954.333333 298.666667
986.000000 301.000000
1015.333333 306.333333
1034.666667 313.666667
1052.333333 322.333333
1068.000000 332.666667
1081.666667 344.666667
1093.000000 358.333333
1102.333333 373.333333
1109.000000 389.666667
1113.000000 407.000000
1114.000000 425.333333
1112.000000 444.000000
1106.333333 463.000000
1096.666667 482.000000
1082.666667 501.000000
1065.000000 520.333333
1043.666667 539.666667
1020.333333 558.000000
995.666667 575.000000
