853.000000 176.000000
856.333333 172.666667
860.000000 169.333333
864.666667 165.666667
870.000000 162.333333
876.333333 159.000000
883.000000 156.333333
890.000000 153.666667
897.000000 151.333333
904.333333 149.000000
912.333333 147.000000
921.333333 145.333333
930.333333 143.666667
939.333333 142.333333
948.333333 141.000000
958.333333 140.000000
978.333333 140.000000
998.666667 141.000000
1018.666667 143.000000
1028.666667 145.000000
1038.333333 147.333333
1048.000000 150.333333
1057.666667 153.666667
1067.000000 157.333333
1075.666667 161.333333
1084.000000 165.666667
1091.666667 170.333333
1099.000000 175.000000
1106.333333 180.333333
1113.666667 186.000000
1121.000000 192.333333
1127.666667 199.000000
1134.000000 206.666667
1139.666667 214.666667
1144.666667 223.333333
1149.000000 232.000000
1152.666667 241.333333
1156.000000 251.000000
1158.666667 260.666667
1161.000000 270.333333
1163.000000 279.666667
1165.000000 289.333333
1166.666667 298.666667
1168.000000 308.333333
1169.000000 318.000000
1170.000000 328.000000
1170.666667 338.000000
1171.333333 347.666667
1171.666667 357.333333
1172.000000 366.333333
1172.000000 375.333333
1171.666667 384.000000
1171.333333 392.666667
1170.666667 401.333333
1170.000000 409.666667
1168.666667 418.333333
1167.333333 427.000000
1165.333333 436.000000
1163.333333 444.666667
1160.666667 453.333333
1158.000000 461.666667
1154.666667 469.666667
1151.000000 477.333333
1146.666667 484.666667
1141.666667 492.000000
1136.000000 499.333333
1129.666667 506.666667
1123.000000 514.000000
1116.000000 521.000000
1108.333333 528.333333
1100.000000 536.333333
1091.000000 544.666667
1082.000000 552.666667
1072.666667 560.333333
1063.000000 567.666667
1052.333333 575.333333
1041.666667 582.666667
1030.666667 590.000000
1019.333333 597.000000
1007.000000 604.000000
994.333333 611.000000
981.333333 617.666667
967.666667 624.000000
953.666667 630.000000
940.000000 635.666667
926.666667 641.333333
913.000000 647.000000
899.666667 652.666667
887.000000 658.000000
874.666667 663.000000
862.333333 667.666667
850.333333 672.000000
840.000000 675.666667
831.666667 678.666667
825.333333 681.000000
820.666667 682.666667
817.333333 684.000000
815.333333 684.333333
