1137.000000 281.000000
1139.000000 278.000000
1141.000000 274.666667
1143.000000 271.333333
1145.333333 267.666667
1147.666667 264.000000
1150.000000 260.000000
1152.000000 256.333333
1154.333333 252.666667
1157.666667 246.666667
1161.333333 239.666667
1165.000000 232.000000
1167.666667 225.666667
1170.000000 219.333333
1172.000000 212.666667
1174.000000 206.333333
1175.666667 199.333333
1177.333333 192.333333
1178.666667 184.666667
1180.000000 177.000000
1180.666667 169.333333
1181.000000 162.000000
1181.000000 155.333333
1180.666667 148.666667
1180.000000 142.333333
1179.000000 135.666667
1177.333333 129.333333
1175.333333 122.666667
1172.666667 116.666667
1170.000000 110.666667
1166.666667 104.666667
1163.000000 98.000000
1159.000000 91.000000
1154.666667 84.000000
1149.666667 77.000000
1143.666667 70.333333
1137.000000 64.000000
1129.666667 58.333333
1122.333333 53.000000
1114.666667 48.000000
1106.666667 43.333333
1098.333333 39.000000
1089.666667 34.666667
1081.666667 30.333333
1073.666667 26.000000
1066.000000 22.000000
1058.000000 18.333333
1050.333333 15.000000
1042.666667 12.000000
1035.333333 9.333333
1028.000000 7.000000
1020.666667 5.333333
1013.000000 4.000000
1005.000000 3.000000
996.666667 2.000000
988.333333 1.666667
979.666667 2.333333
971.000000 4.333333
962.000000 6.666667
953.000000 9.333333
944.333333 12.333333
936.000000 15.666667
928.000000 19.666667
920.333333 23.666667
913.000000 28.333333
906.000000 33.000000
898.666667 38.333333
891.333333 43.666667
884.333333 49.666667
877.333333 56.333333
870.666667 64.000000
863.666667 72.000000
857.000000 80.333333
850.000000 89.000000
843.333333 98.000000
836.666667 107.000000
830.666667 115.666667
824.666667 123.666667
819.333333 131.000000
814.000000 138.000000
808.666667 145.000000
803.333333 151.666667
797.666667 158.333333
792.333333 164.666667
787.000000 171.000000
782.000000 177.333333
777.000000 184.000000
772.333333 191.000000
767.666667 198.000000
763.333333 205.000000
759.000000 212.333333
755.000000 220.000000
751.000000 227.666667
747.333333 235.666667
743.666667 244.333333
740.333333 254.000000
737.333333 264.333333
735.000000 275.333333
733.333333 287.000000
732.333333 299.333333
732.000000 312.333333
732.333333 326.000000
733.333333 340.000000
735.000000 353.666667
737.333333 367.000000
740.333333 380.333333
744.000000 393.666667
748.000000 407.333333
752.000000 421.000000
756.000000 435.333333
760.000000 449.333333
764.333333 463.333333
768.666667 477.333333
772.666667 491.333333
776.000000 505.000000
779.000000 517.666667
781.666667 530.333333
784.000000 542.333333
786.000000 554.000000
787.666667 564.000000
789.000000 572.000000
789.666667 578.000000
790.333333 582.000000
790.666667 585.333333
791.000000 587.333333
790.666667 589.000000
790.333333 590.000000
790.000000 591.000000
