950.333333 337.666667
953.000000 332.666667
956.000000 326.666667
959.333333 320.000000
963.333333 312.666667
968.333333 304.666667
974.333333 295.333333
981.333333 285.000000
988.666667 274.000000
996.666667 262.666667
1005.666667 250.666667
1015.666667 238.333333
1026.333333 225.666667
1037.000000 213.000000
1048.666667 200.333333
1060.666667 188.000000
1073.000000 176.333333
1085.000000 165.333333
1097.666667 155.333333
1111.000000 146.333333
1124.333333 138.666667
1137.666667 132.333333
1151.333333 127.333333
1165.333333 123.666667
1184.333333 122.333333
1203.000000 123.333333
1221.333333 126.666667
1234.333333 131.000000
1247.000000 136.666667
1259.666667 144.000000
1271.000000 153.000000
1281.333333 163.666667
1290.666667 176.000000
1299.333333 190.333333
1306.666667 206.333333
1312.333333 223.333333
1316.666667 240.666667
1319.000000 258.333333
1319.666667 276.000000
1318.333333 293.333333
1315.666667 310.666667
1311.666667 328.333333
1307.000000 346.333333
1301.000000 364.333333
1294.000000 382.000000
1285.333333 400.333333
1276.333333 419.000000
1266.333333 438.000000
1255.333333 457.333333
1242.666667 477.000000
1229.000000 497.666667
1214.000000 518.666667
1197.666667 540.333333
1179.000000 561.666667
1158.666667 583.333333
1136.000000 605.000000
1112.000000 626.666667
1086.666667 648.000000
1060.666667 668.666667
1034.666667 688.333333
1009.000000 707.333333
984.666667 725.000000
962.333333 741.333333
942.333333 755.666667
925.000000 768.333333
910.000000 779.333333
897.666667 788.333333
888.000000 795.333333
880.666667 800.333333
875.666667 803.333333
872.333333 805.000000
870.666667 805.333333
