891.666667 740.000000
898.000000 738.333333
904.666667 736.666667
912.000000 735.000000
920.333333 733.000000
928.666667 731.000000
936.666667 728.666667
944.333333 726.000000
952.000000 722.666667
960.333333 719.000000
969.333333 714.666667
978.333333 709.666667
987.000000 704.000000
995.000000 698.000000
1003.333333 691.666667
1011.666667 684.666667
1020.000000 677.333333
1028.000000 669.333333
1035.666667 661.333333
1042.666667 652.666667
1049.333333 644.000000
1055.666667 634.666667
1062.000000 624.666667
1068.000000 614.333333
1073.666667 604.000000
1079.333333 593.333333
1084.666667 582.333333
1089.666667 571.000000
1094.000000 559.666667
1098.000000 548.000000
1101.666667 535.666667
1104.666667 523.000000
1107.333333 510.000000
1109.666667 496.666667
1111.666667 483.666667
1113.000000 470.666667
1113.666667 458.333333
1113.666667 445.333333
1113.000000 432.333333
1112.000000 419.333333
1110.666667 406.666667
1108.666667 393.666667
1106.000000 380.666667
1102.666667 368.000000
1098.666667 355.666667
1094.000000 343.000000
1088.666667 330.666667
1083.000000 318.666667
1077.000000 306.666667
1070.666667 294.333333
1064.333333 282.333333
1058.000000 271.666667
1051.333333 262.000000
1044.000000 253.000000
1036.000000 244.333333
1028.000000 236.666667
1020.000000 229.666667
1011.666667 223.333333
1002.666667 217.333333
993.333333 212.333333
984.000000 208.333333
975.333333 205.000000
966.000000 202.333333
956.000000 200.333333
945.333333 199.000000
935.333333 198.000000
911.000000 197.000000
887.000000 195.333333
866.000000 193.000000
