688.000000 346.666667
687.666667 343.666667
687.000000 340.333333
686.333333 337.000000
685.666667 333.666667
685.333333 330.333333
684.666667 326.666667
684.000000 323.333333
683.333333 320.000000
683.000000 316.666667
682.666667 313.666667
682.333333 310.666667
681.666667 307.666667
681.000000 304.666667
680.333333 301.666667
679.666667 299.000000
679.333333 296.000000
678.666667 293.000000
678.333333 290.000000
677.666667 287.333333
677.333333 285.000000
677.000000 282.666667
676.666667 280.333333
676.000000 277.666667
675.333333 275.333333
674.666667 272.666667
674.000000 270.000000
672.666667 266.666667
671.333333 263.333333
669.666667 260.000000
668.000000 256.666667
665.666667 253.000000
663.000000 249.333333
660.000000 245.666667
657.000000 242.000000
654.000000 238.333333
650.666667 234.666667
647.000000 231.000000
643.000000 227.000000
639.000000 222.666667
635.000000 218.333333
630.666667 213.666667
626.000000 209.333333
620.333333 204.666667
614.333333 200.666667
608.000000 197.000000
602.000000 194.000000
596.333333 191.666667
591.000000 189.666667
584.000000 188.000000
576.333333 186.333333
565.666667 185.000000
553.666667 184.666667
541.333333 185.000000
531.000000 186.000000
522.666667 187.000000
515.000000 188.000000
507.333333 189.333333
500.666667 191.000000
494.000000 193.000000
488.000000 195.000000
482.333333 197.000000
476.666667 198.666667
471.333333 200.333333
466.000000 202.000000
461.000000 204.000000
456.000000 206.000000
451.333333 208.000000
447.333333 210.000000
443.666667 212.000000
440.333333 213.666667
437.000000 215.666667
434.000000 217.666667
431.000000 220.000000
428.333333 222.000000
425.666667 224.333333
423.000000 227.000000
420.000000 230.333333
417.000000 233.666667
414.000000 237.666667
411.000000 242.000000
408.333333 247.000000
406.000000 252.000000
403.666667 257.333333
401.666667 263.000000
399.666667 269.000000
398.000000 274.666667
396.000000 280.333333
394.333333 286.000000
392.666667 292.000000
391.333333 297.666667
390.000000 303.333333
389.000000 308.666667
388.333333 314.333333
387.666667 319.666667
387.000000 325.000000
386.333333 330.000000
386.000000 334.666667
386.333333 339.333333
386.666667 344.000000
387.333333 349.333333
388.000000 354.666667
389.000000 360.000000
390.333333 365.333333
392.000000 370.666667
394.000000 376.333333
396.333333 381.666667
399.333333 387.333333
403.000000 392.666667
407.000000 398.333333
411.333333 404.000000
415.666667 410.333333
420.333333 416.666667
425.000000 423.000000
430.000000 429.000000
435.000000 435.333333
440.333333 442.000000
446.000000 448.666667
452.333333 455.333333
459.000000 461.666667
465.666667 468.333333
472.333333 475.000000
479.000000 482.000000
486.666667 489.333333
494.666667 497.333333
503.000000 506.000000
511.333333 515.000000
519.666667 524.666667
528.333333 535.333333
537.000000 546.666667
545.666667 558.000000
554.333333 569.333333
562.333333 581.000000
570.333333 592.666667
578.000000 604.000000
586.000000 615.000000
594.000000 626.000000
602.000000 636.666667
610.000000 647.666667
618.000000 658.666667
626.333333 670.333333
635.333333 682.333333
644.666667 694.666667
653.666667 707.666667
662.000000 721.000000
669.333333 735.000000
676.333333 748.666667
682.333333 762.000000
687.666667 774.333333
691.666667 785.666667
694.666667 795.333333
696.666667 803.666667
698.000000 810.333333
698.666667 815.333333
699.000000 819.000000
699.333333 821.333333
699.666667 823.000000
700.000000 824.000000
700.000000 825.000000
