745.333333 299.333333
751.000000 290.666667
757.333333 281.000000
764.333333 271.000000
772.333333 260.666667
781.000000 250.000000
790.000000 239.000000
799.333333 228.000000
809.333333 217.000000
819.666667 206.000000
830.333333 195.000000
840.666667 184.333333
851.000000 174.333333
861.333333 165.000000
872.000000 156.333333
882.666667 148.666667
893.333333 141.666667
904.000000 135.666667
915.333333 130.333333
926.666667 126.333333
938.000000 123.666667
952.666667 123.000000
967.333333 124.000000
981.666667 126.666667
991.666667 130.000000
1001.666667 134.333333
1011.666667 139.666667
1021.666667 146.000000
1030.666667 153.000000
1039.000000 160.666667
1046.666667 169.000000
1054.333333 178.666667
1061.333333 189.000000
1068.000000 200.666667
1073.333333 213.666667
1078.333333 228.000000
1082.333333 243.666667
1085.666667 259.666667
1088.000000 276.333333
1089.666667 292.666667
1090.666667 309.666667
1090.333333 326.333333
1089.000000 343.000000
1086.666667 359.000000
1083.333333 375.000000
1079.000000 391.666667
1073.666667 409.000000
1068.000000 426.666667
1061.666667 444.666667
1055.000000 463.000000
1047.333333 482.000000
1039.000000 501.333333
1030.333333 521.000000
1021.666667 540.666667
1012.333333 560.000000
1002.333333 578.666667
991.333333 597.333333
980.333333 615.666667
968.666667 634.000000
956.666667 652.000000
944.333333 670.000000
932.000000 687.000000
919.666667 703.333333
907.333333 718.333333
895.333333 732.666667
884.666667 745.666667
875.000000 757.000000
866.333333 766.666667
858.333333 774.666667
851.333333 781.666667
845.000000 787.666667
840.000000 792.333333
836.000000 795.333333
833.333333 797.000000
831.333333 798.000000
829.666667 797.666667
