829.000000 381.000000
829.000000 377.333333
829.000000 373.333333
829.333333 369.333333
829.666667 364.666667
830.333333 360.333333
831.000000 355.666667
832.333333 351.000000
834.333333 346.000000
837.000000 340.666667
840.333333 334.666667
844.000000 327.666667
848.333333 320.000000
853.000000 312.333333
858.000000 304.333333
863.666667 295.666667
870.333333 286.000000
878.000000 276.000000
886.333333 266.000000
895.000000 256.000000
904.666667 246.000000
915.333333 235.666667
926.666667 225.666667
938.333333 215.666667
950.333333 206.333333
963.000000 197.333333
976.000000 189.000000
988.666667 181.000000
1002.000000 173.333333
1015.000000 166.333333
1028.333333 160.333333
1040.666667 155.666667
1053.333333 152.333333
1065.666667 150.333333
1077.666667 149.000000
1092.666667 148.666667
1107.333333 149.333333
1121.333333 151.333333
1130.666667 154.000000
1138.666667 157.333333
1146.000000 161.333333
1153.000000 166.333333
1159.666667 172.333333
1166.333333 179.333333
1172.666667 187.666667
1178.666667 197.333333
1183.666667 208.000000
1187.666667 219.333333
1191.000000 231.333333
1193.666667 244.000000
1195.666667 257.000000
1196.666667 270.000000
1196.666667 283.000000
1196.333333 296.333333
1195.333333 309.666667
1194.000000 323.333333
1191.666667 337.000000
1189.000000 350.666667
1185.666667 363.666667
1182.000000 376.333333
1178.000000 389.333333
1173.666667 402.666667
1169.000000 416.000000
1164.333333 429.333333
1159.666667 442.333333
1155.000000 455.000000
1150.000000 466.666667
1144.666667 478.333333
1139.000000 489.666667
1132.666667 500.666667
1126.333333 510.666667
1120.000000 520.000000
1114.000000 529.333333
1107.666667 538.666667
1101.000000 548.333333
1094.000000 557.333333
1086.666667 566.000000
1079.666667 574.000000
1072.666667 582.333333
1066.333333 591.000000
1060.333333 599.666667
1055.000000 608.000000
1050.000000 615.666667
1044.666667 623.333333
1039.333333 630.666667
1033.666667 638.000000
1028.000000 645.000000
1022.333333 652.000000
1017.000000 658.666667
1011.666667 665.333333
1005.333333 671.666667
998.333333 678.333333
990.666667 685.000000
983.000000 692.000000
974.666667 699.000000
966.333333 705.666667
957.333333 712.333333
948.333333 718.666667
939.000000 724.666667
930.666667 730.333333
923.000000 735.666667
916.333333 741.000000
910.000000 745.666667
904.333333 750.000000
899.000000 753.666667
894.333333 757.000000
890.000000 759.666667
886.333333 761.666667
883.333333 763.000000
881.333333 764.000000
