871.000000 176.000000
888.333333 183.000000
906.666667 189.666667
926.333333 196.333333
946.333333 202.666667
967.000000 209.000000
988.333333 214.666667
1009.666667 220.000000
1031.000000 225.000000
1052.333333 229.666667
1074.000000 234.000000
1096.000000 237.666667
1118.000000 241.000000
1139.666667 244.000000
1160.666667 247.000000
1181.333333 250.000000
1201.333333 253.000000
1220.666667 256.000000
1239.000000 259.000000
1256.000000 262.000000
1271.666667 265.000000
1286.000000 267.666667
1299.000000 270.333333
1311.000000 272.666667
1320.666667 275.000000
1329.000000 276.666667
1335.000000 278.000000
1340.000000 279.000000
1344.333333 280.000000
