425.000000 420.000000
420.333333 417.333333
415.000000 414.666667
410.333333 412.333333
405.666667 409.666667
401.666667 407.000000
397.666667 403.666667
394.000000 400.333333
390.000000 397.000000
386.000000 393.666667
382.333333 390.333333
378.333333 387.000000
374.333333 384.000000
369.666667 381.000000
365.000000 378.333333
360.333333 375.666667
355.666667 373.333333
351.333333 371.000000
346.666667 369.000000
342.333333 367.000000
337.333333 365.000000
332.000000 363.000000
325.666667 361.333333
319.333333 360.000000
312.333333 359.000000
303.000000 358.666667
293.333333 359.000000
283.333333 360.333333
275.666667 362.000000
267.666667 364.333333
260.333333 367.000000
253.000000 370.333333
246.000000 373.666667
239.000000 377.333333
232.000000 381.000000
225.333333 385.000000
219.000000 389.000000
213.333333 392.666667
208.000000 396.333333
203.000000 399.666667
198.333333 403.333333
194.333333 407.000000
190.666667 410.666667
187.333333 414.333333
184.000000 417.666667
181.333333 421.333333
178.666667 425.000000
176.333333 429.000000
173.666667 433.333333
171.333333 437.666667
168.666667 442.333333
166.000000 448.333333
163.333333 454.666667
161.333333 460.666667
160.333333 465.333333
160.000000 469.666667
160.333333 474.333333
161.000000 479.000000
162.333333 484.000000
164.000000 489.000000
166.333333 494.000000
169.000000 499.000000
172.333333 504.333333
175.666667 509.666667
179.000000 514.666667
182.333333 519.666667
186.000000 524.666667
190.000000 530.000000
194.333333 534.666667
199.000000 539.333333
204.000000 544.000000
209.666667 549.000000
215.666667 554.000000
222.000000 558.666667
228.333333 563.000000
235.000000 567.000000
242.333333 571.000000
250.000000 575.000000
258.000000 579.333333
266.666667 584.000000
275.666667 589.000000
285.666667 594.666667
295.666667 600.666667
306.000000 607.000000
316.333333 613.000000
327.000000 618.666667
338.666667 624.333333
350.333333 630.000000
363.000000 636.000000
376.000000 642.000000
389.666667 648.333333
403.666667 654.666667
418.000000 661.333333
433.000000 667.666667
448.333333 674.000000
463.666667 680.333333
479.333333 687.000000
494.666667 694.000000
510.000000 701.000000
525.333333 708.000000
540.333333 714.666667
555.333333 721.000000
570.000000 727.000000
584.666667 732.666667
598.666667 738.000000
612.333333 742.666667
625.666667 746.666667
638.333333 749.666667
649.666667 752.000000
660.333333 753.666667
673.666667 755.000000
687.666667 756.000000
699.333333 757.000000
705.666667 758.333333
708.666667 760.000000
711.333333 762.666667
713.333333 765.333333
715.000000 768.000000
715.666667 770.000000
716.000000 771.666667
716.333333 773.000000
716.666667 774.000000
717.000000 775.000000
717.000000 775.333333
716.666667 775.000000
716.333333 774.000000
