865.000000 391.000000
865.333333 389.333333
865.666667 387.666667
866.000000 386.000000
866.333333 384.000000
866.666667 382.000000
867.000000 379.666667
867.000000 377.666667
867.333333 375.333333
867.666667 373.000000
868.000000 370.333333
868.333333 367.333333
868.666667 364.333333
869.000000 360.666667
869.000000 357.333333
869.000000 353.666667
869.000000 350.000000
869.000000 346.000000
869.000000 342.000000
869.000000 337.666667
869.333333 332.666667
870.000000 327.000000
871.000000 321.000000
872.000000 315.000000
873.333333 309.000000
875.333333 302.666667
878.000000 296.000000
881.666667 288.666667
885.666667 280.666667
890.333333 272.333333
894.666667 264.333333
899.666667 256.666667
904.666667 248.666667
910.333333 240.000000
916.333333 231.333333
922.666667 223.000000
929.666667 215.000000
936.666667 207.333333
944.000000 200.000000
951.333333 192.666667
959.333333 185.000000
968.333333 177.000000
977.666667 169.333333
986.666667 162.333333
995.000000 156.333333
1003.666667 150.666667
1012.666667 145.333333
1022.000000 140.000000
1031.000000 134.666667
1040.000000 129.333333
1049.333333 124.000000
1059.333333 119.333333
1069.333333 115.333333
1079.000000 112.000000
1087.666667 109.666667
1096.333333 108.000000
1108.666667 107.666667
1121.000000 108.333333
1133.000000 110.333333
1140.666667 113.333333
1148.333333 117.333333
1156.000000 122.333333
1164.000000 127.666667
1171.666667 133.333333
1181.000000 141.666667
1189.666667 151.000000
1198.000000 161.000000
1203.666667 169.666667
1209.000000 178.666667
1214.333333 188.000000
1219.333333 197.666667
1224.000000 207.666667
1228.000000 218.000000
1231.666667 228.000000
1235.000000 238.333333
1237.333333 249.000000
1239.000000 259.666667
1240.000000 270.000000
1240.666667 280.333333
1241.000000 291.333333
1240.666667 302.666667
1239.666667 314.333333
1238.000000 325.666667
1235.666667 337.666667
1232.666667 349.666667
1229.000000 362.000000
1224.666667 373.666667
1220.000000 385.666667
1215.000000 398.000000
1210.000000 410.666667
1205.000000 423.333333
1199.333333 436.000000
1193.000000 448.666667
1185.666667 461.333333
1177.666667 474.000000
1169.000000 487.333333
1159.666667 500.333333
1149.666667 513.333333
1139.000000 526.333333
1127.666667 540.000000
1115.666667 553.333333
1102.666667 566.333333
1089.333333 579.333333
1075.333333 592.666667
1061.333333 606.000000
1047.000000 619.333333
1033.333333 633.000000
1020.333333 646.666667
1007.666667 660.000000
995.333333 673.333333
983.666667 686.333333
973.666667 698.666667
964.333333 710.000000
955.666667 720.666667
947.000000 731.000000
939.000000 740.666667
931.333333 749.333333
924.666667 756.666667
919.333333 762.333333
915.333333 766.666667
912.333333 769.666667
910.333333 771.666667
909.000000 773.000000
908.333333 774.000000
907.666667 774.333333
907.333333 774.000000
907.000000 772.333333
