998.000000 350.333333
999.000000 373.666667
999.666667 396.666667
1000.333333 419.000000
1000.666667 440.000000
1001.000000 460.000000
1001.000000 478.666667
1001.000000 496.000000
1000.666667 512.000000
1000.333333 527.000000
1000.000000 541.000000
1000.000000 554.000000
1000.000000 565.000000
1000.000000 575.333333
1000.000000 584.333333
1000.000000 592.666667
1000.000000 599.333333
1000.000000 605.000000
1000.000000 609.333333
1000.000000 612.666667
1000.000000 614.666667
1000.000000 616.000000
999.666667 616.333333
999.000000 616.000000
998.000000 615.000000
997.000000 614.000000
996.333333 613.000000
