622.000000 139.000000
599.333333 140.000000
578.666667 141.333333
568.666667 143.000000
561.333333 145.333333
554.000000 148.000000
547.000000 151.333333
540.000000 155.000000
533.333333 159.333333
526.333333 164.000000
519.333333 168.666667
511.666667 173.333333
504.333333 178.000000
497.000000 182.666667
489.666667 187.333333
482.333333 191.666667
474.333333 196.333333
466.333333 201.000000
458.333333 206.000000
451.333333 211.333333
445.000000 217.000000
439.000000 222.666667
433.333333 228.666667
427.666667 235.000000
422.333333 242.000000
417.333333 248.666667
412.666667 255.333333
408.333333 262.000000
404.000000 269.333333
400.333333 276.666667
396.666667 284.333333
393.666667 292.000000
391.000000 300.000000
388.666667 308.333333
386.666667 316.333333
385.000000 324.333333
384.000000 331.666667
383.333333 339.333333
383.000000 347.333333
383.333333 355.666667
384.000000 364.333333
385.333333 372.666667
387.000000 381.666667
389.000000 390.666667
391.333333 400.333333
394.000000 410.333333
397.333333 421.000000
400.666667 432.666667
404.333333 444.666667
407.666667 457.000000
410.666667 469.333333
413.333333 481.666667
415.333333 494.000000
417.333333 505.666667
419.000000 516.666667
420.666667 527.333333
422.333333 537.666667
423.666667 547.666667
425.666667 557.333333
427.333333 566.666667
429.666667 576.000000
431.666667 585.333333
434.333333 594.666667
437.000000 603.666667
439.666667 612.333333
442.666667 621.000000
445.666667 630.000000
449.000000 638.666667
452.333333 646.666667
455.666667 654.333333
459.333333 661.666667
463.000000 669.000000
467.000000 675.666667
471.333333 682.333333
475.666667 688.666667
480.333333 695.000000
485.000000 701.000000
490.000000 707.000000
495.333333 712.666667
500.666667 718.000000
506.333333 723.000000
512.000000 728.000000
518.000000 732.666667
524.000000 737.333333
530.333333 741.666667
537.000000 746.000000
544.333333 749.666667
552.000000 753.000000
560.000000 755.666667
568.000000 758.000000
576.000000 759.666667
584.333333 761.000000
607.333333 761.333333
633.000000 761.000000
