811.666667 360.000000
812.333333 353.333333
813.000000 346.000000
814.333333 338.333333
815.666667 329.666667
817.333333 321.333333
819.000000 312.666667
821.333333 304.000000
824.333333 295.000000
828.000000 286.000000
832.000000 277.333333
836.333333 269.333333
841.000000 261.666667
846.000000 254.333333
851.000000 247.000000
856.000000 239.666667
861.333333 232.333333
867.000000 225.000000
873.666667 218.333333
880.666667 212.333333
888.000000 207.000000
894.666667 202.333333
901.333333 198.000000
908.333333 194.000000
916.333333 190.333333
924.666667 187.000000
933.000000 184.000000
941.000000 181.000000
949.000000 178.000000
957.666667 175.000000
967.000000 172.000000
976.666667 169.666667
986.000000 167.666667
995.000000 166.333333
1013.333333 166.000000
1031.666667 167.000000
1050.333333 169.000000
1059.666667 171.333333
1069.000000 174.333333
1078.000000 178.000000
1086.333333 182.000000
1094.666667 186.000000
1102.666667 190.333333
1111.333333 195.333333
1119.333333 201.000000
1127.000000 207.000000
1134.000000 213.333333
1140.333333 220.000000
1146.000000 227.000000
1150.666667 234.333333
1155.000000 242.333333
1158.666667 251.000000
1162.000000 260.000000
1164.666667 269.000000
1167.000000 277.666667
1169.000000 286.333333
1171.000000 295.333333
1172.666667 304.666667
1173.666667 314.000000
1174.000000 323.000000
1174.000000 332.333333
1174.000000 342.000000
1173.333333 352.000000
1172.333333 361.333333
1170.666667 370.333333
1169.000000 379.000000
1167.000000 388.000000
1164.666667 397.000000
1162.000000 406.000000
1159.000000 414.666667
1156.000000 422.666667
1152.666667 430.333333
1148.666667 438.333333
1143.666667 447.000000
1138.000000 455.666667
1132.000000 464.000000
1125.666667 472.000000
1119.333333 480.333333
1113.000000 489.000000
1107.000000 497.666667
1100.666667 506.333333
1094.000000 514.666667
1086.666667 523.000000
1079.333333 531.333333
1071.666667 540.000000
1064.000000 549.000000
1055.666667 557.666667
1047.000000 566.000000
1038.333333 574.333333
1029.666667 583.333333
1021.333333 592.666667
1013.333333 602.333333
1005.333333 611.333333
997.333333 620.666667
988.666667 630.000000
980.333333 640.333333
972.333333 650.666667
964.333333 661.000000
955.666667 671.333333
946.333333 682.333333
937.000000 693.666667
928.000000 704.333333
918.666667 714.333333
908.666667 724.333333
898.333333 735.000000
888.333333 745.666667
879.000000 755.666667
869.666667 765.000000
860.000000 774.000000
851.000000 782.000000
843.666667 788.666667
838.333333 793.666667
834.333333 797.666667
831.333333 800.333333
829.333333 802.333333
828.000000 803.666667
827.333333 804.333333
826.666667 803.666667
