852.333333 338.666667
854.000000 333.666667
856.000000 327.666667
858.333333 320.666667
861.333333 313.333333
865.000000 305.333333
870.000000 296.666667
876.000000 286.666667
883.000000 276.333333
890.666667 265.333333
899.000000 254.000000
908.666667 241.666667
919.000000 229.666667
930.333333 217.333333
942.000000 205.000000
954.333333 192.333333
966.666667 180.666667
979.000000 170.000000
991.000000 160.333333
1003.333333 151.000000
1015.666667 142.333333
1027.666667 134.333333
1039.000000 127.000000
1050.333333 120.333333
1061.666667 114.666667
1072.666667 110.000000
1083.000000 106.333333
1093.333333 103.000000
1103.666667 100.333333
1114.333333 98.333333
1130.666667 98.000000
1147.000000 99.000000
1162.666667 101.666667
1171.666667 105.000000
1180.000000 109.333333
1187.666667 114.000000
1194.666667 119.333333
1201.000000 125.333333
1207.000000 132.000000
1212.666667 139.333333
1217.666667 147.333333
1222.000000 156.333333
1225.333333 166.000000
1227.666667 176.333333
1228.666667 187.333333
1228.666667 199.333333
1228.000000 211.666667
1226.333333 224.666667
1224.000000 238.000000
1221.000000 251.666667
1217.666667 265.333333
1214.333333 279.000000
1211.000000 293.000000
1207.666667 307.333333
1203.666667 322.000000
1199.000000 337.333333
1193.333333 352.666667
1186.333333 368.333333
1178.333333 384.000000
1170.333333 400.000000
1162.333333 416.000000
1153.666667 432.333333
1143.666667 448.000000
1133.333333 463.000000
1123.000000 477.333333
1113.000000 491.666667
1102.333333 506.000000
1091.000000 520.333333
1079.000000 535.000000
1066.666667 549.666667
1053.333333 564.333333
1039.333333 579.333333
1024.333333 594.666667
1009.333333 610.000000
994.000000 625.000000
978.000000 640.333333
961.666667 655.000000
945.666667 668.666667
931.000000 681.000000
916.666667 692.666667
903.000000 703.000000
891.000000 711.666667
881.666667 718.333333
874.666667 723.333333
869.333333 726.666667
865.666667 728.666667
863.333333 730.000000
862.000000 730.333333
862.000000 728.333333
