816.000000 310.666667
822.666667 300.000000
831.000000 288.000000
840.333333 275.000000
851.000000 261.666667
863.333333 247.666667
876.666667 233.333333
891.333333 218.666667
906.666667 204.333333
922.333333 190.333333
937.666667 177.333333
952.666667 165.333333
967.666667 154.666667
981.666667 145.333333
995.000000 138.000000
1007.666667 132.666667
1019.666667 129.666667
1030.666667 128.666667
1041.000000 129.666667
1051.000000 132.333333
1061.000000 137.000000
1070.333333 143.333333
1079.000000 152.000000
1086.666667 162.000000
1093.333333 173.666667
1098.666667 186.333333
1102.666667 200.333333
1105.666667 215.333333
1107.666667 231.333333
1108.666667 248.000000
1109.000000 265.333333
1108.666667 283.000000
1107.666667 301.333333
1106.000000 320.333333
1103.666667 339.333333
1100.666667 358.666667
1096.666667 377.666667
1092.000000 397.000000
1086.333333 416.666667
1080.000000 436.333333
1072.666667 456.333333
1065.000000 475.666667
1056.000000 495.000000
1046.000000 514.000000
1035.000000 532.000000
1023.333333 549.000000
1010.666667 564.333333
996.666667 578.666667
981.333333 591.666667
965.000000 603.000000
948.000000 612.666667
930.333333 620.333333
912.666667 626.666667
895.333333 631.666667
879.333333 636.000000
864.666667 639.333333
852.000000 642.000000
841.666667 643.666667
