576.333333 311.666667
603.000000 309.000000
631.000000 306.000000
661.000000 303.000000
692.666667 300.000000
726.333333 297.000000
761.333333 293.666667
797.666667 290.000000
835.333333 286.000000
874.333333 282.000000
914.000000 278.333333
954.000000 275.000000
993.666667 272.000000
1033.000000 269.333333
1072.333333 266.666667
1112.000000 264.666667
1151.333333 262.666667
1189.666667 261.333333
1227.000000 260.000000
1263.333333 259.000000
1298.333333 258.000000
1364.000000 257.000000
1424.333333 256.000000
1478.666667 255.000000
1498.000000 254.000000
1513.666667 253.000000
