695.000000 569.000000
722.000000 568.000000
769.000000 567.666667
826.666667 568.333333
885.333333 570.000000
925.000000 571.666667
955.000000 573.333333
985.000000 575.000000
1015.000000 577.000000
1045.000000 579.000000
1074.666667 581.000000
1104.333333 583.000000
1133.333333 585.000000
1162.000000 587.333333
1189.666667 590.000000
1217.000000 592.666667
1243.333333 595.333333
1269.000000 597.666667
1293.000000 600.333333
1316.000000 602.666667
1337.333333 605.333333
1357.333333 607.666667
1375.666667 610.000000
1392.333333 612.000000
1407.333333 614.000000
1424.333333 616.333333
1439.333333 618.333333
1452.666667 620.000000
