591.000000 341.000000
591.000000 339.333333
591.000000 337.666667
591.000000 336.000000
591.000000 334.000000
591.000000 332.000000
591.000000 330.000000
591.000000 327.666667
591.000000 325.000000
591.000000 322.333333
591.000000 319.666667
590.666667 316.666667
590.333333 313.666667
590.000000 310.666667
590.000000 308.000000
590.000000 305.000000
590.000000 302.000000
589.666667 298.666667
589.333333 295.333333
588.666667 291.666667
588.000000 288.000000
587.000000 284.000000
585.666667 280.000000
584.000000 275.666667
582.333333 271.000000
580.666667 266.000000
579.000000 261.333333
577.000000 257.000000
575.333333 253.000000
573.666667 249.000000
571.666667 245.000000
569.333333 241.000000
567.000000 237.333333
565.000000 233.666667
563.000000 230.333333
560.666667 226.666667
558.000000 223.000000
554.666667 219.000000
551.333333 215.000000
548.000000 211.000000
545.000000 207.000000
542.000000 203.000000
539.000000 199.333333
536.000000 195.666667
533.000000 192.666667
529.666667 189.666667
526.000000 187.000000
522.000000 184.333333
518.000000 182.000000
514.000000 180.333333
508.666667 179.000000
503.000000 178.666667
496.000000 179.000000
490.333333 180.000000
485.000000 181.000000
480.666667 182.000000
476.000000 183.000000
471.333333 184.000000
466.666667 185.333333
462.000000 186.666667
457.000000 188.000000
452.333333 189.000000
447.666667 190.000000
443.333333 191.000000
439.000000 192.333333
434.666667 194.000000
430.333333 196.000000
426.000000 198.000000
421.666667 200.333333
417.333333 203.000000
413.000000 206.000000
409.000000 209.333333
405.000000 213.000000
401.000000 217.333333
397.333333 222.000000
394.000000 227.000000
391.000000 232.000000
388.000000 237.333333
385.000000 243.000000
382.000000 248.666667
379.000000 254.333333
376.000000 259.666667
373.000000 265.333333
370.000000 271.000000
367.000000 277.000000
363.666667 283.333333
360.000000 290.333333
356.333333 298.000000
352.666667 306.333333
349.333333 315.333333
346.000000 325.000000
343.000000 335.000000
340.000000 345.333333
337.333333 355.666667
334.666667 365.666667
332.333333 374.666667
330.333333 383.333333
328.666667 391.333333
327.000000 399.000000
325.333333 405.333333
324.000000 411.000000
323.000000 416.000000
322.000000 420.666667
321.333333 425.000000
320.666667 429.000000
320.333333 432.666667
320.000000 436.333333
320.000000 439.666667
320.333333 443.333333
321.000000 447.000000
322.000000 451.333333
323.333333 456.000000
325.000000 460.666667
327.333333 465.333333
330.000000 470.333333
333.333333 475.666667
337.333333 481.000000
342.333333 486.333333
348.666667 492.000000
355.666667 498.000000
362.666667 504.000000
369.333333 510.000000
375.666667 516.000000
382.333333 522.000000
388.666667 528.000000
395.333333 534.333333
402.000000 541.000000
409.000000 548.000000
415.666667 555.333333
422.000000 563.000000
428.000000 571.333333
434.000000 580.000000
440.000000 589.000000
446.000000 598.000000
451.666667 606.666667
457.000000 615.000000
462.000000 623.000000
467.000000 631.000000
472.000000 638.666667
477.000000 646.333333
482.000000 653.666667
487.333333 661.333333
493.000000 668.666667
499.000000 676.333333
505.333333 683.666667
511.666667 691.333333
518.000000 699.000000
524.000000 706.666667
530.000000 714.333333
536.333333 721.666667
543.000000 729.333333
549.666667 736.666667
556.333333 744.000000
562.666667 751.000000
568.333333 757.333333
574.333333 764.333333
579.666667 770.333333
584.666667 775.666667
589.000000 779.333333
593.333333 782.666667
596.666667 785.333333
599.333333 787.000000
