392.333333 430.000000
415.000000 409.000000
438.666667 389.000000
462.333333 370.666667
486.666667 354.666667
510.666667 340.666667
534.666667 329.000000
558.000000 319.666667
580.333333 313.333333
607.666667 311.000000
632.000000 313.000000
653.333333 319.333333
665.666667 330.000000
676.000000 344.666667
684.000000 363.000000
689.333333 384.666667
691.666667 409.000000
692.000000 436.000000
690.666667 464.333333
688.666667 494.000000
686.333333 523.666667
684.333333 552.333333
683.333333 578.666667
684.000000 601.666667
686.666667 620.666667
691.333333 635.333333
697.333333 645.666667
706.000000 652.000000
717.666667 654.000000
733.666667 650.666667
753.000000 641.000000
776.000000 625.333333
801.333333 605.000000
829.000000 580.666667
858.333333 553.000000
888.666667 523.333333
919.000000 492.333333
948.666667 461.333333
977.000000 431.000000
1002.666667 402.666667
