638.000000 579.000000
664.000000 578.000000
690.666667 577.000000
718.666667 575.666667
747.333333 574.000000
777.000000 572.000000
806.666667 570.000000
836.333333 567.666667
866.000000 565.000000
895.333333 562.333333
924.000000 560.000000
951.333333 558.000000
978.000000 555.666667
1004.000000 553.333333
1029.333333 551.000000
1053.666667 549.000000
1077.000000 547.333333
1099.000000 546.000000
1126.666667 545.666667
1152.000000 546.000000
1176.333333 547.333333
1192.333333 549.000000
1207.666667 551.000000
1221.333333 553.000000
1234.333333 555.000000
1246.333333 557.333333
1257.666667 559.666667
1267.666667 562.000000
1277.000000 564.000000
1286.000000 566.000000
