660.666667 383.333333
660.333333 378.000000
659.666667 372.000000
658.666667 366.000000
657.333333 360.000000
655.666667 353.666667
654.333333 347.333333
652.333333 341.000000
650.000000 334.666667
646.666667 328.000000
643.000000 320.666667
638.666667 313.000000
634.000000 305.333333
629.000000 297.333333
623.666667 289.333333
618.333333 281.000000
612.666667 273.333333
607.000000 265.666667
601.333333 258.333333
595.666667 251.333333
590.000000 244.333333
584.000000 237.666667
578.000000 231.000000
571.666667 225.000000
564.666667 218.666667
557.000000 212.666667
549.333333 207.000000
541.666667 202.333333
534.000000 198.333333
526.000000 195.333333
518.000000 193.333333
510.000000 192.000000
497.333333 191.666667
484.666667 192.333333
472.000000 194.000000
464.000000 196.000000
456.333333 198.000000
449.000000 200.666667
441.666667 203.666667
434.333333 207.333333
427.333333 211.000000
420.666667 215.333333
414.333333 220.333333
408.333333 225.666667
403.000000 231.000000
398.333333 236.333333
393.666667 241.666667
389.666667 247.333333
385.666667 252.666667
382.333333 258.333333
379.000000 263.666667
376.000000 269.333333
373.000000 275.000000
370.333333 281.000000
368.000000 287.333333
366.000000 294.333333
364.333333 302.000000
363.333333 310.000000
363.000000 318.333333
363.333333 326.666667
364.000000 335.333333
365.000000 344.000000
366.000000 353.000000
367.000000 361.666667
368.000000 369.666667
369.000000 377.000000
370.000000 384.000000
371.333333 391.000000
373.000000 397.666667
375.000000 404.333333
377.000000 411.333333
379.000000 418.666667
381.000000 426.333333
383.000000 433.666667
385.000000 441.333333
387.000000 448.666667
389.333333 456.333333
392.000000 464.000000
395.333333 472.000000
399.333333 480.333333
404.000000 489.000000
409.666667 498.333333
415.666667 507.666667
422.666667 517.666667
430.333333 528.000000
439.333333 539.000000
449.000000 550.000000
459.000000 560.666667
469.333333 571.333333
480.000000 582.000000
491.333333 593.000000
502.333333 604.000000
513.666667 615.333333
525.333333 627.333333
537.666667 640.000000
550.000000 652.666667
562.000000 666.000000
574.333333 679.333333
586.333333 693.333333
597.666667 706.666667
607.666667 719.666667
617.000000 732.000000
626.000000 743.333333
634.666667 754.000000
642.666667 763.666667
650.000000 773.000000
656.666667 781.333333
662.666667 789.333333
668.000000 796.666667
672.666667 803.666667
676.666667 809.333333
679.666667 813.666667
682.000000 817.000000
683.666667 819.333333
684.666667 821.000000
685.333333 822.000000
685.666667 823.000000
