1076.333333 303.333333
1077.666667 300.666667
1079.333333 298.000000
1081.000000 294.666667
1083.000000 291.000000
1085.000000 287.333333
1087.000000 283.666667
1089.000000 280.000000
1091.333333 276.000000
1093.333333 272.333333
1095.333333 269.000000
1097.000000 266.000000
1099.000000 263.000000
1100.666667 260.333333
1102.333333 258.333333
1104.000000 256.666667
1106.000000 255.000000
1108.000000 253.000000
1110.000000 251.000000
1112.333333 248.333333
1114.333333 245.333333
1116.333333 242.333333
1117.666667 239.666667
1119.333333 237.333333
1120.666667 235.000000
1122.000000 232.666667
1123.000000 230.333333
1124.000000 228.000000
1125.000000 225.666667
1126.000000 223.000000
1127.000000 220.333333
1128.000000 217.333333
1129.000000 214.333333
1130.000000 211.000000
1130.666667 208.000000
1131.333333 205.333333
1131.666667 202.333333
1132.000000 199.333333
1132.333333 196.000000
1132.666667 193.000000
1133.000000 190.000000
1133.000000 186.666667
1132.666667 183.333333
1132.333333 179.666667
1131.666667 176.333333
1131.000000 172.666667
1130.000000 169.000000
1129.000000 165.333333
1128.000000 162.000000
1126.666667 159.000000
1125.000000 156.000000
1123.000000 153.000000
1121.000000 150.333333
1119.000000 147.666667
1117.000000 145.333333
1114.666667 142.333333
1112.333333 139.666667
1109.666667 136.333333
1107.333333 133.000000
1104.666667 129.000000
1102.333333 125.000000
1099.666667 121.000000
1097.000000 117.333333
1094.000000 113.666667
1090.666667 110.333333
1087.000000 106.666667
1082.666667 103.333333
1078.000000 100.000000
1073.000000 97.000000
1068.000000 94.000000
1062.666667 91.000000
1057.000000 88.333333
1050.333333 86.000000
1043.333333 84.000000
1036.000000 82.333333
1029.000000 81.000000
1021.666667 80.000000
1008.333333 79.666667
994.333333 80.000000
980.333333 81.333333
972.000000 83.000000
964.000000 85.000000
956.000000 87.333333
948.000000 89.666667
940.333333 92.333333
932.666667 95.000000
925.666667 98.000000
918.666667 101.000000
912.000000 104.000000
905.333333 107.333333
898.666667 110.666667
892.666667 114.000000
887.000000 117.333333
882.000000 121.000000
877.333333 124.666667
873.000000 128.000000
869.333333 131.333333
865.666667 134.666667
862.333333 138.666667
858.333333 142.666667
854.666667 147.333333
850.666667 152.000000
847.000000 157.333333
843.333333 162.666667
840.000000 168.000000
837.000000 173.333333
834.000000 178.666667
831.333333 184.000000
828.666667 189.000000
826.333333 194.333333
824.000000 200.000000
822.333333 206.333333
820.666667 212.666667
819.000000 219.000000
817.333333 225.333333
815.666667 232.000000
814.000000 239.000000
812.000000 246.333333
810.000000 253.333333
808.000000 260.666667
806.000000 267.333333
804.000000 274.000000
801.666667 280.000000
799.333333 286.000000
797.000000 291.666667
795.000000 297.333333
793.000000 302.666667
791.333333 308.333333
789.666667 314.000000
788.333333 320.000000
787.000000 325.666667
786.000000 331.333333
785.333333 336.666667
785.000000 342.333333
785.000000 347.666667
785.000000 353.333333
785.000000 358.666667
785.000000 364.333333
785.000000 369.666667
785.333333 375.333333
785.666667 381.000000
786.333333 387.000000
786.666667 393.000000
787.333333 399.333333
788.000000 406.000000
788.666667 413.333333
789.333333 420.666667
790.000000 428.333333
791.000000 436.000000
792.000000 443.666667
793.000000 451.000000
794.000000 457.666667
795.000000 464.000000
796.000000 469.666667
796.666667 475.333333
797.333333 481.000000
798.000000 487.000000
799.000000 493.000000
800.000000 499.333333
800.666667 506.333333
801.333333 513.666667
801.666667 521.333333
802.000000 529.000000
802.000000 537.000000
801.666667 545.000000
801.333333 553.000000
800.666667 560.666667
800.000000 568.000000
799.333333 575.333333
799.000000 582.333333
799.000000 589.333333
799.000000 595.666667
799.333333 601.666667
799.666667 606.666667
800.000000 610.666667
800.333333 613.666667
800.666667 616.000000
801.000000 617.666667
801.000000 619.000000
