947.333333 201.333333
954.333333 203.333333
961.666667 206.000000
969.333333 209.333333
976.666667 212.666667
984.000000 216.333333
990.666667 220.000000
996.666667 224.000000
1002.333333 228.333333
1008.000000 232.666667
1013.666667 237.000000
1019.333333 241.333333
1025.000000 246.000000
1031.000000 251.666667
1036.666667 257.666667
1042.000000 264.333333
1046.666667 270.666667
1051.333333 277.333333
1055.666667 284.000000
1060.333333 291.000000
1065.000000 298.000000
1069.666667 305.000000
1074.000000 311.666667
1078.000000 318.000000
1082.000000 324.000000
1085.666667 330.000000
1089.333333 336.000000
1092.666667 342.000000
1095.666667 348.333333
1098.333333 354.666667
1100.666667 361.000000
1103.000000 367.000000
1104.666667 372.666667
1106.333333 378.000000
1108.333333 385.333333
1110.666667 393.000000
1113.000000 401.333333
1114.666667 408.000000
1116.333333 414.666667
1118.000000 421.000000
1119.666667 427.333333
1121.000000 434.000000
1122.333333 441.000000
1123.666667 447.666667
1124.666667 454.000000
1125.333333 459.666667
1125.666667 465.000000
1126.000000 470.000000
1126.000000 475.000000
1125.666667 479.666667
1125.000000 484.333333
1124.333333 489.000000
1123.666667 494.000000
1123.000000 499.000000
1122.000000 504.000000
1120.666667 509.000000
1119.333333 513.666667
1118.000000 518.000000
1116.666667 522.333333
1115.333333 526.666667
1113.666667 531.333333
1112.000000 536.000000
1110.000000 541.000000
1108.000000 546.000000
1106.000000 551.333333
1104.000000 556.666667
1101.666667 562.000000
1099.333333 566.666667
1096.333333 571.000000
1093.000000 575.000000
1088.666667 579.333333
1083.666667 584.000000
1078.000000 589.000000
1072.000000 594.000000
1066.000000 599.000000
1060.000000 604.333333
1053.666667 609.666667
1047.000000 615.000000
1039.666667 620.000000
1032.333333 625.000000
1025.333333 630.000000
1019.000000 635.333333
1012.333333 641.000000
1005.000000 647.333333
997.000000 653.333333
989.000000 659.000000
981.333333 664.000000
973.666667 668.666667
966.000000 673.000000
957.666667 677.000000
949.000000 680.666667
940.666667 684.000000
933.000000 687.000000
926.333333 690.000000
920.000000 693.000000
914.000000 696.000000
908.000000 699.000000
902.000000 702.000000
896.333333 705.000000
891.000000 707.666667
886.333333 710.000000
882.000000 712.000000
878.333333 713.666667
875.000000 715.000000
872.000000 716.000000
869.000000 716.333333
867.000000 716.000000
865.666667 714.666667
865.333333 713.000000
