689.333333 332.000000
688.000000 323.666667
686.666667 314.666667
684.666667 304.666667
682.000000 294.000000
678.666667 283.333333
674.333333 273.000000
668.666667 263.333333
661.333333 254.333333
652.333333 246.000000
641.666667 238.000000
629.333333 230.666667
616.333333 224.333333
602.666667 219.333333
589.000000 215.333333
575.333333 212.333333
562.666667 210.333333
551.000000 209.666667
540.000000 210.333333
529.333333 212.666667
519.000000 216.333333
509.333333 221.333333
500.333333 227.333333
491.666667 235.000000
483.333333 244.333333
475.333333 255.000000
468.333333 265.666667
462.000000 276.666667
456.333333 288.000000
451.333333 300.000000
447.333333 311.666667
444.666667 323.666667
443.000000 336.000000
442.666667 348.333333
443.000000 359.666667
444.666667 370.000000
447.000000 379.666667
450.666667 388.333333
455.000000 396.333333
460.000000 404.000000
465.666667 411.666667
471.666667 419.000000
479.000000 426.000000
486.666667 433.333333
495.666667 440.666667
505.000000 448.333333
515.333333 455.666667
526.333333 463.333333
538.333333 471.000000
550.666667 479.000000
564.000000 487.000000
578.333333 495.666667
594.000000 504.666667
610.333333 514.000000
627.000000 523.333333
644.333333 533.000000
662.000000 543.333333
679.000000 553.333333
695.000000 562.666667
709.333333 570.666667
722.666667 578.000000
733.666667 584.333333
742.333333 589.333333
748.333333 593.000000
752.666667 595.333333
755.666667 597.000000
757.666667 598.000000
