670.000000 355.666667
670.000000 353.333333
670.000000 350.333333
670.000000 347.000000
669.666667 343.000000
668.666667 338.666667
667.000000 333.666667
665.000000 328.000000
662.666667 322.000000
660.333333 315.666667
657.666667 309.333333
655.000000 302.666667
652.000000 296.333333
649.000000 290.000000
646.000000 284.000000
643.000000 278.000000
640.333333 272.666667
637.666667 267.666667
635.333333 263.000000
633.000000 258.000000
630.666667 253.333333
628.000000 248.333333
624.666667 243.333333
621.333333 238.000000
617.666667 233.000000
614.000000 228.000000
609.666667 223.000000
605.333333 218.333333
601.000000 213.666667
597.333333 209.666667
593.666667 205.666667
590.333333 202.000000
586.666667 198.333333
583.333333 195.000000
579.666667 191.666667
575.666667 188.000000
571.000000 184.000000
565.666667 180.000000
560.000000 176.000000
554.333333 172.333333
548.333333 169.000000
542.666667 166.333333
529.333333 165.333333
515.666667 166.000000
501.333333 168.333333
494.000000 171.333333
486.666667 174.666667
479.333333 178.666667
469.666667 184.333333
460.666667 190.666667
452.333333 197.000000
447.000000 202.000000
442.000000 207.666667
437.333333 213.333333
433.000000 219.000000
429.333333 224.000000
426.333333 229.333333
424.000000 234.666667
421.666667 240.333333
419.666667 245.666667
417.666667 251.000000
416.333333 256.333333
414.666667 261.666667
413.333333 267.333333
412.000000 272.666667
411.000000 278.000000
410.000000 283.333333
409.333333 288.666667
408.666667 294.000000
408.333333 299.666667
408.000000 307.000000
408.000000 314.666667
407.666667 321.666667
407.666667 327.333333
407.666667 333.000000
408.000000 338.666667
407.666667 344.333333
407.333333 350.000000
407.000000 356.000000
407.000000 362.000000
407.000000 368.000000
407.000000 374.000000
407.333333 379.666667
407.666667 385.333333
408.000000 391.000000
408.000000 396.666667
408.000000 402.000000
408.000000 406.666667
408.000000 411.333333
408.000000 415.666667
408.000000 420.000000
408.000000 424.000000
408.333333 428.000000
408.666667 432.333333
409.333333 437.000000
410.000000 441.666667
411.666667 448.333333
413.666667 455.000000
416.333333 462.333333
418.666667 467.666667
421.333333 473.333333
424.000000 479.000000
427.000000 484.666667
430.333333 490.666667
434.000000 497.000000
438.333333 503.666667
443.000000 510.000000
448.000000 516.000000
453.333333 522.333333
459.333333 529.000000
466.000000 536.333333
473.333333 543.666667
481.000000 551.333333
489.333333 559.000000
498.000000 567.333333
506.666667 575.666667
515.000000 584.666667
523.000000 593.666667
531.333333 603.333333
539.666667 612.666667
548.333333 622.333333
556.333333 632.000000
564.000000 641.666667
571.333333 651.000000
578.666667 660.000000
586.333333 669.333333
594.000000 679.000000
601.666667 689.000000
609.000000 699.000000
616.000000 708.666667
622.666667 718.666667
629.666667 729.000000
636.666667 739.333333
643.666667 749.333333
649.666667 758.666667
655.000000 767.666667
660.000000 776.000000
664.666667 783.666667
668.666667 790.666667
672.000000 796.666667
674.666667 801.666667
677.000000 805.666667
678.666667 808.666667
680.000000 810.666667
681.000000 812.000000
681.666667 813.000000
682.000000 814.000000
682.333333 815.000000
683.000000 815.333333
683.666667 814.666667
683.666667 812.666667
683.000000 810.333333
