702.000000 360.333333
702.000000 356.666667
701.666667 353.000000
701.333333 349.000000
700.666667 345.000000
700.000000 341.000000
699.000000 336.666667
698.000000 332.333333
696.666667 327.666667
695.333333 323.000000
693.666667 318.000000
692.333333 313.333333
691.000000 308.666667
689.666667 304.333333
688.333333 300.000000
686.666667 296.000000
685.333333 292.000000
683.666667 287.666667
682.000000 283.000000
680.000000 278.000000
678.000000 273.333333
676.000000 269.000000
673.666667 264.666667
671.333333 260.333333
669.000000 256.000000
666.666667 252.000000
664.000000 248.000000
660.666667 243.666667
656.666667 239.000000
652.333333 234.333333
647.666667 229.666667
643.000000 225.000000
638.666667 220.333333
634.333333 215.666667
630.333333 211.333333
626.000000 207.000000
622.000000 203.000000
617.666667 199.000000
613.333333 195.333333
608.333333 192.000000
603.333333 189.333333
598.000000 186.666667
593.000000 184.666667
588.000000 182.666667
583.000000 181.333333
577.666667 180.000000
572.000000 179.000000
558.666667 178.666667
545.666667 179.000000
533.000000 180.000000
528.000000 181.333333
523.000000 182.666667
517.666667 184.333333
512.666667 186.000000
507.666667 188.333333
503.000000 190.666667
498.333333 193.333333
494.000000 196.000000
490.333333 199.000000
486.666667 202.666667
483.000000 206.666667
479.333333 211.333333
476.000000 215.666667
473.000000 220.333333
470.000000 224.666667
467.000000 229.000000
464.333333 233.333333
461.333333 239.000000
458.666667 244.666667
456.333333 250.000000
454.666667 254.000000
453.666667 258.000000
452.666667 262.000000
452.000000 266.000000
451.333333 270.000000
451.000000 274.333333
451.000000 278.666667
451.000000 283.666667
451.333333 288.666667
451.666667 294.333333
452.333333 300.000000
453.000000 306.000000
453.666667 312.000000
454.333333 318.000000
455.000000 324.000000
456.000000 330.000000
457.000000 336.000000
458.000000 342.000000
459.000000 348.000000
460.000000 354.000000
461.000000 360.333333
462.333333 366.666667
464.000000 373.333333
466.000000 380.000000
468.000000 387.000000
470.000000 394.000000
472.000000 401.000000
474.000000 407.666667
476.000000 414.000000
478.000000 420.000000
480.333333 426.000000
483.666667 434.000000
487.333333 442.000000
491.333333 450.000000
494.666667 456.000000
498.333333 462.000000
502.000000 468.000000
506.000000 474.000000
510.000000 480.333333
513.666667 486.666667
517.333333 492.666667
520.666667 498.000000
524.000000 503.333333
527.333333 508.666667
530.666667 514.000000
534.333333 519.000000
538.000000 524.333333
542.000000 530.000000
546.333333 536.333333
550.666667 543.333333
555.000000 550.666667
559.000000 558.333333
562.666667 566.000000
566.000000 574.000000
569.000000 581.666667
572.000000 589.333333
575.000000 596.666667
577.666667 604.000000
580.333333 611.000000
583.000000 617.666667
586.000000 624.000000
589.333333 630.000000
592.666667 635.666667
596.666667 641.000000
600.666667 645.666667
605.000000 650.333333
609.000000 654.666667
613.000000 659.000000
617.000000 663.000000
621.000000 667.000000
625.000000 671.000000
629.333333 675.333333
634.000000 680.333333
639.000000 686.000000
644.333333 692.000000
649.666667 698.333333
655.000000 704.666667
660.000000 711.333333
665.000000 717.666667
669.666667 723.666667
674.333333 729.333333
679.000000 734.666667
684.000000 740.000000
689.333333 745.000000
694.666667 750.000000
700.333333 754.666667
705.666667 759.333333
710.666667 763.666667
715.000000 768.000000
719.000000 772.000000
722.666667 775.666667
725.666667 779.000000
728.000000 782.000000
730.000000 784.666667
731.666667 787.000000
732.666667 788.666667
733.333333 790.000000
733.666667 791.000000
