873.666667 366.000000
874.000000 363.000000
874.000000 360.000000
874.000000 357.000000
874.000000 354.000000
874.333333 351.000000
874.666667 348.000000
875.000000 345.000000
875.333333 342.000000
876.000000 339.000000
876.666667 335.666667
877.333333 332.000000
878.000000 328.000000
879.000000 324.000000
879.666667 320.000000
880.333333 316.000000
881.000000 312.000000
882.000000 308.333333
883.000000 304.666667
884.333333 301.000000
886.000000 297.000000
888.000000 292.666667
890.333333 288.000000
893.000000 283.000000
896.000000 277.333333
899.000000 271.666667
902.000000 266.000000
905.000000 261.000000
908.000000 256.000000
911.000000 251.333333
914.000000 247.000000
917.000000 242.666667
920.333333 238.333333
924.000000 233.666667
928.333333 229.333333
932.666667 224.666667
937.333333 220.000000
941.666667 215.666667
946.333333 211.666667
950.666667 208.000000
955.333333 204.333333
960.000000 200.666667
965.333333 197.333333
971.000000 194.000000
977.333333 191.000000
983.666667 188.000000
990.333333 185.000000
996.666667 182.000000
1003.333333 179.000000
1010.000000 175.666667
1017.333333 172.333333
1025.000000 169.000000
1032.666667 166.000000
1040.333333 163.000000
1047.666667 160.000000
1055.333333 157.000000
1063.333333 154.333333
1071.666667 152.000000
1080.000000 150.000000
1087.666667 148.333333
1095.000000 147.000000
1102.333333 146.000000
1110.333333 145.000000
1118.666667 144.000000
1128.666667 143.000000
1150.000000 142.666667
1170.333333 143.000000
1189.333333 144.333333
1195.333333 145.666667
1201.000000 147.333333
1205.333333 148.666667
1210.000000 150.333333
1215.000000 152.333333
1220.000000 155.000000
1225.000000 158.333333
1230.000000 162.000000
1234.333333 166.000000
1238.666667 170.333333
1242.666667 175.000000
1246.666667 180.000000
1250.333333 184.666667
1254.000000 189.333333
1258.000000 194.000000
1262.333333 199.000000
1266.666667 204.333333
1271.000000 210.000000
1275.000000 216.000000
1278.666667 221.666667
1282.000000 227.000000
1285.000000 232.000000
1287.666667 237.333333
1290.000000 243.000000
1291.666667 249.333333
1293.000000 256.000000
1294.000000 263.333333
1294.666667 270.333333
1295.000000 277.666667
1295.000000 284.666667
1295.000000 292.000000
1295.000000 299.333333
1294.666667 306.666667
1294.000000 314.000000
1293.000000 321.000000
1292.000000 327.666667
1290.666667 334.666667
1289.000000 342.000000
1287.000000 349.666667
1284.666667 357.333333
1282.000000 364.666667
1279.000000 371.666667
1276.000000 378.000000
1272.666667 384.000000
1269.333333 390.333333
1265.666667 397.000000
1262.333333 404.000000
1259.000000 410.666667
1256.000000 417.000000
1253.000000 423.333333
1249.666667 430.000000
1245.666667 437.333333
1241.333333 444.666667
1236.666667 452.333333
1232.000000 459.666667
1227.000000 467.000000
1222.000000 473.666667
1217.000000 480.000000
1212.333333 486.333333
1208.333333 493.000000
1204.666667 500.000000
1201.000000 507.000000
1197.000000 513.666667
1193.000000 520.000000
1188.666667 526.000000
1184.000000 532.333333
1178.666667 538.666667
1173.333333 545.333333
1168.000000 552.333333
1163.000000 559.333333
1158.333333 566.000000
1153.333333 572.000000
1148.333333 578.333333
1142.666667 585.000000
1137.000000 592.333333
1131.000000 600.000000
1125.000000 608.000000
1119.333333 615.666667
1114.000000 623.333333
1108.666667 631.333333
1103.333333 639.666667
1097.666667 648.000000
1091.666667 656.000000
1085.000000 664.000000
1078.333333 672.000000
1071.666667 680.000000
1065.000000 688.333333
1058.333333 696.333333
1051.666667 704.333333
1045.000000 711.333333
1038.333333 718.000000
1031.666667 724.000000
1025.333333 730.333333
1018.666667 737.000000
1012.000000 744.000000
1004.666667 751.000000
997.000000 757.666667
989.000000 764.000000
981.666667 769.666667
974.666667 774.666667
968.333333 779.333333
961.666667 784.000000
955.000000 788.666667
948.000000 793.333333
941.000000 797.666667
934.333333 802.000000
928.333333 805.666667
923.000000 809.000000
918.333333 812.000000
914.000000 814.666667
910.000000 817.333333
906.000000 819.666667
902.000000 822.000000
898.666667 823.666667
895.333333 825.000000
893.000000 826.000000
890.333333 826.333333
