507.666667 144.666667
534.666667 127.666667
562.000000 113.000000
589.666667 100.000000
617.333333 88.666667
644.666667 79.000000
671.666667 72.000000
697.666667 67.666667
722.333333 66.333333
745.666667 67.666667
766.666667 72.000000
785.000000 78.666667
800.000000 88.333333
812.333333 101.666667
822.000000 119.000000
828.666667 139.666667
832.000000 162.666667
832.333333 188.000000
830.666667 214.666667
827.333333 242.666667
823.000000 270.333333
818.333333 297.666667
814.000000 323.000000
810.666667 345.666667
808.666667 365.000000
808.333333 380.666667
809.333333 393.000000
812.000000 401.666667
818.666667 407.666667
829.666667 409.333333
846.000000 406.333333
866.666667 397.333333
892.000000 383.666667
920.333333 366.333333
950.666667 346.000000
982.333333 323.000000
1014.666667 298.000000
1047.000000 272.000000
1078.333333 246.333333
