814.333333 369.000000
814.333333 364.000000
814.666667 359.333333
815.000000 354.666667
815.000000 349.666667
815.333333 344.333333
816.000000 338.666667
816.666667 333.000000
817.333333 327.333333
818.000000 322.000000
818.666667 317.000000
819.333333 312.666667
820.000000 308.666667
820.666667 305.333333
821.333333 302.666667
822.000000 300.333333
822.666667 298.333333
823.333333 296.000000
824.000000 294.000000
825.000000 292.000000
826.000000 289.666667
827.000000 287.333333
828.666667 284.333333
830.666667 281.000000
833.000000 277.000000
835.333333 272.666667
838.000000 268.000000
841.000000 263.333333
844.000000 259.000000
847.000000 255.000000
850.000000 251.000000
852.666667 247.333333
855.333333 243.666667
857.666667 240.333333
860.000000 236.666667
862.333333 233.333333
864.666667 229.666667
867.333333 226.000000
869.666667 222.000000
872.333333 218.333333
875.000000 214.666667
878.333333 211.000000
882.333333 207.333333
887.000000 203.666667
891.666667 200.333333
896.000000 197.333333
900.000000 194.666667
904.000000 192.000000
908.000000 189.333333
912.000000 186.666667
916.333333 184.333333
921.000000 181.666667
926.000000 179.333333
931.333333 176.666667
936.666667 174.333333
942.000000 172.000000
947.000000 170.333333
951.666667 168.666667
956.333333 167.333333
961.000000 165.666667
966.000000 164.000000
971.333333 162.333333
977.000000 161.000000
983.000000 160.000000
988.666667 159.000000
995.333333 158.000000
1011.666667 157.666667
1028.000000 158.000000
1043.000000 159.000000
1047.666667 160.000000
1052.333333 161.000000
1057.000000 162.333333
1062.000000 164.000000
1067.333333 166.000000
1072.666667 168.333333
1078.333333 170.666667
1083.333333 173.333333
1088.000000 175.666667
1092.000000 178.000000
1096.000000 180.333333
1099.333333 182.666667
1102.333333 185.000000
1105.000000 187.000000
1108.000000 189.333333
1111.000000 191.666667
1114.000000 194.333333
1117.000000 196.666667
1120.000000 199.666667
1123.333333 203.000000
1126.666667 207.000000
1130.000000 211.333333
1132.666667 216.000000
1135.000000 221.000000
1137.333333 225.666667
1139.666667 230.333333
1142.000000 234.666667
1143.666667 239.000000
1145.333333 243.666667
1146.666667 248.666667
1148.000000 254.000000
1149.000000 259.000000
1150.000000 264.333333
1151.000000 269.666667
1151.666667 275.000000
1152.333333 280.000000
1152.666667 285.000000
1153.000000 290.000000
1153.000000 295.000000
1153.000000 300.333333
1153.000000 306.333333
1153.000000 312.333333
1152.666667 318.666667
1152.333333 324.666667
1151.666667 331.000000
1151.000000 337.333333
1150.000000 344.000000
1148.666667 351.333333
1147.000000 358.666667
1144.666667 366.333333
1142.000000 373.666667
1138.666667 381.333333
1135.000000 389.000000
1131.000000 397.333333
1126.666667 406.000000
1122.000000 414.666667
1117.333333 423.000000
1113.000000 431.333333
1109.000000 440.000000
1105.000000 449.000000
1101.000000 457.666667
1096.666667 466.333333
1092.333333 474.666667
1087.666667 483.333333
1083.000000 492.000000
1078.000000 501.000000
1073.000000 509.666667
1068.333333 518.000000
1063.666667 526.333333
1059.000000 535.000000
1054.000000 544.000000
1049.000000 553.000000
1043.666667 561.666667
1037.666667 570.333333
1031.333333 579.000000
1025.000000 588.333333
1019.000000 597.666667
1013.000000 606.666667
1007.000000 615.000000
1001.000000 623.333333
994.666667 632.000000
988.000000 641.000000
981.000000 650.000000
974.000000 659.000000
966.666667 668.000000
958.666667 677.666667
950.000000 687.666667
941.000000 698.000000
932.000000 708.000000
922.666667 717.666667
912.666667 727.666667
902.000000 737.666667
891.666667 747.666667
882.333333 756.666667
873.666667 765.000000
865.000000 772.666667
856.000000 780.000000
847.666667 786.666667
840.333333 792.333333
834.666667 797.000000
830.333333 800.333333
827.333333 803.000000
825.333333 804.666667
824.000000 806.000000
823.000000 806.333333
