451.666667 394.000000
451.333333 391.666667
451.000000 389.000000
451.000000 385.666667
451.000000 382.000000
450.666667 377.666667
450.333333 372.666667
450.000000 367.333333
449.666667 361.666667
449.333333 356.333333
449.000000 350.666667
449.000000 345.333333
449.000000 339.666667
449.000000 334.000000
449.000000 327.666667
449.000000 321.333333
449.000000 314.666667
448.666667 308.333333
448.000000 301.666667
447.333333 295.333333
446.666667 288.333333
446.000000 281.333333
444.666667 273.666667
443.333333 266.333333
442.000000 259.333333
440.666667 253.000000
439.000000 247.000000
437.000000 240.666667
434.666667 234.000000
432.000000 227.333333
428.666667 221.000000
425.000000 215.000000
420.666667 209.000000
415.666667 203.333333
410.000000 197.666667
404.333333 192.666667
399.000000 187.666667
394.000000 183.333333
388.666667 178.666667
383.000000 174.333333
377.000000 170.333333
371.000000 167.000000
365.000000 164.333333
359.333333 162.333333
353.666667 161.000000
348.333333 160.000000
339.000000 159.666667
329.666667 160.333333
320.000000 162.000000
314.000000 164.000000
308.333333 166.333333
303.000000 169.333333
298.000000 173.000000
293.000000 177.000000
287.666667 181.333333
282.000000 186.000000
276.000000 191.333333
270.000000 197.000000
264.000000 203.333333
258.000000 210.000000
252.333333 216.666667
246.666667 223.666667
241.000000 230.333333
235.000000 237.333333
229.333333 244.000000
223.666667 251.333333
218.666667 258.666667
213.666667 266.000000
209.666667 273.333333
205.666667 281.000000
202.666667 289.333333
199.666667 298.000000
197.333333 307.000000
195.000000 316.000000
193.000000 325.333333
191.000000 335.000000
189.333333 345.000000
187.666667 355.333333
186.333333 365.333333
185.000000 375.333333
184.000000 385.000000
183.000000 394.666667
182.333333 404.000000
182.000000 413.000000
182.000000 421.666667
182.333333 430.333333
183.000000 438.666667
184.000000 447.000000
185.333333 454.666667
187.000000 462.000000
189.000000 469.000000
191.666667 476.000000
195.000000 483.333333
199.666667 491.333333
205.000000 500.000000
211.000000 508.666667
217.333333 517.666667
223.666667 527.000000
230.333333 537.000000
237.333333 547.000000
245.000000 557.000000
253.000000 567.000000
261.000000 577.000000
269.000000 587.000000
277.000000 596.666667
285.333333 606.000000
294.666667 615.333333
304.666667 624.666667
315.333333 634.333333
326.333333 644.000000
338.000000 653.666667
350.000000 663.000000
361.666667 672.333333
373.333333 682.000000
384.666667 691.666667
395.666667 701.000000
406.000000 710.333333
415.333333 720.000000
424.333333 730.333333
433.000000 740.666667
442.000000 751.000000
450.666667 760.666667
459.000000 770.333333
466.666667 780.000000
473.666667 790.000000
479.666667 799.000000
484.333333 806.666667
488.000000 812.666667
491.000000 818.000000
493.333333 822.333333
495.000000 826.000000
495.666667 828.333333
496.333333 830.000000
496.666667 831.000000
497.000000 832.000000
