541.666667 328.666667
543.666667 322.333333
546.000000 315.666667
549.000000 309.333333
552.333333 303.333333
556.333333 297.333333
560.666667 291.333333
565.333333 284.666667
570.000000 278.000000
575.000000 271.333333
580.333333 265.000000
586.333333 259.000000
593.000000 253.333333
600.333333 248.000000
607.666667 242.666667
615.333333 237.333333
623.333333 232.000000
632.000000 227.000000
641.000000 222.333333
650.000000 218.333333
658.666667 215.000000
667.333333 212.000000
676.333333 209.333333
686.000000 207.000000
698.666667 205.333333
711.666667 204.666667
724.666667 205.000000
735.333333 206.000000
745.666667 207.333333
756.333333 209.333333
767.000000 212.333333
778.000000 216.333333
788.666667 221.000000
798.666667 226.000000
807.666667 231.333333
816.333333 237.000000
824.666667 243.000000
833.000000 249.333333
840.333333 255.666667
847.000000 262.666667
852.333333 269.666667
857.000000 276.666667
861.000000 283.666667
864.666667 291.333333
867.666667 300.333333
870.000000 310.000000
871.666667 319.666667
873.000000 329.666667
874.000000 340.333333
874.666667 352.000000
875.000000 363.666667
874.666667 375.000000
874.000000 386.333333
872.666667 398.000000
871.333333 410.000000
869.666667 421.666667
868.000000 433.333333
865.666667 445.000000
863.333333 456.333333
860.666667 467.000000
857.666667 477.000000
854.000000 487.333333
850.000000 497.666667
845.666667 507.666667
841.000000 517.333333
835.666667 526.666667
830.333333 536.333333
825.333333 546.000000
820.333333 555.666667
815.333333 564.666667
809.333333 573.333333
803.333333 582.000000
796.333333 591.333333
789.666667 600.666667
782.666667 610.000000
776.000000 618.666667
768.333333 627.333333
760.000000 636.000000
751.000000 644.666667
742.000000 653.000000
732.333333 661.333333
721.666667 669.333333
710.333333 677.000000
699.333333 684.000000
689.000000 691.000000
678.666667 697.666667
668.333333 704.000000
658.333333 709.666667
649.333333 715.000000
641.666667 719.333333
635.666667 722.666667
631.333333 724.666667
628.333333 726.333333
626.000000 727.666667
624.333333 728.000000
