637.666667 730.666667
629.666667 728.000000
621.000000 725.000000
612.000000 721.666667
603.333333 718.000000
595.000000 714.000000
586.666667 709.666667
578.666667 705.000000
570.666667 699.666667
563.000000 694.000000
555.333333 687.666667
548.000000 680.000000
541.666667 671.000000
535.666667 661.000000
530.666667 651.000000
526.000000 640.666667
522.000000 630.000000
518.333333 619.666667
515.000000 610.000000
512.333333 601.000000
509.666667 592.000000
507.333333 583.000000
504.666667 574.000000
502.000000 565.000000
499.333333 555.666667
497.000000 545.333333
495.000000 533.666667
493.333333 521.000000
492.000000 508.000000
491.333333 494.333333
491.000000 480.666667
491.000000 467.333333
491.333333 455.333333
492.333333 444.000000
493.666667 433.333333
495.333333 423.000000
497.333333 413.000000
500.000000 403.000000
503.333333 393.000000
507.000000 382.666667
511.000000 372.000000
515.000000 361.000000
519.333333 350.000000
524.000000 338.666667
529.000000 327.000000
534.666667 315.333333
541.000000 304.000000
548.000000 292.666667
555.333333 281.666667
563.000000 271.000000
571.000000 261.333333
579.333333 252.333333
588.333333 244.000000
597.333333 236.666667
606.333333 230.000000
615.333333 224.333333
624.666667 219.333333
634.333333 215.666667
643.333333 213.000000
652.000000 211.333333
660.333333 210.000000
682.000000 209.000000
