846.000000 289.666667
845.333333 286.666667
845.333333 283.000000
845.666667 279.000000
846.333333 274.666667
847.000000 270.333333
848.333333 265.666667
850.000000 261.000000
852.000000 256.000000
854.333333 251.333333
856.666667 246.333333
859.333333 241.333333
861.666667 235.666667
864.666667 230.000000
868.000000 224.000000
872.333333 218.000000
877.000000 212.000000
882.666667 206.000000
888.666667 199.666667
895.000000 193.333333
901.000000 186.666667
907.000000 180.000000
913.333333 173.333333
920.000000 167.000000
927.000000 161.333333
934.000000 156.000000
940.666667 151.333333
947.333333 147.000000
954.000000 143.333333
961.333333 139.666667
969.000000 136.333333
977.000000 133.000000
984.666667 130.000000
992.000000 127.000000
999.333333 124.333333
1007.333333 122.000000
1015.666667 120.333333
1024.000000 119.000000
1034.666667 118.666667
1045.000000 119.333333
1055.666667 121.000000
1064.000000 123.000000
1072.666667 125.333333
1080.666667 128.333333
1087.666667 131.666667
1094.000000 135.000000
1100.666667 138.333333
1107.333333 142.000000
1114.000000 146.000000
1120.000000 150.333333
1126.000000 155.000000
1131.666667 160.666667
1137.000000 166.666667
1141.666667 173.333333
1146.000000 180.000000
1149.666667 187.000000
1153.000000 194.333333
1156.000000 202.333333
1158.666667 210.666667
1161.000000 218.666667
1163.333333 226.333333
1165.333333 234.666667
1167.333333 243.666667
1169.000000 252.666667
1170.666667 261.333333
1172.000000 269.666667
1172.666667 278.000000
1173.333333 286.000000
1173.666667 294.000000
1174.000000 302.000000
1173.666667 310.000000
1173.333333 318.000000
1172.666667 326.000000
1172.000000 334.333333
1170.666667 342.666667
1169.333333 351.333333
1167.666667 359.666667
1166.000000 367.666667
1164.000000 375.000000
1162.000000 382.333333
1160.000000 389.666667
1158.000000 397.333333
1156.000000 404.666667
1153.666667 412.333333
1151.000000 419.666667
1148.000000 427.333333
1144.666667 435.333333
1140.666667 443.666667
1136.333333 452.000000
1131.666667 460.000000
1127.000000 467.666667
1122.333333 475.000000
1118.000000 482.333333
1113.666667 489.666667
1109.666667 497.333333
1105.666667 505.000000
1101.666667 512.666667
1097.000000 520.666667
1091.666667 529.000000
1086.000000 538.000000
1080.000000 547.000000
1074.000000 555.666667
1068.000000 564.000000
1062.000000 572.333333
1055.666667 580.666667
1048.666667 589.000000
1040.666667 597.000000
1032.333333 605.000000
1024.000000 613.000000
1015.333333 621.000000
1006.000000 628.666667
995.666667 636.666667
985.333333 645.000000
975.333333 653.666667
965.333333 662.333333
955.000000 671.000000
944.666667 680.000000
935.000000 689.000000
926.333333 697.666667
918.000000 706.000000
909.666667 714.000000
901.333333 721.666667
893.000000 729.000000
885.333333 735.666667
878.333333 741.666667
872.333333 747.000000
867.333333 751.666667
863.000000 756.000000
859.666667 759.666667
856.666667 762.666667
854.666667 765.000000
853.000000 766.666667
852.000000 768.000000
851.333333 768.333333
851.000000 767.666667
851.333333 765.000000
