709.666667 293.000000
708.000000 289.666667
705.666667 285.666667
703.000000 281.000000
699.333333 275.666667
695.333333 270.333333
691.000000 264.666667
686.666667 259.000000
682.000000 253.000000
676.666667 246.666667
670.666667 240.000000
664.000000 233.000000
656.666667 226.000000
649.000000 219.000000
641.000000 212.000000
632.333333 204.666667
623.333333 197.666667
613.333333 190.666667
603.333333 184.333333
592.666667 178.000000
582.333333 172.333333
571.666667 167.333333
561.333333 163.333333
551.000000 160.333333
541.333333 158.000000
532.000000 156.333333
520.666667 155.666667
509.666667 156.000000
499.333333 157.000000
492.000000 158.333333
485.333333 160.000000
478.666667 162.000000
472.333333 164.333333
466.000000 167.000000
460.000000 170.000000
454.333333 173.000000
449.000000 176.333333
444.333333 180.000000
439.666667 184.000000
435.333333 188.000000
430.666667 192.333333
426.000000 197.333333
421.000000 203.000000
416.333333 209.333333
411.666667 216.000000
407.333333 223.000000
403.333333 230.000000
400.000000 237.333333
397.000000 245.000000
394.000000 252.666667
391.333333 260.000000
389.333333 267.000000
388.000000 274.000000
386.666667 281.000000
385.666667 288.000000
384.666667 295.000000
384.333333 302.333333
384.000000 309.666667
384.333333 317.000000
385.000000 324.333333
386.000000 332.000000
387.000000 340.333333
388.000000 348.666667
389.333333 357.000000
390.666667 365.000000
392.000000 372.333333
393.000000 379.000000
394.000000 385.333333
395.000000 391.666667
396.333333 398.000000
398.000000 404.333333
400.000000 411.000000
402.333333 417.666667
405.333333 424.333333
409.000000 431.333333
412.666667 438.666667
416.333333 446.000000
420.000000 453.000000
424.000000 460.000000
427.666667 466.666667
431.333333 473.000000
435.333333 479.333333
440.666667 486.333333
447.333333 494.000000
454.666667 502.000000
462.333333 510.666667
470.000000 520.000000
478.666667 530.000000
487.666667 539.666667
497.000000 549.333333
505.666667 558.666667
513.666667 567.666667
521.333333 575.666667
529.333333 583.333333
538.000000 591.000000
546.666667 598.666667
555.000000 606.333333
563.333333 614.333333
572.000000 623.333333
581.666667 632.666667
591.333333 642.333333
600.666667 651.666667
609.333333 661.000000
617.666667 670.333333
626.666667 679.666667
635.666667 688.666667
644.666667 697.333333
653.000000 705.666667
661.000000 714.000000
669.666667 722.333333
678.666667 730.333333
687.666667 737.666667
695.666667 744.333333
703.000000 750.333333
709.333333 756.000000
714.666667 760.333333
718.666667 764.000000
721.666667 767.000000
723.666667 769.333333
725.000000 771.666667
726.000000 773.333333
727.000000 775.333333
727.666667 776.666667
728.000000 778.333333
728.000000 779.666667
728.000000 781.000000
