681.000000 251.333333
676.333333 248.333333
671.333333 244.666667
665.666667 241.333333
659.666667 238.000000
653.333333 235.333333
646.666667 233.000000
640.333333 231.000000
634.000000 229.000000
627.666667 227.333333
621.000000 226.000000
612.000000 225.000000
599.333333 224.666667
585.333333 225.000000
572.000000 226.000000
563.000000 227.333333
556.000000 228.666667
550.666667 230.000000
545.333333 231.333333
540.333333 233.000000
535.666667 235.000000
531.000000 237.333333
526.000000 240.000000
521.333333 243.000000
516.666667 246.333333
512.333333 249.666667
508.000000 253.333333
504.000000 257.333333
500.000000 262.000000
496.333333 266.666667
493.333333 271.000000
490.666667 275.000000
488.333333 279.000000
486.333333 282.666667
484.666667 286.333333
483.000000 290.333333
481.333333 295.000000
480.000000 300.000000
479.000000 305.000000
478.333333 310.000000
477.666667 315.000000
477.333333 320.000000
476.666667 325.333333
476.333333 330.666667
476.000000 336.000000
476.000000 341.333333
476.000000 346.666667
476.000000 352.000000
476.000000 357.000000
476.333333 362.000000
477.000000 367.000000
477.666667 372.000000
478.333333 377.000000
479.000000 382.000000
480.000000 387.000000
481.000000 391.666667
482.333333 396.333333
484.000000 400.666667
486.000000 405.333333
488.000000 409.666667
490.000000 414.333333
492.000000 418.666667
494.000000 423.000000
496.333333 427.000000
499.000000 431.333333
502.333333 435.666667
505.666667 440.666667
509.333333 445.666667
513.000000 451.333333
517.000000 457.000000
521.000000 462.666667
525.333333 468.333333
530.000000 474.000000
535.000000 480.000000
540.000000 485.666667
545.333333 491.333333
551.000000 497.000000
556.666667 503.000000
562.000000 509.000000
567.000000 515.000000
572.000000 521.000000
577.000000 527.000000
582.000000 533.333333
587.333333 539.666667
592.666667 546.000000
597.666667 552.000000
602.333333 557.666667
607.000000 563.000000
611.666667 568.000000
616.000000 572.666667
620.333333 577.333333
624.666667 581.666667
629.000000 586.333333
633.333333 591.000000
638.000000 595.666667
643.000000 600.000000
648.000000 604.000000
652.666667 608.000000
657.333333 611.666667
661.666667 615.333333
666.000000 618.666667
670.000000 622.000000
674.333333 625.333333
678.666667 628.666667
683.333333 632.333333
688.000000 635.333333
692.666667 638.333333
697.000000 640.666667
701.000000 643.333333
705.000000 645.333333
708.333333 647.333333
711.333333 648.666667
713.666667 650.000000
716.000000 651.000000
718.000000 652.000000
720.000000 653.000000
722.333333 654.000000
724.333333 655.000000
726.000000 656.000000
728.666667 656.000000
731.333333 655.333333
734.000000 653.666667
734.666667 652.000000
735.333333 650.000000
