869.000000 294.666667
869.333333 291.333333
870.000000 287.333333
871.333333 283.333333
873.000000 278.666667
875.000000 273.666667
877.333333 268.333333
880.333333 262.666667
884.000000 257.333333
888.333333 252.000000
893.000000 246.333333
898.000000 240.333333
903.000000 234.000000
908.666667 227.666667
915.000000 221.333333
922.333333 215.000000
930.000000 209.333333
937.666667 204.333333
944.666667 199.666667
951.333333 195.000000
958.333333 190.333333
966.000000 185.666667
974.000000 181.666667
981.666667 177.666667
989.333333 174.333333
997.000000 171.000000
1005.000000 168.000000
1013.333333 165.333333
1021.666667 163.000000
1030.000000 161.333333
1038.000000 160.000000
1054.333333 159.666667
1071.000000 160.000000
1087.333333 161.000000
1095.333333 162.333333
1103.333333 164.333333
1111.666667 166.666667
1120.000000 169.333333
1127.666667 172.000000
1134.666667 175.000000
1141.000000 178.333333
1146.666667 181.666667
1152.333333 185.333333
1157.666667 188.666667
1163.333333 192.333333
1168.666667 196.000000
1173.666667 200.000000
1178.333333 204.000000
1182.666667 208.000000
1187.000000 212.333333
1190.333333 217.000000
1193.333333 222.000000
1195.666667 226.666667
1198.000000 231.333333
1200.333333 237.333333
1202.666667 243.666667
1204.666667 250.333333
1206.000000 256.000000
1207.000000 262.000000
1208.000000 268.333333
1208.666667 274.666667
1209.000000 281.000000
1209.000000 287.333333
1208.666667 293.666667
1208.333333 300.666667
1208.000000 308.000000
1207.666667 315.666667
1207.000000 323.000000
1206.000000 330.000000
1205.000000 337.000000
1203.666667 344.333333
1202.333333 352.000000
1201.000000 360.333333
1199.666667 368.333333
1198.000000 376.333333
1195.666667 384.000000
1192.666667 392.000000
1188.666667 400.333333
1184.333333 408.666667
1179.333333 417.333333
1174.333333 425.666667
1169.000000 434.000000
1164.000000 442.666667
1159.333333 451.666667
1155.000000 460.666667
1150.333333 469.000000
1145.333333 477.333333
1139.333333 486.000000
1133.333333 495.000000
1126.666667 504.000000
1120.333333 512.666667
1114.000000 521.333333
1107.333333 530.333333
1100.000000 540.000000
1092.000000 549.666667
1084.000000 559.000000
1076.000000 568.000000
1068.333333 576.666667
1060.333333 585.666667
1052.000000 594.666667
1043.000000 604.333333
1034.000000 613.333333
1025.333333 622.333333
1016.666667 631.333333
1008.000000 641.000000
998.666667 650.666667
989.333333 660.000000
980.333333 668.666667
972.000000 677.333333
963.333333 686.000000
953.666667 695.000000
943.666667 704.000000
934.000000 712.333333
925.000000 720.333333
915.666667 728.333333
906.333333 736.666667
898.000000 744.333333
891.000000 750.333333
885.666667 755.000000
881.333333 758.666667
878.000000 762.000000
875.333333 765.000000
873.333333 767.666667
872.000000 770.000000
871.333333 771.666667
870.666667 773.000000
870.333333 774.000000
