682.000000 399.666667
681.666667 395.000000
681.333333 389.666667
681.000000 384.000000
680.666667 377.333333
680.333333 370.333333
679.666667 362.666667
679.000000 355.000000
678.000000 346.666667
677.000000 338.000000
676.000000 329.000000
675.000000 320.333333
674.000000 312.000000
672.666667 304.000000
671.000000 296.000000
669.000000 288.000000
667.000000 280.000000
664.666667 272.333333
662.000000 265.000000
659.000000 258.000000
656.000000 251.666667
653.000000 245.666667
649.666667 240.333333
646.000000 235.000000
642.000000 229.666667
638.000000 224.666667
634.000000 220.000000
630.333333 216.000000
626.666667 212.000000
622.666667 208.333333
618.333333 205.000000
613.666667 202.333333
608.666667 200.000000
603.333333 198.333333
598.000000 197.000000
593.000000 196.000000
580.333333 195.666667
567.666667 196.000000
554.666667 197.000000
549.333333 198.333333
544.000000 199.666667
539.000000 201.666667
533.666667 203.666667
528.333333 206.333333
523.000000 208.666667
517.666667 211.333333
512.333333 214.000000
507.000000 217.000000
502.333333 219.666667
498.000000 222.333333
494.000000 225.000000
490.000000 228.000000
486.000000 231.666667
482.000000 235.666667
478.000000 240.333333
474.333333 245.333333
471.000000 251.000000
468.000000 257.000000
465.333333 263.333333
463.000000 269.666667
460.666667 276.333333
458.666667 283.333333
456.666667 290.666667
455.333333 298.333333
454.000000 306.000000
453.333333 314.333333
453.333333 323.000000
454.000000 332.333333
455.333333 342.333333
457.333333 353.000000
460.000000 364.000000
463.333333 375.333333
467.000000 387.333333
471.333333 400.000000
476.000000 413.000000
481.333333 426.333333
487.333333 440.000000
494.333333 454.333333
502.000000 469.000000
510.000000 483.666667
518.333333 498.666667
527.333333 514.333333
537.333333 531.000000
547.666667 548.000000
558.666667 565.666667
570.000000 584.000000
582.333333 603.000000
594.666667 622.000000
607.333333 641.333333
619.666667 660.666667
631.666667 679.333333
642.666667 697.000000
652.666667 714.000000
661.333333 730.333333
668.333333 745.333333
673.666667 758.666667
678.000000 771.000000
681.333333 782.666667
684.000000 793.000000
685.333333 801.666667
686.000000 809.000000
686.000000 815.333333
686.000000 820.666667
686.000000 824.666667
685.666667 828.000000
685.333333 830.666667
685.000000 833.000000
685.000000 834.666667
685.000000 836.000000
