770.000000 361.333333
770.000000 357.666667
770.000000 354.000000
770.000000 350.333333
770.000000 346.666667
770.000000 343.000000
770.000000 339.000000
769.666667 334.666667
769.000000 329.666667
767.666667 324.333333
766.000000 318.666667
764.000000 313.000000
761.666667 307.333333
759.000000 301.333333
755.666667 295.000000
752.333333 288.000000
748.333333 281.000000
744.333333 274.000000
739.666667 266.666667
735.333333 259.333333
730.666667 252.000000
725.666667 244.333333
720.333333 236.666667
715.000000 228.666667
709.666667 221.333333
704.333333 214.000000
698.666667 207.333333
693.000000 200.666667
687.000000 194.333333
681.333333 188.000000
676.000000 182.000000
670.666667 176.333333
664.666667 171.000000
658.333333 166.333333
651.333333 162.000000
644.666667 158.666667
638.000000 156.000000
631.666667 154.333333
625.000000 153.000000
615.666667 153.000000
606.333333 153.666667
597.333333 155.666667
591.000000 157.666667
585.333333 160.333333
580.000000 163.000000
575.000000 166.000000
569.666667 169.000000
564.333333 172.000000
559.000000 175.000000
554.000000 178.333333
549.333333 181.333333
544.666667 184.333333
540.333333 187.000000
536.000000 190.000000
532.333333 193.000000
528.666667 196.333333
525.000000 200.333333
521.000000 205.333333
517.333333 211.000000
514.000000 217.000000
511.000000 223.333333
508.333333 229.666667
505.666667 236.000000
503.666667 241.666667
501.666667 247.333333
500.333333 253.000000
499.000000 259.000000
498.000000 265.000000
497.000000 271.000000
496.333333 277.333333
496.333333 284.000000
496.666667 291.333333
497.333333 298.666667
498.000000 306.333333
499.333333 313.666667
500.666667 321.333333
502.000000 329.000000
503.333333 336.666667
505.000000 344.333333
507.000000 352.000000
509.000000 360.333333
511.000000 368.666667
513.000000 377.000000
515.000000 385.000000
517.333333 393.000000
519.666667 401.000000
522.333333 409.000000
524.666667 417.000000
527.333333 425.000000
530.000000 433.000000
533.000000 441.333333
536.333333 450.000000
540.000000 459.000000
544.000000 468.000000
548.000000 477.333333
552.333333 487.000000
556.666667 497.000000
561.000000 507.000000
565.000000 517.000000
569.000000 527.000000
573.333333 536.666667
577.666667 546.000000
582.333333 554.666667
587.000000 563.000000
592.000000 571.000000
597.333333 579.000000
603.000000 586.666667
609.000000 594.333333
615.333333 602.000000
622.000000 609.666667
629.666667 617.666667
637.666667 626.000000
646.333333 635.000000
654.666667 644.000000
663.333333 653.000000
671.666667 662.000000
680.333333 671.000000
688.666667 679.666667
697.000000 688.000000
705.000000 696.000000
713.000000 704.000000
721.000000 711.666667
729.000000 718.666667
736.666667 724.666667
744.333333 730.000000
751.000000 734.666667
757.333333 738.666667
762.333333 741.666667
766.333333 744.000000
769.000000 745.666667
771.000000 747.000000
