887.000000 348.666667
890.333333 343.666667
894.000000 338.000000
898.000000 331.333333
902.666667 324.333333
908.000000 317.000000
915.000000 309.666667
923.333333 301.333333
933.333333 292.000000
944.333333 282.000000
956.666667 272.000000
969.666667 262.000000
983.000000 251.666667
996.666667 241.333333
1010.333333 231.333333
1024.000000 222.000000
1037.333333 213.333333
1050.666667 205.000000
1064.000000 197.666667
1076.666667 190.666667
1089.000000 184.666667
1101.333333 179.000000
1113.666667 174.666667
1125.666667 171.333333
1137.000000 169.000000
1152.333333 168.000000
1167.333333 168.000000
1181.666667 169.666667
1191.000000 172.000000
1200.333333 175.000000
1209.666667 178.333333
1218.333333 182.000000
1226.000000 186.000000
1232.666667 190.000000
1239.000000 194.333333
1245.000000 199.333333
1251.000000 205.666667
1257.000000 213.000000
1262.666667 221.000000
1268.333333 229.666667
1273.333333 239.333333
1278.000000 250.333333
1281.666667 261.333333
1284.666667 272.333333
1287.000000 283.000000
1288.333333 294.333333
1289.000000 305.666667
1288.666667 316.666667
1287.666667 327.666667
1285.666667 339.333333
1282.333333 352.000000
1277.666667 364.666667
1272.000000 377.666667
1266.000000 391.000000
1259.666667 405.000000
1252.666667 419.333333
1244.666667 434.000000
1235.666667 448.666667
1226.666667 463.333333
1217.333333 478.000000
1208.333333 492.666667
1198.000000 507.333333
1187.333333 522.000000
1176.333333 537.000000
1165.333333 551.666667
1153.666667 566.333333
1141.000000 581.333333
1128.000000 596.000000
1114.333333 610.666667
1100.000000 624.666667
1085.333333 639.000000
1070.333333 652.666667
1055.333333 666.000000
1040.333333 678.666667
1025.333333 691.000000
1010.666667 702.000000
996.000000 712.333333
982.333333 721.333333
969.000000 730.000000
956.333333 738.000000
944.666667 745.333333
934.666667 751.666667
926.666667 756.666667
920.333333 760.666667
916.000000 763.666667
913.000000 765.666667
911.333333 767.000000
910.000000 768.000000
908.666667 768.333333
