903.666667 359.000000
904.333333 355.000000
904.666667 351.000000
905.333333 347.000000
906.000000 343.000000
906.666667 339.000000
907.333333 335.000000
908.000000 331.000000
909.000000 326.666667
909.666667 322.333333
910.333333 317.666667
911.000000 313.333333
912.333333 308.666667
913.666667 304.333333
915.333333 300.000000
917.000000 296.000000
919.000000 291.666667
921.333333 287.000000
923.666667 282.000000
926.333333 277.000000
928.666667 272.333333
931.333333 267.666667
934.000000 263.333333
937.000000 259.000000
939.666667 255.333333
942.333333 252.000000
945.000000 248.666667
948.000000 245.333333
950.666667 241.666667
953.333333 238.000000
956.000000 234.333333
959.000000 230.666667
962.333333 226.666667
965.666667 222.333333
969.333333 218.000000
973.333333 214.000000
978.000000 210.000000
983.000000 206.333333
987.666667 202.666667
992.333333 199.333333
996.666667 196.000000
1001.000000 192.666667
1005.000000 189.333333
1009.000000 185.666667
1013.000000 182.333333
1017.333333 178.666667
1021.666667 175.333333
1026.666667 172.000000
1031.666667 169.000000
1036.666667 166.000000
1041.000000 163.333333
1045.333333 161.000000
1050.000000 159.000000
1055.000000 157.000000
1060.000000 155.333333
1065.333333 153.666667
1071.000000 152.333333
1076.666667 151.000000
1083.333333 150.000000
1094.000000 149.666667
1106.333333 150.000000
1117.666667 151.000000
1124.666667 152.333333
1130.000000 153.666667
1135.000000 155.333333
1140.000000 157.000000
1145.000000 159.333333
1149.666667 162.000000
1154.666667 165.000000
1159.666667 168.333333
1165.000000 172.000000
1170.000000 176.000000
1175.000000 180.000000
1179.666667 184.000000
1184.000000 187.666667
1187.666667 191.333333
1191.333333 195.333333
1194.333333 200.000000
1197.000000 204.666667
1199.333333 209.666667
1201.666667 214.666667
1203.666667 220.000000
1205.333333 225.000000
1207.000000 230.333333
1209.333333 237.666667
1211.333333 245.333333
1213.000000 253.333333
1214.000000 260.000000
1215.000000 267.000000
1216.000000 273.666667
1216.666667 280.000000
1217.333333 286.000000
1217.666667 292.333333
1218.000000 298.666667
1217.666667 305.000000
1217.333333 311.333333
1216.666667 317.666667
1216.000000 324.000000
1215.000000 330.000000
1213.666667 336.666667
1212.000000 344.000000
1210.000000 352.000000
1208.000000 360.000000
1206.000000 367.666667
1204.000000 375.333333
1202.000000 382.666667
1200.000000 390.333333
1198.000000 397.666667
1195.666667 405.333333
1193.000000 412.666667
1190.000000 419.666667
1187.000000 426.333333
1183.666667 432.666667
1180.000000 439.333333
1176.000000 446.000000
1171.666667 453.000000
1167.333333 460.000000
1163.000000 466.666667
1158.666667 473.666667
1154.000000 481.000000
1149.000000 489.000000
1144.000000 496.666667
1139.333333 504.333333
1134.666667 511.666667
1130.000000 518.666667
1125.000000 525.333333
1120.333333 532.000000
1115.666667 539.000000
1111.333333 546.000000
1107.000000 553.000000
1103.333333 560.000000
1099.666667 567.000000
1095.666667 573.666667
1091.000000 580.666667
1085.666667 587.666667
1080.000000 595.333333
1074.000000 603.000000
1068.333333 610.666667
1062.666667 618.333333
1057.000000 626.000000
1050.666667 634.000000
1044.333333 642.000000
1037.666667 649.666667
1031.333333 657.000000
1025.000000 664.000000
1019.000000 671.333333
1013.000000 679.333333
1007.000000 687.666667
1001.333333 696.000000
995.333333 704.000000
989.333333 712.000000
983.000000 720.000000
977.000000 728.333333
970.666667 737.000000
964.333333 746.000000
958.000000 754.666667
951.333333 763.000000
944.333333 771.333333
937.000000 780.000000
930.000000 788.666667
923.666667 797.000000
918.000000 804.666667
912.666667 811.333333
907.333333 817.333333
901.666667 822.666667
896.666667 827.666667
891.666667 831.666667
887.666667 835.000000
884.000000 837.666667
881.333333 840.000000
879.333333 841.666667
878.000000 843.000000
877.000000 844.000000
876.333333 844.333333
