665.666667 179.000000
648.333333 180.333333
636.666667 182.000000
628.333333 184.000000
619.333333 186.333333
610.666667 189.000000
602.000000 192.666667
594.333333 197.000000
587.333333 202.333333
580.333333 208.333333
573.666667 214.666667
566.666667 221.666667
559.666667 229.000000
552.666667 236.666667
545.666667 244.666667
539.333333 252.666667
533.000000 261.333333
526.666667 270.000000
519.666667 278.666667
512.333333 287.666667
505.333333 296.666667
498.666667 306.333333
492.666667 315.666667
487.000000 325.333333
482.000000 334.666667
477.333333 344.000000
473.000000 353.000000
469.333333 361.666667
466.000000 370.000000
463.333333 377.666667
461.000000 385.000000
459.333333 392.000000
458.000000 399.333333
457.333333 406.333333
457.000000 413.333333
457.333333 420.000000
458.000000 427.333333
459.333333 435.000000
461.333333 443.000000
464.000000 451.000000
467.000000 459.333333
470.333333 468.000000
474.000000 477.000000
478.666667 486.333333
484.000000 495.666667
490.333333 505.333333
497.333333 515.000000
505.000000 524.666667
512.666667 534.333333
520.666667 543.666667
529.333333 553.333333
538.666667 562.333333
548.000000 571.333333
557.333333 580.000000
567.000000 589.333333
577.333333 598.666667
587.666667 608.000000
598.000000 617.333333
608.333333 627.000000
619.000000 637.000000
630.000000 646.666667
641.333333 656.000000
652.000000 664.666667
663.000000 673.333333
673.333333 681.333333
684.000000 688.666667
693.666667 695.000000
702.666667 700.666667
711.000000 705.666667
718.666667 709.666667
725.666667 712.666667
732.333333 715.000000
738.666667 717.000000
745.000000 718.666667
750.333333 720.000000
755.666667 721.000000
760.000000 722.000000
763.333333 722.333333
