660.333333 295.666667
653.000000 287.666667
645.333333 278.666667
637.333333 269.666667
628.666667 260.666667
618.666667 252.000000
608.666667 243.333333
598.666667 235.000000
588.666667 227.000000
577.666667 219.333333
566.333333 212.000000
554.666667 205.333333
543.000000 199.000000
531.000000 193.333333
519.333333 188.333333
507.666667 184.333333
496.333333 180.666667
485.333333 177.666667
475.000000 175.000000
460.666667 174.000000
447.666667 174.333333
436.333333 176.333333
430.666667 179.333333
425.333333 183.000000
420.000000 187.666667
415.000000 193.000000
410.333333 199.000000
405.666667 205.666667
401.666667 213.333333
398.000000 222.000000
395.000000 231.000000
392.333333 240.666667
390.000000 250.666667
388.333333 261.000000
387.000000 271.000000
386.000000 280.666667
385.333333 290.333333
385.000000 300.000000
385.333333 310.000000
385.666667 320.333333
386.666667 331.333333
388.000000 343.333333
390.000000 355.333333
392.333333 367.000000
395.333333 378.333333
399.333333 389.666667
404.000000 401.333333
409.000000 412.666667
414.000000 424.333333
419.000000 435.666667
424.000000 447.333333
429.333333 458.333333
435.666667 469.000000
443.333333 479.666667
452.000000 490.666667
461.000000 502.000000
470.666667 513.666667
481.333333 526.000000
493.333333 539.000000
505.666667 552.000000
518.666667 565.000000
532.000000 578.000000
545.666667 591.333333
559.666667 605.000000
573.666667 619.333333
588.000000 634.000000
601.333333 648.666667
614.666667 663.666667
628.000000 678.666667
641.000000 693.333333
653.000000 706.666667
663.666667 718.666667
674.000000 729.333333
683.666667 738.666667
692.666667 746.333333
700.000000 752.333333
705.666667 756.666667
709.333333 759.333333
712.000000 761.000000
713.666667 762.000000
715.000000 762.333333
715.666667 762.000000
