806.000000 356.333333
806.000000 354.666667
806.000000 353.333333
806.000000 351.666667
806.000000 350.000000
806.000000 348.333333
806.333333 346.333333
806.666667 344.333333
807.000000 341.666667
807.000000 339.000000
807.000000 336.000000
807.333333 332.666667
807.666667 329.000000
808.333333 325.000000
808.666667 321.000000
809.000000 317.000000
809.333333 313.000000
810.000000 309.333333
811.000000 306.000000
811.666667 303.000000
812.333333 300.000000
813.000000 296.666667
814.000000 293.333333
815.333333 289.666667
817.000000 286.000000
819.333333 281.333333
822.000000 276.333333
825.000000 271.000000
828.333333 266.333333
832.333333 261.666667
836.666667 257.333333
841.333333 253.000000
845.666667 249.000000
850.000000 245.000000
854.000000 241.333333
858.000000 238.000000
861.666667 234.666667
865.666667 231.000000
870.000000 227.000000
875.000000 223.000000
880.333333 219.333333
886.000000 215.666667
891.666667 212.333333
897.000000 209.000000
901.666667 206.333333
906.333333 203.666667
911.000000 201.333333
916.333333 198.666667
922.000000 196.333333
928.333333 194.000000
934.666667 192.000000
941.000000 190.000000
947.000000 188.000000
953.000000 185.666667
959.000000 183.333333
965.333333 181.000000
971.666667 179.000000
978.333333 177.000000
984.333333 175.333333
990.000000 173.666667
995.000000 172.333333
999.666667 170.666667
1004.000000 169.333333
1008.000000 168.000000
1013.333333 167.000000
1023.333333 166.666667
1033.666667 167.000000
1042.666667 168.000000
1047.000000 169.333333
1051.000000 170.666667
1055.000000 172.000000
1059.000000 173.333333
1063.333333 175.333333
1068.000000 177.666667
1073.000000 180.000000
1078.333333 182.333333
1083.666667 185.000000
1089.000000 187.666667
1093.666667 190.333333
1098.333333 193.000000
1103.000000 196.000000
1108.000000 199.333333
1113.333333 203.333333
1118.666667 208.000000
1124.000000 213.000000
1128.666667 218.000000
1133.000000 223.000000
1136.666667 228.000000
1140.000000 233.000000
1143.000000 237.666667
1145.666667 242.333333
1148.000000 247.000000
1150.000000 252.000000
1151.666667 257.000000
1153.000000 262.000000
1154.000000 267.333333
1155.000000 272.666667
1156.000000 278.000000
1156.666667 282.666667
1157.333333 287.666667
1158.000000 292.666667
1159.000000 298.333333
1159.666667 304.000000
1160.000000 309.666667
1160.000000 315.333333
1160.000000 320.333333
1160.000000 325.000000
1160.000000 329.000000
1160.000000 333.000000
1160.000000 336.666667
1160.000000 340.333333
1159.666667 343.666667
1159.333333 347.333333
1158.666667 351.000000
1158.000000 355.000000
1157.333333 359.000000
1156.333333 363.333333
1155.333333 368.000000
1154.000000 372.666667
1153.000000 377.000000
1151.666667 381.333333
1150.333333 386.000000
1148.666667 390.666667
1147.000000 395.666667
1144.666667 401.000000
1142.000000 407.000000
1138.666667 412.666667
1135.000000 418.333333
1131.000000 423.666667
1127.333333 429.000000
1123.666667 434.000000
1120.000000 439.333333
1116.000000 445.000000
1112.333333 450.666667
1109.000000 456.333333
1106.000000 462.000000
1103.333333 467.666667
1100.666667 473.000000
1097.666667 478.000000
1094.333333 483.000000
1090.666667 488.000000
1087.000000 493.000000
1082.666667 498.333333
1078.333333 504.000000
1074.000000 510.000000
1070.000000 516.000000
1066.333333 521.666667
1063.000000 526.666667
1059.666667 531.333333
1056.000000 536.333333
1052.000000 542.000000
1047.666667 548.000000
1043.000000 554.333333
1037.666667 560.666667
1032.333333 567.333333
1027.000000 573.666667
1022.000000 580.000000
1017.000000 586.333333
1012.333333 593.000000
1007.666667 600.000000
1003.000000 606.666667
998.000000 613.000000
993.000000 618.666667
988.000000 624.333333
983.000000 629.666667
977.666667 635.666667
972.333333 641.666667
967.000000 648.666667
961.666667 655.333333
956.000000 662.333333
949.333333 669.000000
942.333333 676.000000
935.333333 682.666667
928.666667 689.666667
922.666667 696.333333
917.000000 703.333333
911.666667 709.666667
906.333333 715.666667
900.666667 721.000000
895.000000 726.333333
889.333333 731.666667
883.666667 737.000000
878.333333 742.000000
873.000000 747.000000
868.000000 752.000000
863.000000 757.000000
858.000000 761.666667
853.000000 766.000000
848.000000 769.666667
843.333333 772.666667
839.000000 775.000000
835.000000 776.666667
831.333333 778.333333
827.666667 779.666667
825.000000 781.000000
822.666667 781.333333
