869.666667 402.666667
869.333333 401.333333
869.000000 400.000000
869.000000 399.000000
869.000000 397.666667
869.000000 396.333333
869.000000 394.666667
869.000000 393.333333
869.333333 391.333333
869.666667 389.333333
870.333333 386.666667
871.000000 384.000000
872.000000 380.666667
873.000000 377.000000
874.000000 372.666667
875.333333 368.000000
877.000000 363.000000
879.333333 357.666667
882.000000 352.000000
885.333333 345.666667
889.000000 338.666667
893.333333 331.000000
897.666667 323.000000
902.333333 315.000000
907.333333 307.000000
913.000000 298.333333
919.666667 289.333333
927.000000 279.666667
935.000000 270.000000
943.333333 260.000000
952.000000 249.666667
961.333333 239.000000
971.333333 228.666667
981.666667 218.666667
992.333333 209.000000
1003.333333 198.666667
1014.666667 188.666667
1026.000000 179.000000
1037.333333 170.333333
1049.333333 162.333333
1062.000000 155.000000
1074.666667 148.666667
1087.666667 143.000000
1101.000000 138.333333
1114.666667 134.666667
1128.000000 132.000000
1145.666667 131.000000
1163.000000 131.666667
1180.333333 134.000000
1193.333333 137.666667
1206.666667 142.000000
1219.666667 147.666667
1231.333333 154.666667
1242.000000 163.000000
1251.666667 172.000000
1260.666667 181.000000
1268.666667 190.666667
1275.333333 201.000000
1280.666667 212.000000
1284.666667 223.000000
1287.333333 234.333333
1288.666667 246.000000
1289.000000 258.000000
1288.000000 270.666667
1286.000000 284.000000
1282.666667 298.000000
1278.666667 312.666667
1274.000000 328.000000
1269.000000 343.666667
1264.000000 359.000000
1258.666667 374.333333
1253.333333 389.666667
1247.333333 405.000000
1240.666667 420.000000
1233.000000 435.333333
1224.666667 450.333333
1216.333333 465.666667
1207.333333 481.000000
1198.000000 496.666667
1187.666667 512.000000
1177.333333 526.666667
1167.000000 540.666667
1157.000000 553.666667
1146.333333 565.666667
1135.333333 576.333333
1124.000000 586.000000
1112.666667 595.000000
1100.666667 603.666667
1088.666667 611.666667
1077.000000 619.000000
1065.666667 625.666667
1054.000000 632.333333
1042.333333 639.000000
1031.666667 646.333333
1021.666667 653.666667
1012.000000 661.000000
1002.333333 668.000000
992.666667 675.333333
983.333333 682.666667
974.333333 690.333333
965.666667 697.666667
956.666667 705.333333
947.333333 712.333333
938.000000 719.000000
929.333333 724.666667
921.000000 730.333333
913.000000 736.000000
905.000000 741.666667
897.000000 747.000000
890.000000 751.666667
884.333333 755.666667
880.333333 758.666667
877.000000 760.666667
874.666667 762.000000
873.000000 763.000000
872.000000 764.000000
871.333333 764.333333
