814.000000 354.333333
814.000000 352.666667
813.666667 350.666667
813.333333 348.333333
813.000000 346.000000
813.000000 343.666667
813.000000 341.000000
813.000000 337.666667
813.000000 334.000000
813.000000 329.666667
813.000000 325.000000
813.333333 320.000000
813.666667 315.000000
814.000000 310.000000
814.000000 305.333333
814.000000 301.000000
814.333333 296.666667
814.666667 292.333333
815.666667 287.666667
816.666667 283.000000
818.333333 277.666667
820.000000 272.333333
822.666667 267.000000
825.666667 262.000000
829.333333 257.333333
832.666667 253.000000
836.666667 248.666667
840.666667 244.333333
845.000000 240.000000
849.000000 236.000000
853.000000 232.000000
856.666667 228.000000
860.333333 224.000000
863.666667 220.000000
867.000000 216.333333
870.333333 212.666667
874.000000 209.333333
878.333333 206.000000
882.666667 203.000000
887.333333 200.333333
891.666667 198.000000
896.000000 196.000000
899.666667 194.000000
903.333333 192.333333
907.000000 190.666667
910.666667 189.000000
914.666667 187.000000
919.000000 185.000000
924.333333 183.333333
929.666667 182.000000
935.000000 180.666667
939.666667 179.333333
944.000000 178.000000
948.000000 177.000000
952.000000 176.000000
956.000000 175.000000
960.333333 174.000000
967.000000 173.000000
979.666667 172.666667
992.666667 173.000000
1004.333333 174.333333
1010.666667 175.666667
1017.333333 177.666667
1024.000000 179.666667
1030.666667 182.333333
1036.666667 185.000000
1041.666667 188.000000
1046.000000 191.000000
1051.333333 195.000000
1056.666667 199.666667
1062.000000 205.000000
1065.666667 210.333333
1069.333333 216.000000
1072.666667 222.000000
1076.000000 228.000000
1079.333333 234.333333
1082.666667 241.000000
1086.000000 248.333333
1089.000000 256.000000
1091.666667 263.666667
1094.000000 270.666667
1096.000000 277.000000
1098.000000 283.000000
1099.666667 289.000000
1101.000000 294.666667
1102.000000 300.333333
1102.666667 306.000000
1103.000000 311.666667
1103.000000 317.000000
1103.000000 322.000000
1103.000000 327.000000
1103.000000 332.000000
1102.666667 337.000000
1102.000000 342.000000
1101.000000 347.333333
1100.333333 352.666667
1099.666667 358.666667
1099.000000 364.333333
1098.000000 370.000000
1096.666667 375.000000
1094.666667 380.333333
1092.333333 385.666667
1089.333333 391.666667
1086.333333 397.666667
1082.333333 404.666667
1078.000000 411.666667
1073.333333 419.333333
1068.666667 427.333333
1064.333333 435.666667
1060.000000 444.333333
1056.000000 452.666667
1052.000000 460.666667
1047.666667 468.333333
1043.333333 475.666667
1038.666667 483.000000
1034.000000 490.333333
1029.000000 498.000000
1024.000000 505.666667
1019.333333 513.333333
1015.000000 520.333333
1011.000000 527.666667
1006.333333 535.333333
1001.333333 543.333333
995.666667 551.333333
990.333333 559.000000
984.666667 566.666667
979.000000 573.666667
973.333333 580.666667
968.000000 588.000000
963.000000 595.666667
958.000000 603.000000
952.666667 609.666667
947.000000 616.333333
941.000000 623.333333
934.666667 630.666667
928.666667 638.666667
922.666667 646.666667
917.000000 655.000000
911.000000 663.000000
904.666667 671.333333
897.666667 680.333333
890.333333 689.666667
883.333333 699.000000
876.666667 708.333333
870.333333 717.666667
863.333333 727.333333
856.000000 737.000000
848.333333 746.666667
841.000000 755.666667
834.333333 764.000000
828.000000 771.666667
822.666667 778.666667
817.666667 785.000000
813.333333 790.333333
809.333333 795.000000
806.333333 798.666667
804.000000 801.666667
802.333333 803.666667
801.000000 805.000000
800.333333 806.000000
799.666667 807.000000
799.333333 807.333333
