461.000000 428.333333
457.333333 423.000000
453.666667 416.666667
449.666667 410.000000
445.000000 402.333333
439.666667 394.000000
433.666667 385.333333
427.000000 376.666667
419.333333 368.333333
411.333333 360.333333
403.000000 352.666667
394.666667 345.333333
385.666667 338.000000
375.666667 331.000000
365.666667 324.333333
356.000000 318.333333
346.333333 313.000000
336.333333 308.333333
326.000000 304.333333
316.333333 301.333333
307.333333 299.333333
298.333333 297.666667
289.333333 297.000000
277.000000 297.000000
265.333333 298.000000
253.666667 299.333333
245.333333 301.000000
237.000000 303.333333
229.000000 306.000000
221.000000 309.333333
213.333333 312.666667
206.000000 316.333333
199.333333 320.000000
193.333333 324.000000
187.666667 328.333333
182.000000 332.666667
176.666667 337.333333
171.666667 341.666667
167.333333 346.666667
162.666667 352.333333
159.000000 359.000000
156.000000 366.000000
154.333333 373.333333
153.333333 381.000000
153.333333 389.000000
154.333333 397.333333
156.333333 406.000000
158.666667 415.000000
161.666667 424.000000
165.000000 433.333333
169.333333 442.666667
174.333333 452.333333
180.000000 462.000000
186.666667 472.333333
194.666667 483.333333
204.333333 495.333333
215.333333 508.000000
227.666667 521.666667
240.666667 536.333333
254.666667 552.000000
269.000000 568.333333
284.000000 584.666667
299.000000 601.333333
314.000000 617.666667
329.000000 633.333333
344.000000 648.000000
358.666667 661.333333
373.000000 673.666667
387.000000 684.666667
400.666667 694.333333
413.666667 702.666667
426.333333 709.666667
438.666667 716.000000
451.000000 721.333333
462.666667 726.333333
474.333333 730.666667
486.000000 735.333333
498.000000 739.666667
510.000000 744.333333
522.000000 748.666667
534.333333 753.333333
546.333333 757.666667
558.333333 762.000000
570.000000 766.000000
582.000000 770.000000
593.666667 773.666667
604.666667 777.333333
615.333333 780.666667
626.000000 784.000000
636.666667 787.333333
646.333333 790.333333
654.666667 793.333333
661.333333 795.666667
666.666667 797.666667
670.333333 799.000000
673.000000 800.000000
675.000000 800.333333
676.666667 800.000000
677.666667 799.000000
