420.000000 413.666667
417.666667 411.666667
415.000000 409.333333
411.666667 406.666667
407.666667 404.000000
403.000000 401.000000
398.000000 398.333333
393.000000 395.666667
388.000000 393.333333
382.333333 390.333333
375.666667 387.333333
368.333333 384.000000
360.666667 381.000000
353.000000 377.666667
345.000000 374.000000
336.666667 370.333333
328.333333 366.666667
319.666667 363.333333
311.333333 360.000000
303.000000 357.333333
294.666667 355.000000
286.000000 353.000000
277.333333 351.333333
268.666667 350.000000
260.333333 349.000000
243.333333 348.666667
226.666667 349.333333
210.333333 351.000000
203.333333 353.000000
196.666667 355.333333
190.666667 358.000000
184.666667 361.333333
179.333333 365.000000
174.000000 369.000000
169.333333 373.000000
164.666667 377.333333
160.666667 382.333333
156.666667 388.000000
153.333333 394.000000
150.333333 400.333333
148.000000 407.000000
146.000000 413.666667
144.333333 420.666667
142.666667 427.666667
141.333333 435.333333
140.333333 443.333333
140.000000 451.333333
140.000000 459.333333
140.000000 466.666667
140.333333 474.000000
141.000000 481.000000
142.000000 488.333333
143.000000 496.000000
144.333333 503.666667
145.666667 511.333333
147.666667 519.000000
149.666667 526.333333
152.666667 533.666667
155.666667 540.666667
159.666667 548.333333
163.666667 555.333333
168.333333 562.000000
172.666667 568.000000
177.666667 574.000000
182.666667 580.000000
188.666667 586.333333
195.000000 593.000000
202.333333 600.000000
210.000000 606.666667
218.000000 613.000000
226.333333 619.333333
235.333333 625.333333
245.000000 631.000000
254.666667 636.000000
264.333333 641.333333
274.000000 646.666667
284.666667 652.000000
295.666667 657.000000
307.000000 662.000000
318.333333 667.000000
330.333333 671.666667
342.666667 676.000000
355.000000 680.000000
367.000000 684.000000
379.666667 688.000000
392.666667 692.000000
406.000000 696.000000
419.666667 700.000000
433.666667 704.333333
448.333333 708.666667
463.333333 713.333333
478.666667 718.000000
494.333333 723.333333
510.333333 729.000000
526.666667 735.333333
543.333333 742.000000
560.000000 749.000000
576.333333 756.000000
592.333333 763.000000
607.666667 770.000000
623.000000 776.666667
637.333333 783.000000
651.000000 788.666667
663.666667 794.000000
675.666667 798.666667
686.666667 802.666667
696.000000 806.000000
704.000000 808.666667
710.333333 811.000000
716.333333 812.666667
721.666667 814.000000
726.666667 815.000000
733.000000 815.333333
738.000000 815.000000
742.000000 814.000000
742.666667 813.000000
743.000000 812.000000
743.333333 811.000000
744.000000 810.000000
744.666667 809.000000
