682.000000 390.000000
682.000000 387.666667
682.000000 384.666667
682.000000 381.000000
681.666667 377.000000
681.333333 373.000000
681.000000 368.666667
681.000000 364.000000
681.000000 359.000000
681.000000 353.666667
681.000000 348.333333
680.666667 342.333333
680.333333 336.333333
679.666667 329.333333
679.000000 322.333333
678.000000 314.666667
677.000000 307.333333
676.000000 299.666667
675.000000 292.333333
673.666667 285.000000
672.000000 277.666667
670.333333 270.333333
668.666667 263.000000
667.000000 256.333333
665.000000 250.000000
663.000000 244.333333
661.000000 238.666667
659.000000 233.000000
656.666667 227.000000
654.000000 221.000000
651.000000 215.333333
648.000000 210.000000
645.000000 204.666667
641.666667 199.333333
638.333333 193.666667
634.666667 188.000000
631.666667 182.333333
628.666667 177.000000
626.000000 172.000000
623.333333 167.333333
621.000000 163.000000
618.666667 159.333333
616.333333 156.000000
613.666667 153.333333
610.666667 150.666667
607.000000 148.000000
602.666667 145.333333
598.333333 143.333333
594.000000 142.000000
584.333333 141.666667
573.333333 142.000000
561.333333 143.000000
553.666667 144.333333
546.333333 146.000000
538.666667 148.666667
531.000000 151.666667
522.666667 155.666667
514.666667 160.000000
507.000000 165.000000
500.333333 170.333333
494.000000 176.000000
488.333333 182.333333
483.000000 189.333333
478.000000 196.666667
473.333333 204.666667
469.000000 212.666667
465.000000 221.333333
461.333333 230.000000
457.666667 239.333333
454.333333 249.000000
451.000000 259.333333
448.000000 269.666667
445.000000 280.333333
442.333333 290.666667
440.333333 301.000000
438.666667 311.333333
437.666667 322.000000
436.666667 332.666667
436.333333 343.000000
436.333333 353.333333
436.666667 363.666667
437.666667 374.000000
438.666667 383.666667
440.666667 393.000000
443.000000 402.333333
446.333333 411.666667
450.333333 421.333333
455.333333 431.333333
460.666667 442.000000
466.666667 453.000000
472.666667 464.333333
479.666667 476.000000
487.000000 488.333333
495.333333 501.333333
504.333333 515.333333
514.000000 530.333333
524.000000 546.000000
534.333333 561.666667
545.000000 577.333333
555.666667 593.000000
566.333333 608.666667
577.000000 624.333333
588.000000 639.666667
598.333333 654.666667
608.333333 669.000000
617.666667 682.666667
627.000000 695.333333
635.666667 707.000000
644.000000 717.333333
651.666667 727.333333
658.666667 736.000000
664.666667 744.000000
669.333333 750.333333
673.000000 755.666667
676.000000 760.000000
678.333333 763.333333
680.333333 766.000000
681.666667 767.666667
682.666667 769.000000
683.000000 770.000000
683.666667 770.333333
