863.000000 383.000000
863.000000 379.000000
863.000000 374.666667
863.000000 370.333333
863.000000 365.666667
863.000000 361.333333
863.333333 357.000000
863.666667 353.000000
864.333333 347.666667
865.000000 342.333333
865.666667 337.000000
866.333333 333.000000
867.333333 328.666667
868.666667 324.333333
870.333333 320.000000
871.666667 316.000000
873.333333 312.000000
875.333333 308.000000
877.666667 304.000000
880.333333 300.333333
884.000000 295.666667
888.000000 290.666667
892.333333 285.333333
896.000000 280.666667
899.666667 276.000000
903.000000 271.333333
906.000000 266.666667
909.333333 262.333333
912.666667 258.000000
916.000000 254.000000
919.333333 250.000000
923.000000 246.000000
927.333333 242.000000
931.333333 238.333333
935.666667 234.666667
939.333333 231.000000
943.333333 227.333333
946.666667 224.000000
949.666667 221.333333
952.333333 218.666667
954.666667 216.000000
957.333333 213.333333
959.666667 210.666667
962.000000 208.333333
964.333333 206.000000
967.000000 204.000000
970.333333 202.000000
973.666667 200.000000
977.000000 198.333333
980.333333 196.666667
983.666667 195.333333
987.333333 193.666667
990.666667 192.333333
994.000000 190.666667
997.000000 189.333333
1000.000000 187.666667
1003.000000 186.000000
1006.000000 184.333333
1009.000000 183.000000
1012.333333 181.666667
1015.666667 180.333333
1019.333333 179.000000
1023.000000 178.000000
1027.333333 176.666667
1032.000000 175.333333
1036.333333 174.000000
1040.333333 173.000000
1044.000000 172.000000
1048.000000 171.000000
1052.000000 170.000000
1056.000000 168.666667
1060.333333 167.333333
1066.333333 166.000000
1072.666667 165.000000
1080.333333 164.000000
1094.333333 163.666667
1108.000000 164.000000
1121.000000 165.000000
1127.333333 166.000000
1133.333333 167.000000
1138.000000 168.000000
1141.000000 169.000000
1144.000000 170.000000
1147.000000 171.333333
1150.000000 172.666667
1153.000000 174.333333
1156.000000 176.000000
1159.333333 178.000000
1163.000000 180.333333
1167.000000 182.666667
1171.333333 185.333333
1175.666667 187.666667
1180.000000 190.000000
1184.000000 192.333333
1187.666667 194.666667
1191.000000 197.000000
1195.000000 200.333333
1199.000000 204.000000
1202.666667 207.666667
1205.333333 210.333333
1207.666667 212.666667
1210.333333 215.333333
1213.000000 218.000000
1215.666667 220.666667
1218.000000 223.000000
1220.000000 225.000000
1222.333333 227.333333
1224.666667 229.666667
1227.333333 232.000000
1229.666667 234.333333
1232.333333 237.000000
1234.666667 240.000000
1237.000000 243.000000
1239.000000 246.333333
1240.666667 249.666667
1242.000000 253.333333
1243.333333 257.000000
1244.666667 261.000000
1246.000000 265.000000
1247.000000 269.000000
1248.000000 273.000000
1249.000000 277.000000
1249.666667 281.000000
1250.333333 284.666667
1250.666667 288.333333
1251.333333 291.666667
1252.000000 295.333333
1252.666667 299.000000
1253.333333 302.666667
1254.000000 306.333333
1255.000000 310.000000
1256.000000 314.000000
1256.666667 318.000000
1257.333333 322.000000
1257.666667 326.000000
1258.333333 330.000000
1258.666667 334.333333
1259.000000 338.666667
1259.000000 343.333333
1259.000000 347.666667
1259.000000 352.000000
1259.000000 356.333333
1258.666667 360.666667
1258.333333 365.000000
1257.666667 369.000000
1257.000000 373.000000
1256.333333 377.000000
1255.666667 380.666667
1255.000000 384.333333
1253.666667 388.000000
1252.333333 391.666667
1251.000000 395.333333
1250.000000 399.000000
1249.000000 403.000000
1247.666667 407.000000
1246.333333 411.000000
1244.666667 415.333333
1243.333333 419.333333
1241.666667 423.333333
1240.000000 427.000000
1238.000000 431.000000
1235.666667 435.000000
1232.666667 439.000000
1229.000000 443.000000
1225.000000 447.333333
1221.000000 452.000000
1216.666667 457.000000
1212.333333 462.333333
1208.333333 467.333333
1205.000000 472.000000
1201.666667 476.000000
1198.000000 480.000000
1193.666667 484.333333
1188.666667 489.000000
1182.666667 494.000000
1176.666667 498.666667
1170.666667 503.666667
1165.000000 508.666667
1159.333333 513.666667
1153.666667 518.333333
1147.666667 523.000000
1140.666667 527.666667
1133.333333 532.333333
1126.333333 536.666667
1120.000000 541.333333
1114.000000 546.000000
1108.000000 551.333333
1101.333333 557.333333
1094.333333 563.666667
1087.000000 570.000000
1080.000000 576.000000
1073.333333 582.333333
1067.000000 589.333333
1061.000000 596.666667
1055.000000 604.333333
1049.000000 611.666667
1042.666667 619.000000
1036.333333 625.666667
1029.666667 632.333333
1023.666667 639.333333
1018.000000 646.666667
1013.000000 654.000000
1008.000000 660.666667
1003.000000 667.333333
997.666667 673.666667
992.000000 680.333333
986.000000 687.000000
980.000000 694.333333
974.333333 701.666667
969.333333 709.000000
964.666667 716.000000
960.333333 723.333333
956.000000 730.666667
952.000000 738.333333
947.666667 745.666667
943.333333 753.000000
938.666667 759.666667
934.333333 766.000000
930.000000 772.333333
926.000000 778.666667
922.000000 785.333333
918.333333 791.666667
914.666667 798.333333
911.333333 804.666667
908.000000 810.666667
905.000000 816.333333
902.000000 821.666667
899.000000 827.000000
896.000000 831.666667
893.000000 836.000000
890.333333 839.666667
888.000000 843.333333
886.000000 846.333333
884.666667 849.000000
883.666667 851.000000
883.000000 852.666667
882.333333 854.000000
882.000000 855.000000
882.000000 855.333333
882.000000 854.000000
