710.000000 357.000000
710.333333 354.000000
710.666667 350.666667
711.000000 347.333333
710.666667 343.666667
710.333333 339.333333
709.666667 334.333333
708.666667 328.333333
707.333333 322.333333
705.666667 315.666667
704.000000 309.000000
702.000000 302.333333
700.000000 296.000000
698.000000 289.666667
695.666667 283.333333
693.000000 277.000000
690.333333 271.000000
687.666667 265.333333
685.333333 260.000000
682.666667 255.000000
680.000000 250.333333
677.000000 245.666667
674.000000 241.000000
670.666667 235.666667
666.666667 230.000000
661.666667 223.666667
656.000000 217.333333
650.000000 210.666667
644.000000 204.000000
638.000000 197.000000
631.666667 190.000000
625.000000 183.333333
617.666667 177.000000
609.666667 171.000000
601.000000 165.666667
591.666667 161.333333
581.666667 158.666667
567.333333 158.000000
552.333333 159.666667
537.000000 163.333333
525.000000 168.333333
513.333333 174.333333
502.333333 181.333333
492.000000 189.333333
482.333333 198.000000
473.000000 207.000000
464.000000 216.000000
455.666667 225.000000
448.000000 234.000000
441.666667 242.666667
436.000000 250.666667
431.666667 258.333333
427.666667 265.666667
424.333333 272.666667
421.333333 279.333333
419.000000 285.333333
417.000000 291.333333
415.333333 297.000000
414.333333 303.000000
414.333333 309.666667
415.000000 316.666667
416.333333 325.000000
418.333333 334.000000
421.000000 344.333333
423.666667 355.333333
426.666667 366.666667
430.000000 378.333333
434.666667 390.000000
439.666667 402.333333
445.333333 414.666667
451.333333 427.666667
458.000000 440.333333
465.000000 453.333333
472.000000 466.333333
479.333333 480.000000
487.333333 494.333333
496.000000 509.000000
505.000000 524.333333
514.000000 540.000000
523.333333 556.333333
533.333333 572.333333
543.666667 588.666667
554.333333 604.333333
565.000000 620.333333
576.333333 635.666667
588.000000 650.666667
599.666667 665.000000
611.333333 679.000000
623.000000 692.333333
634.666667 705.000000
646.000000 717.000000
657.000000 729.000000
667.666667 741.000000
678.000000 753.000000
687.333333 765.000000
696.000000 777.333333
703.333333 789.333333
709.666667 800.666667
714.666667 811.000000
719.000000 820.333333
723.000000 829.000000
726.666667 836.333333
730.000000 842.666667
732.666667 847.666667
735.000000 851.333333
736.666667 853.666667
738.000000 855.000000
739.000000 856.000000
740.000000 857.000000
741.333333 857.333333
742.666667 857.000000
744.000000 856.000000
745.000000 855.000000
746.000000 854.000000
747.000000 852.666667
748.000000 851.333333
749.000000 849.666667
