1226.333333 249.333333
1216.666667 246.000000
1206.666667 243.000000
1195.666667 239.666667
1184.000000 236.000000
1172.000000 231.666667
1159.666667 227.000000
1147.000000 221.666667
1134.333333 216.333333
1122.000000 210.666667
1109.333333 205.333333
1096.333333 200.000000
1083.000000 195.000000
1069.666667 190.000000
1056.000000 185.333333
1042.333333 180.666667
1028.666667 176.000000
1014.666667 171.333333
1000.333333 166.666667
986.333333 162.333333
972.000000 158.333333
957.333333 154.666667
942.333333 151.333333
927.333333 148.000000
912.333333 144.666667
897.333333 141.000000
882.333333 137.000000
867.333333 133.000000
852.333333 128.666667
837.333333 124.333333
822.000000 120.000000
806.333333 115.666667
791.000000 111.666667
775.666667 108.000000
760.666667 105.000000
746.000000 102.000000
731.333333 99.666667
716.666667 97.666667
702.000000 96.000000
683.333333 94.333333
665.000000 93.000000
642.333333 92.000000
620.333333 91.000000
598.333333 90.000000
580.666667 89.000000
567.333333 88.000000
554.333333 87.000000
541.000000 86.000000
527.333333 85.000000
513.333333 84.000000
499.666667 83.000000
486.000000 82.000000
472.333333 81.000000
454.666667 80.000000
429.000000 79.000000
395.666667 78.666667
356.000000 79.000000
