534.000000 346.666667
532.000000 341.666667
530.333333 335.333333
528.666667 328.333333
527.333333 320.666667
526.333333 313.333333
526.000000 305.333333
526.000000 297.000000
526.000000 287.666667
526.000000 278.333333
526.333333 269.000000
527.000000 260.333333
528.333333 251.333333
529.666667 242.000000
531.333333 232.333333
533.000000 223.333333
535.333333 215.000000
538.000000 207.000000
541.000000 199.000000
544.333333 190.666667
548.333333 182.333333
552.666667 174.333333
557.000000 167.333333
561.333333 160.666667
565.666667 154.666667
570.333333 148.666667
575.333333 143.333333
581.333333 137.666667
588.000000 132.333333
595.000000 127.000000
601.666667 122.333333
608.666667 118.000000
615.666667 114.333333
623.666667 111.000000
632.000000 108.000000
641.000000 105.333333
649.666667 103.333333
658.333333 102.000000
667.333333 101.000000
682.666667 100.666667
698.000000 101.000000
712.666667 102.333333
721.333333 104.333333
730.000000 107.333333
738.333333 111.333333
746.333333 116.333333
753.333333 122.000000
760.333333 128.333333
767.333333 135.000000
774.666667 142.666667
781.666667 151.000000
788.000000 160.000000
793.666667 169.000000
799.000000 178.333333
804.000000 189.000000
808.333333 200.666667
812.333333 213.000000
815.666667 225.666667
819.333333 239.333333
822.666667 253.666667
826.000000 268.000000
829.000000 282.333333
831.666667 296.666667
834.333333 311.333333
836.666667 326.000000
839.333333 341.333333
841.666667 356.666667
844.000000 372.333333
846.000000 388.333333
848.000000 405.333333
849.666667 423.000000
851.333333 440.666667
852.333333 458.333333
853.333333 476.000000
853.333333 494.000000
853.000000 512.333333
852.000000 531.000000
850.666667 550.000000
849.000000 569.333333
847.000000 589.000000
844.666667 609.333333
842.000000 629.666667
839.000000 650.000000
835.666667 669.666667
832.333333 688.666667
829.000000 707.000000
826.333333 723.666667
824.000000 737.666667
822.333333 748.666667
821.333333 757.666667
821.000000 765.000000
821.333333 770.333333
821.666667 773.666667
822.000000 775.666667
822.333333 775.666667
822.666667 774.333333
822.666667 771.000000
