720.666667 402.333333
720.000000 396.666667
719.333333 391.000000
718.666667 385.333333
718.333333 379.666667
717.666667 374.000000
717.333333 368.333333
717.000000 363.000000
716.666667 358.333333
716.333333 354.000000
715.666667 350.333333
715.333333 346.666667
714.666667 343.333333
714.000000 340.000000
713.000000 337.000000
712.000000 333.666667
711.000000 330.333333
710.000000 326.666667
709.000000 323.666667
707.666667 320.333333
706.000000 317.000000
704.000000 313.333333
702.000000 309.666667
700.000000 306.333333
697.666667 302.666667
695.000000 299.666667
691.666667 296.333333
688.333333 293.333333
685.333333 290.000000
682.666667 287.000000
680.000000 284.333333
677.000000 281.333333
674.000000 278.333333
671.333333 275.000000
668.666667 272.000000
666.000000 269.000000
662.666667 266.000000
659.333333 263.000000
656.000000 260.000000
653.333333 257.333333
650.666667 255.000000
648.000000 253.000000
645.333333 251.000000
643.000000 249.333333
641.000000 247.666667
639.000000 246.333333
637.000000 244.666667
635.000000 243.000000
633.333333 241.333333
631.666667 239.666667
630.000000 238.000000
628.000000 236.333333
626.000000 234.666667
624.333333 233.000000
622.333333 231.333333
620.333333 229.666667
618.000000 228.000000
616.000000 226.333333
613.666667 224.666667
611.333333 223.333333
609.000000 222.000000
606.666667 221.000000
604.333333 220.000000
601.666667 218.666667
598.666667 217.333333
595.666667 216.000000
592.666667 215.000000
589.000000 214.000000
585.000000 213.000000
580.000000 212.000000
573.000000 211.000000
549.666667 210.666667
522.333333 211.000000
496.000000 212.000000
486.000000 213.000000
480.666667 214.000000
477.000000 215.000000
473.000000 216.000000
469.000000 217.000000
464.666667 218.333333
460.333333 219.666667
456.000000 221.333333
452.333333 222.666667
448.666667 224.000000
445.333333 225.333333
441.666667 226.666667
438.333333 228.000000
435.000000 229.333333
432.333333 230.666667
429.666667 232.333333
427.000000 234.000000
424.333333 235.666667
421.666667 237.333333
419.666667 239.000000
417.666667 241.000000
415.666667 243.000000
413.666667 245.000000
411.666667 247.333333
410.000000 250.000000
408.000000 253.000000
406.000000 256.000000
404.333333 259.000000
402.666667 262.333333
401.333333 266.000000
399.666667 270.000000
398.333333 274.333333
397.000000 278.666667
396.000000 284.666667
395.333333 290.666667
395.000000 297.000000
394.666667 301.666667
394.333333 306.333333
394.000000 310.666667
394.000000 315.000000
394.000000 319.000000
394.000000 323.000000
394.000000 327.000000
394.000000 331.000000
394.000000 335.000000
394.000000 339.000000
394.000000 343.333333
394.000000 348.000000
394.000000 353.333333
394.000000 359.333333
394.333333 365.666667
394.666667 372.333333
394.666667 378.333333
394.333333 384.333333
394.000000 389.666667
394.000000 395.000000
394.000000 400.000000
394.000000 404.666667
394.000000 409.000000
394.000000 413.000000
394.333333 416.666667
394.666667 420.333333
395.333333 424.000000
395.666667 427.666667
396.333333 431.000000
396.666667 433.666667
397.000000 436.333333
397.000000 438.666667
397.000000 441.000000
397.333333 443.000000
397.666667 445.000000
398.000000 447.333333
398.333333 449.666667
399.000000 452.333333
400.000000 455.333333
400.666667 458.666667
401.666667 462.333333
402.666667 465.666667
404.333333 469.333333
406.000000 473.000000
408.000000 476.666667
410.000000 480.000000
412.000000 483.333333
414.000000 487.000000
416.000000 491.000000
418.333333 495.333333
420.666667 499.666667
423.333333 504.333333
426.000000 509.000000
429.000000 514.333333
431.666667 519.333333
434.666667 524.000000
438.000000 528.333333
442.000000 532.666667
446.666667 537.333333
451.666667 542.000000
457.000000 547.000000
462.000000 552.000000
467.333333 557.333333
472.666667 562.666667
478.000000 568.333333
483.666667 574.000000
490.000000 579.666667
496.666667 585.333333
503.000000 590.666667
509.000000 596.000000
514.666667 601.000000
520.000000 605.666667
525.333333 610.666667
531.000000 615.666667
537.333333 621.000000
544.000000 626.000000
550.666667 631.000000
557.000000 636.333333
563.000000 641.666667
569.000000 647.333333
575.000000 653.000000
581.333333 659.000000
587.666667 664.333333
594.000000 669.333333
600.000000 673.666667
605.666667 678.000000
610.666667 681.666667
615.333333 685.666667
620.000000 690.333333
625.000000 695.666667
630.333333 701.333333
636.000000 707.000000
641.666667 712.666667
647.333333 718.333333
652.666667 723.666667
657.666667 729.333333
662.333333 735.000000
666.666667 740.666667
671.000000 746.333333
675.333333 752.000000
679.666667 758.000000
684.333333 764.000000
689.000000 770.333333
694.000000 777.000000
699.000000 783.666667
703.666667 790.000000
707.666667 795.666667
711.333333 801.000000
714.666667 806.000000
718.000000 810.666667
721.000000 815.000000
724.666667 820.000000
728.333333 825.000000
731.666667 829.333333
733.666667 832.000000
735.333333 834.000000
736.666667 835.666667
738.000000 837.000000
738.666667 838.000000
739.333333 839.000000
740.000000 840.000000
740.666667 841.000000
