668.333333 348.333333
668.666667 346.666667
669.000000 345.333333
669.000000 344.000000
669.333333 343.000000
669.666667 342.000000
670.000000 341.000000
670.000000 340.000000
670.000000 339.000000
670.333333 338.000000
670.666667 337.000000
671.000000 335.666667
671.000000 334.000000
671.000000 331.666667
670.666667 329.000000
670.333333 325.666667
669.333333 321.666667
668.333333 317.000000
666.666667 311.666667
665.000000 306.333333
663.000000 300.666667
660.666667 295.000000
658.000000 289.000000
655.333333 282.666667
652.666667 276.333333
650.000000 270.000000
647.000000 264.000000
644.333333 258.333333
641.666667 253.000000
639.000000 248.000000
636.000000 243.000000
633.000000 237.666667
630.000000 232.333333
627.000000 226.666667
624.000000 221.000000
620.666667 215.333333
617.333333 210.000000
613.666667 205.000000
609.666667 200.333333
605.333333 195.333333
601.000000 190.333333
596.666667 185.333333
592.333333 180.666667
587.666667 175.666667
583.333333 170.666667
579.000000 166.000000
574.666667 162.000000
570.000000 158.000000
565.000000 154.000000
559.666667 150.666667
554.333333 148.000000
549.000000 146.000000
544.333333 144.333333
540.000000 143.000000
534.666667 142.000000
527.666667 141.000000
509.000000 140.666667
492.000000 141.000000
476.666667 142.000000
473.000000 143.000000
469.000000 144.666667
465.000000 146.666667
461.000000 149.333333
457.333333 152.000000
453.666667 155.333333
450.333333 159.333333
446.666667 164.000000
443.333333 169.000000
440.000000 174.000000
437.000000 179.000000
434.333333 184.000000
431.666667 189.000000
429.000000 194.000000
426.000000 199.000000
423.000000 204.000000
420.333333 209.333333
417.666667 214.333333
415.333333 219.333333
413.000000 224.000000
411.000000 228.666667
409.333333 233.000000
408.000000 237.000000
407.000000 241.000000
406.000000 244.666667
405.333333 248.333333
404.666667 252.000000
404.333333 255.666667
403.666667 259.333333
403.333333 263.333333
403.000000 267.666667
403.000000 272.000000
403.000000 276.333333
403.000000 281.000000
403.000000 285.666667
403.333333 290.333333
403.666667 295.333333
404.333333 300.666667
405.000000 306.333333
406.000000 311.666667
407.000000 317.333333
408.000000 322.666667
409.000000 328.333333
410.000000 333.666667
411.333333 339.333333
413.000000 345.000000
414.666667 351.000000
416.333333 357.000000
417.666667 363.000000
419.333333 369.000000
421.000000 375.333333
423.000000 381.666667
424.666667 388.000000
426.333333 394.333333
428.000000 401.000000
430.000000 407.666667
432.000000 414.333333
434.000000 420.666667
436.000000 427.333333
438.000000 433.666667
440.000000 440.333333
442.333333 447.000000
445.000000 454.000000
448.000000 461.000000
451.333333 468.000000
455.333333 475.000000
459.666667 482.000000
464.333333 489.333333
468.666667 496.666667
473.000000 504.000000
477.000000 511.000000
481.333333 518.000000
486.333333 525.000000
492.000000 532.000000
498.333333 539.333333
504.666667 547.333333
511.333333 555.666667
518.333333 564.000000
526.333333 572.333333
535.333333 581.000000
544.666667 589.666667
554.000000 598.000000
562.666667 606.000000
571.333333 614.000000
580.000000 621.666667
588.666667 629.333333
597.000000 636.666667
604.666667 644.333333
612.000000 652.000000
619.000000 659.666667
626.333333 667.666667
634.000000 676.000000
642.000000 685.000000
649.333333 694.000000
656.000000 703.000000
662.000000 711.666667
667.333333 720.000000
672.000000 727.666667
675.666667 734.666667
679.000000 741.000000
681.666667 747.000000
684.000000 752.333333
685.666667 756.666667
687.000000 759.666667
688.000000 761.666667
688.666667 763.333333
689.333333 764.666667
689.666667 766.000000
