712.333333 296.666667
710.000000 289.000000
706.666667 280.333333
702.666667 271.333333
697.666667 261.666667
691.666667 251.666667
684.666667 241.333333
677.000000 230.666667
669.000000 220.333333
660.666667 210.333333
652.000000 201.000000
643.000000 192.000000
633.666667 183.333333
623.666667 175.000000
613.000000 167.666667
601.666667 161.000000
590.000000 155.333333
577.333333 150.000000
564.666667 145.666667
552.000000 142.000000
539.666667 139.666667
520.333333 138.666667
501.333333 139.333333
483.333333 141.333333
473.000000 144.333333
463.666667 148.000000
455.000000 152.666667
447.333333 158.000000
440.000000 164.000000
433.333333 171.000000
427.000000 178.666667
421.333333 187.333333
416.333333 196.000000
412.000000 205.000000
408.333333 214.000000
405.333333 223.000000
403.000000 232.000000
401.000000 241.000000
399.333333 250.333333
397.666667 259.666667
396.666667 269.333333
396.000000 279.333333
396.333333 290.000000
397.000000 301.000000
398.333333 312.000000
399.666667 323.000000
401.666667 334.333333
404.000000 345.333333
407.333333 356.000000
410.666667 366.000000
414.333333 375.666667
418.000000 384.666667
422.666667 393.333333
428.000000 401.666667
434.666667 410.000000
442.333333 418.666667
451.333333 428.000000
461.666667 438.333333
473.666667 449.000000
486.666667 460.000000
501.000000 471.333333
516.333333 483.333333
533.000000 495.666667
550.333333 508.333333
568.000000 521.333333
586.000000 535.000000
604.333333 549.333333
622.666667 564.000000
640.666667 579.000000
658.333333 594.333333
675.000000 609.666667
691.000000 624.666667
705.666667 638.666667
719.333333 652.000000
731.666667 665.000000
742.333333 677.333333
751.333333 689.000000
758.333333 699.000000
764.000000 708.000000
768.333333 715.333333
771.666667 721.333333
773.666667 725.666667
775.000000 728.333333
775.666667 730.000000
776.000000 731.000000
776.333333 731.333333
776.666667 731.000000
