907.000000 381.000000
907.333333 378.000000
907.666667 374.666667
908.000000 371.333333
908.000000 368.000000
908.000000 364.666667
908.000000 361.333333
908.000000 358.000000
908.333333 354.666667
908.666667 351.000000
909.333333 347.000000
910.333333 342.333333
912.000000 336.666667
914.333333 330.333333
917.333333 323.666667
920.666667 317.333333
924.333333 311.333333
927.666667 306.000000
931.333333 301.000000
934.333333 296.666667
937.666667 292.666667
940.333333 289.333333
943.333333 286.000000
945.666667 283.000000
948.333333 280.000000
950.666667 277.000000
953.333333 273.333333
956.000000 269.333333
959.000000 265.000000
962.000000 261.000000
965.000000 257.000000
968.666667 253.333333
972.666667 249.666667
977.333333 246.333333
982.000000 242.666667
987.000000 239.333333
992.333333 236.000000
997.333333 232.666667
1002.333333 229.333333
1007.333333 225.666667
1013.333333 222.000000
1020.333333 218.000000
1027.666667 214.333333
1035.333333 211.000000
1042.666667 208.000000
1050.666667 205.000000
1059.000000 202.000000
1068.333333 199.000000
1077.666667 196.333333
1087.000000 194.000000
1096.000000 191.666667
1105.333333 189.333333
1115.000000 187.333333
1124.666667 185.666667
1134.000000 184.333333
1146.000000 183.000000
1158.000000 182.666667
1172.666667 183.333333
1183.666667 185.000000
1194.333333 186.666667
1201.666667 188.333333
1209.333333 190.333333
1216.666667 193.000000
1223.666667 196.000000
1229.666667 199.000000
1235.000000 202.333333
1239.666667 206.000000
1244.333333 210.333333
1248.666667 215.000000
1253.000000 220.333333
1257.333333 225.666667
1261.666667 231.333333
1266.000000 236.666667
1270.000000 242.333333
1274.000000 248.333333
1277.666667 255.000000
1281.333333 262.000000
1284.333333 269.000000
1287.333333 275.666667
1289.666667 282.333333
1291.666667 288.666667
1293.333333 295.666667
1294.666667 303.000000
1295.666667 311.000000
1296.333333 319.000000
1296.666667 327.000000
1296.666667 335.333333
1296.000000 344.666667
1295.000000 354.333333
1293.666667 364.000000
1292.333333 373.000000
1290.666667 382.000000
1288.666667 391.000000
1286.000000 400.000000
1282.666667 408.666667
1279.000000 417.000000
1275.000000 425.000000
1271.000000 432.666667
1267.000000 440.333333
1263.000000 448.333333
1259.000000 456.666667
1254.666667 465.000000
1250.333333 473.000000
1245.333333 481.666667
1240.000000 490.666667
1234.000000 500.333333
1228.000000 509.666667
1222.000000 519.000000
1216.000000 528.333333
1210.333333 538.000000
1204.666667 547.666667
1199.000000 557.333333
1193.000000 566.000000
1186.666667 574.333333
1180.000000 582.000000
1173.333333 590.000000
1167.000000 598.333333
1161.000000 606.666667
1154.666667 615.000000
1148.000000 623.333333
1140.666667 632.000000
1133.000000 641.333333
1125.333333 651.000000
1118.333333 660.666667
1111.666667 670.000000
1104.666667 679.000000
1096.666667 688.000000
1088.333333 697.000000
1080.000000 705.666667
1071.666667 714.000000
1062.666667 721.666667
1052.666667 729.333333
1042.333333 736.666667
1032.333333 744.000000
1022.666667 751.000000
1013.000000 757.666667
1003.000000 763.666667
993.333333 769.000000
984.666667 773.666667
977.666667 777.333333
972.333333 780.000000
968.666667 781.666667
966.000000 783.000000
964.333333 784.000000
963.000000 784.333333
961.666667 782.333333
