659.000000 341.000000
658.666667 334.666667
658.000000 328.000000
656.666667 320.666667
655.000000 313.000000
653.000000 305.000000
650.666667 297.000000
648.000000 289.333333
645.000000 281.666667
642.000000 274.000000
638.666667 266.000000
635.333333 258.000000
631.333333 250.333333
627.000000 242.666667
622.000000 234.666667
616.333333 226.666667
610.000000 218.666667
603.000000 211.000000
596.000000 203.333333
589.000000 196.000000
582.000000 189.333333
574.666667 183.333333
567.000000 177.666667
559.000000 172.666667
551.333333 168.333333
543.666667 165.000000
536.333333 162.333333
528.333333 160.000000
514.666667 159.000000
500.333333 159.000000
486.333333 160.666667
478.333333 163.000000
471.000000 166.000000
464.000000 169.333333
457.333333 173.333333
451.333333 178.333333
446.000000 184.000000
441.000000 190.666667
436.000000 197.666667
431.333333 205.666667
427.000000 213.666667
423.000000 222.333333
418.666667 231.000000
414.000000 240.000000
409.333333 249.333333
405.000000 259.000000
401.333333 269.000000
398.333333 279.333333
396.000000 290.000000
394.333333 301.000000
393.666667 311.666667
394.333333 322.333333
396.000000 333.333333
398.666667 345.000000
402.333333 357.000000
407.333333 369.000000
413.000000 381.000000
419.333333 393.000000
426.333333 405.000000
434.333333 417.666667
443.333333 430.666667
453.000000 444.333333
463.666667 458.000000
475.333333 472.000000
488.333333 486.333333
502.333333 500.666667
517.666667 515.333333
534.000000 530.000000
552.000000 545.000000
570.666667 560.000000
590.333333 575.000000
610.000000 589.666667
629.666667 604.000000
649.000000 617.666667
667.333333 630.333333
683.666667 642.000000
697.000000 651.666667
707.333333 659.666667
715.333333 665.666667
721.000000 670.666667
725.000000 674.666667
727.333333 677.666667
729.000000 680.000000
729.666667 682.000000
730.000000 683.666667
730.000000 685.000000
729.666667 686.000000
729.333333 687.000000
728.666667 688.000000
