814.000000 415.000000
814.333333 412.000000
814.666667 408.666667
815.000000 405.000000
815.333333 401.000000
815.666667 396.666667
816.333333 392.000000
817.000000 386.666667
817.666667 381.333333
818.333333 375.666667
818.666667 370.000000
819.333333 364.000000
820.000000 357.666667
821.000000 351.666667
822.333333 345.333333
824.000000 339.333333
826.000000 332.666667
828.333333 326.000000
831.333333 319.000000
834.666667 312.000000
838.333333 304.666667
842.333333 297.333333
846.666667 290.000000
851.000000 282.666667
855.333333 275.000000
859.666667 267.333333
864.333333 260.000000
869.000000 253.000000
874.333333 246.000000
880.000000 239.000000
886.000000 232.000000
892.000000 225.000000
898.333333 218.000000
904.666667 211.333333
911.666667 204.666667
919.000000 198.333333
927.000000 192.000000
935.000000 186.000000
942.666667 180.333333
950.333333 174.666667
958.333333 169.333333
967.000000 164.000000
975.666667 159.333333
984.000000 155.333333
992.000000 152.000000
999.666667 149.333333
1007.666667 147.333333
1023.000000 146.666667
1040.333333 147.333333
1056.666667 149.000000
1064.666667 151.000000
1070.333333 153.333333
1075.666667 155.666667
1081.000000 158.333333
1085.666667 161.333333
1090.000000 164.666667
1093.666667 168.666667
1097.333333 173.000000
1100.333333 178.000000
1103.333333 183.000000
1106.333333 190.000000
1109.333333 197.333333
1111.666667 205.666667
1113.000000 212.666667
1114.000000 220.333333
1115.333333 227.666667
1116.666667 235.666667
1118.000000 243.666667
1119.000000 252.333333
1120.000000 261.000000
1120.666667 270.000000
1121.000000 279.333333
1121.000000 289.333333
1120.666667 300.000000
1120.000000 310.666667
1118.666667 321.333333
1117.333333 332.000000
1115.666667 343.000000
1114.000000 354.000000
1111.666667 365.000000
1109.000000 376.000000
1106.000000 387.666667
1102.666667 399.666667
1099.000000 412.333333
1094.333333 425.333333
1089.333333 438.666667
1083.333333 452.333333
1077.333333 466.000000
1070.666667 480.000000
1064.333333 494.000000
1057.333333 508.333333
1049.666667 523.000000
1041.333333 537.666667
1033.000000 552.000000
1025.000000 566.333333
1016.333333 581.000000
1007.333333 595.333333
997.333333 610.000000
987.333333 625.000000
977.000000 640.666667
966.666667 656.000000
955.666667 671.333333
944.666667 686.000000
933.666667 700.333333
923.333333 713.666667
912.666667 727.000000
902.000000 739.333333
891.333333 750.666667
881.333333 760.666667
871.666667 770.000000
862.333333 778.666667
853.000000 786.333333
844.333333 793.000000
836.666667 798.666667
830.333333 803.666667
825.666667 807.333333
822.000000 810.000000
819.666667 811.666667
818.000000 813.000000
817.000000 813.333333
816.000000 812.000000
