737.666667 392.000000
737.333333 389.666667
736.666667 387.000000
736.333333 383.666667
736.333333 379.666667
736.666667 375.000000
737.333333 369.333333
738.000000 363.666667
739.000000 357.333333
740.333333 351.333333
742.000000 344.666667
744.333333 337.666667
747.000000 330.000000
750.000000 322.333333
753.000000 314.666667
756.333333 307.333333
760.000000 299.666667
764.000000 291.666667
768.333333 283.333333
773.333333 274.666667
779.333333 266.333333
785.666667 258.333333
792.333333 250.666667
799.000000 243.000000
806.666667 234.666667
814.666667 226.333333
823.333333 218.000000
832.000000 210.333333
840.666667 203.333333
849.000000 196.333333
857.666667 189.333333
867.000000 182.000000
876.666667 175.333333
885.666667 169.333333
894.000000 164.333333
902.333333 160.000000
911.333333 156.333333
921.000000 153.333333
930.666667 151.000000
940.000000 149.333333
949.333333 148.000000
968.333333 147.666667
987.000000 148.000000
1005.666667 149.333333
1014.666667 151.000000
1023.666667 153.333333
1032.000000 156.000000
1039.666667 159.000000
1047.333333 162.333333
1054.666667 166.000000
1062.333333 170.333333
1070.000000 175.000000
1077.666667 179.666667
1084.333333 184.333333
1090.333333 189.000000
1095.666667 194.000000
1101.000000 199.666667
1106.000000 206.333333
1111.333333 213.666667
1116.666667 221.000000
1122.000000 228.333333
1127.333333 236.333333
1132.333333 245.000000
1137.000000 254.000000
1141.000000 263.000000
1144.666667 271.666667
1148.000000 280.333333
1150.666667 289.000000
1153.000000 298.333333
1155.000000 307.666667
1157.000000 317.000000
1158.666667 326.000000
1160.333333 335.000000
1161.666667 344.333333
1163.000000 353.666667
1164.333333 362.666667
1165.666667 370.666667
1166.666667 378.333333
1167.333333 386.333333
1168.000000 395.000000
1168.666667 403.666667
1169.000000 411.666667
1169.000000 419.333333
1169.000000 427.000000
1168.666667 435.333333
1167.666667 444.000000
1166.333333 453.000000
1165.000000 461.333333
1163.666667 469.333333
1162.000000 476.666667
1160.000000 484.333333
1158.000000 492.000000
1156.000000 500.000000
1153.666667 508.000000
1151.333333 515.666667
1148.666667 523.000000
1146.000000 530.333333
1142.666667 538.000000
1138.333333 546.000000
1133.333333 554.000000
1128.000000 561.666667
1123.000000 569.000000
1117.666667 576.333333
1112.666667 583.666667
1107.666667 591.000000
1103.000000 598.000000
1098.333333 605.000000
1094.000000 611.666667
1089.333333 617.666667
1084.000000 623.333333
1078.000000 629.333333
1072.000000 635.666667
1066.000000 642.666667
1060.000000 649.666667
1054.000000 657.000000
1047.333333 664.000000
1040.333333 671.000000
1033.333333 677.666667
1026.666667 684.333333
1020.666667 690.666667
1014.666667 697.333333
1009.333333 703.666667
1003.666667 710.333333
998.000000 716.666667
991.666667 723.666667
985.333333 731.000000
978.666667 739.000000
972.666667 747.000000
966.666667 755.000000
961.000000 762.666667
955.000000 770.333333
948.666667 778.000000
942.000000 785.666667
935.000000 793.333333
928.333333 800.333333
922.333333 806.666667
916.666667 812.333333
911.000000 817.333333
905.000000 822.000000
899.000000 826.000000
893.333333 829.666667
888.333333 832.666667
884.333333 835.000000
881.000000 836.666667
878.333333 838.000000
