809.666667 390.666667
667.000000 386.666667
666.666667 382.000000
666.333333 377.333333
665.666667 372.333333
665.333333 367.000000
664.666667 361.000000
664.000000 354.666667
662.666667 348.000000
661.333333 340.666667
659.666667 333.000000
658.000000 325.000000
656.333333 317.000000
654.333333 309.000000
652.333333 300.666667
649.666667 292.333333
647.000000 284.000000
643.666667 275.666667
640.000000 267.333333
636.333333 259.333333
632.666667 251.666667
629.333333 243.666667
625.666667 235.333333
621.666667 227.000000
617.333333 219.333333
612.666667 212.000000
608.333333 204.666667
603.666667 197.666667
598.666667 190.666667
593.333333 184.333333
588.000000 178.000000
583.000000 172.333333
578.000000 167.000000
572.666667 162.000000
566.666667 157.000000
560.000000 152.333333
553.333333 148.333333
547.333333 145.000000
541.666667 142.333333
536.000000 139.666667
530.000000 137.333333
524.000000 135.000000
517.333333 133.000000
510.333333 131.333333
503.000000 130.000000
496.000000 129.000000
481.000000 128.666667
463.666667 129.000000
446.333333 130.000000
437.000000 131.000000
430.333333 132.000000
423.333333 133.000000
416.666667 134.000000
409.666667 135.333333
403.333333 137.333333
397.333333 139.666667
391.666667 142.333333
386.000000 145.333333
380.000000 148.666667
374.333333 152.333333
369.000000 156.333333
364.000000 160.666667
359.333333 165.333333
355.000000 169.666667
351.333333 174.333333
348.333333 179.000000
346.000000 183.666667
344.333333 188.000000
343.000000 192.666667
342.333333 197.666667
342.333333 203.666667
343.000000 210.333333
344.333333 217.666667
346.000000 225.333333
348.000000 233.000000
350.333333 241.333333
353.000000 249.666667
356.000000 258.333333
359.000000 266.666667
362.333333 275.000000
365.666667 283.000000
369.000000 291.000000
372.000000 299.000000
375.000000 307.000000
378.000000 315.000000
381.000000 323.000000
384.333333 331.333333
387.666667 339.666667
391.333333 348.333333
394.666667 357.000000
398.333333 365.333333
402.000000 373.333333
406.000000 381.000000
410.000000 388.666667
414.333333 396.000000
418.666667 403.333333
423.000000 410.666667
427.333333 418.333333
432.000000 426.000000
437.333333 434.333333
443.000000 442.666667
449.000000 451.333333
455.000000 459.333333
460.666667 467.000000
466.000000 474.000000
471.000000 481.000000
475.666667 488.000000
480.333333 495.000000
485.333333 502.333333
491.000000 509.666667
497.333333 517.333333
504.000000 525.000000
511.000000 533.333333
518.333333 542.000000
526.000000 551.000000
534.000000 559.666667
541.666667 567.666667
548.666667 574.666667
555.000000 581.000000
560.666667 587.000000
566.333333 593.333333
571.666667 599.666667
577.000000 605.666667
582.333333 611.666667
588.333333 618.000000
595.000000 625.000000
602.000000 632.333333
609.000000 640.000000
616.000000 648.000000
623.333333 656.000000
630.666667 664.000000
638.333333 671.666667
645.666667 679.333333
652.666667 687.000000
659.000000 694.666667
665.000000 702.000000
671.333333 709.333333
678.000000 716.666667
685.000000 724.333333
692.333333 732.333333
699.666667 741.000000
707.000000 750.000000
714.000000 758.666667
721.000000 766.666667
727.666667 773.666667
734.000000 780.333333
740.000000 786.333333
746.000000 792.333333
751.666667 797.666667
756.666667 803.333333
761.333333 808.666667
765.333333 813.666667
768.666667 817.666667
771.000000 820.666667
772.666667 823.000000
773.666667 824.666667
774.333333 826.000000
775.000000 827.000000
775.666667 828.000000
