778.666667 414.000000
779.333333 408.000000
780.333333 402.000000
782.000000 396.000000
784.000000 389.666667
786.333333 383.000000
789.000000 375.666667
792.333333 368.333333
795.666667 360.666667
799.333333 353.666667
803.000000 346.333333
806.666667 339.333333
810.333333 331.666667
814.000000 324.333333
818.000000 317.000000
822.000000 310.333333
826.333333 303.666667
831.000000 297.000000
836.333333 290.000000
841.666667 283.000000
847.000000 276.000000
852.000000 269.333333
857.000000 263.000000
862.333333 257.333333
868.333333 251.666667
875.000000 246.333333
882.000000 241.333333
889.000000 237.000000
895.666667 233.000000
902.666667 229.000000
910.000000 225.000000
918.333333 221.000000
926.666667 217.000000
934.666667 213.000000
942.333333 209.333333
949.666667 205.666667
957.666667 202.333333
966.000000 198.666667
974.666667 195.000000
983.000000 191.333333
990.666667 187.666667
998.000000 184.333333
1005.000000 181.000000
1012.333333 178.000000
1020.000000 175.333333
1027.333333 173.333333
1034.000000 172.000000
1040.000000 171.000000
1050.000000 170.666667
1062.333333 171.333333
1074.666667 172.666667
1083.000000 174.000000
1088.666667 175.333333
1094.000000 177.000000
1099.000000 179.000000
1104.333333 181.000000
1109.666667 183.333333
1115.666667 186.000000
1121.666667 189.000000
1127.666667 192.333333
1133.333333 196.333333
1138.666667 201.333333
1144.000000 207.000000
1149.333333 213.333333
1154.666667 219.666667
1160.333333 226.333333
1166.000000 232.666667
1172.000000 239.666667
1177.666667 246.666667
1183.000000 254.000000
1187.666667 261.000000
1191.666667 267.666667
1195.000000 273.666667
1198.000000 279.333333
1201.000000 284.666667
1203.666667 290.000000
1206.000000 295.000000
1208.000000 300.333333
1210.000000 305.666667
1212.000000 311.333333
1213.666667 316.666667
1215.333333 322.000000
1216.333333 326.666667
1217.666667 331.000000
1218.666667 335.333333
1219.666667 340.000000
1220.333333 345.000000
1220.666667 350.333333
1221.000000 356.000000
1220.666667 362.000000
1220.333333 367.666667
1219.666667 373.333333
1219.000000 378.333333
1218.000000 383.333333
1217.000000 388.000000
1216.000000 393.000000
1215.333333 398.000000
1214.666667 403.000000
1214.000000 408.000000
1213.000000 413.000000
1211.666667 418.000000
1210.333333 423.000000
1209.000000 427.666667
1207.666667 432.666667
1206.000000 437.666667
1204.000000 443.333333
1202.000000 449.333333
1200.000000 455.666667
1198.000000 462.000000
1195.666667 467.666667
1193.333333 473.000000
1190.666667 478.000000
1187.666667 483.000000
1184.333333 488.333333
1180.666667 494.000000
1176.666667 499.666667
1172.333333 505.333333
1168.000000 511.000000
1164.000000 516.333333
1160.000000 521.333333
1156.000000 526.333333
1151.666667 532.333333
1147.000000 538.666667
1141.666667 545.333333
1136.000000 552.000000
1130.000000 559.000000
1124.333333 565.333333
1119.000000 571.333333
1114.000000 577.000000
1109.333333 583.000000
1104.666667 589.000000
1099.666667 595.000000
1094.333333 601.000000
1089.000000 607.000000
1083.333333 613.000000
1077.666667 618.666667
1071.666667 624.333333
1066.333333 630.333333
1060.666667 637.000000
1055.000000 644.333333
1049.000000 651.333333
1043.000000 658.333333
1036.666667 665.000000
1030.333333 671.333333
1024.000000 677.666667
1018.000000 683.666667
1012.333333 690.000000
1006.666667 696.000000
1001.000000 702.000000
995.000000 707.666667
989.000000 713.000000
983.333333 717.666667
978.333333 722.000000
973.666667 726.666667
969.000000 731.666667
964.333333 737.666667
960.333333 743.333333
956.666667 749.333333
953.000000 754.666667
949.333333 760.000000
945.333333 765.000000
941.333333 769.666667
936.666667 774.333333
932.000000 778.666667
927.333333 783.333333
922.666667 788.000000
918.333333 793.000000
914.000000 797.666667
910.000000 802.333333
905.666667 806.666667
901.333333 810.666667
897.000000 814.333333
893.000000 817.333333
888.666667 820.333333
884.666667 822.666667
881.000000 825.000000
878.000000 826.666667
875.333333 828.000000
873.333333 829.000000
872.000000 830.000000
871.000000 831.000000
870.000000 832.000000
869.000000 833.000000
