700.666667 333.333333
700.666667 327.000000
701.666667 319.666667
703.666667 312.000000
706.666667 303.000000
709.666667 292.333333
713.666667 280.666667
718.333333 268.666667
724.000000 256.666667
730.666667 244.000000
737.666667 231.666667
744.666667 220.333333
751.333333 210.000000
758.333333 200.000000
766.000000 190.333333
774.000000 181.000000
782.333333 172.333333
791.000000 164.000000
800.333333 156.333333
810.000000 149.333333
820.333333 143.000000
830.666667 137.333333
841.333333 131.666667
852.000000 126.333333
863.000000 121.333333
874.000000 117.000000
885.000000 113.666667
896.000000 111.000000
907.000000 109.000000
928.000000 108.000000
949.333333 108.333333
970.333333 110.000000
980.666667 112.333333
990.666667 115.000000
1000.333333 118.333333
1010.333333 122.333333
1019.666667 127.000000
1029.000000 132.000000
1037.333333 137.333333
1045.333333 143.000000
1052.666667 149.333333
1060.000000 156.333333
1067.000000 164.333333
1074.000000 172.666667
1080.666667 181.333333
1086.666667 190.333333
1091.666667 200.000000
1096.000000 210.000000
1099.666667 219.666667
1103.000000 229.000000
1105.666667 238.666667
1108.000000 248.666667
1110.000000 259.000000
1111.666667 268.666667
1113.000000 278.666667
1114.000000 289.333333
1114.666667 300.666667
1114.666667 312.666667
1114.333333 325.000000
1113.666667 338.333333
1113.000000 351.333333
1112.000000 364.333333
1111.000000 376.666667
1110.000000 389.000000
1109.000000 400.666667
1107.666667 412.000000
1106.333333 422.666667
1104.666667 433.333333
1103.333333 443.666667
1101.333333 454.000000
1099.000000 464.000000
1096.000000 474.333333
1092.666667 485.000000
1088.666667 495.666667
1084.000000 505.666667
1079.000000 515.333333
1074.000000 525.000000
1069.000000 534.666667
1064.000000 544.000000
1059.333333 552.666667
1054.666667 560.666667
1049.666667 568.333333
1044.000000 575.666667
1038.000000 583.000000
1031.666667 590.333333
1025.333333 598.000000
1019.333333 605.666667
1013.666667 613.000000
1008.333333 619.666667
1002.666667 626.666667
996.666667 633.666667
990.333333 641.333333
983.666667 649.000000
977.333333 656.666667
971.000000 664.000000
965.000000 671.333333
958.333333 679.333333
951.333333 687.333333
943.666667 695.333333
936.333333 702.666667
929.333333 710.000000
923.000000 716.666667
916.333333 723.333333
909.333333 730.000000
901.333333 737.333333
893.333333 744.666667
885.333333 751.666667
877.666667 758.333333
870.000000 764.666667
862.000000 771.333333
854.000000 778.000000
846.000000 784.666667
838.333333 791.000000
831.333333 797.000000
825.333333 802.666667
820.333333 807.666667
816.000000 812.000000
812.333333 815.333333
809.333333 818.000000
807.333333 819.666667
806.000000 821.000000
805.333333 822.000000
804.666667 823.000000
804.000000 823.333333
