465.666667 408.666667
466.333333 404.333333
466.666667 399.333333
467.000000 394.000000
467.000000 388.000000
466.666667 381.333333
466.000000 374.333333
464.666667 366.666667
463.333333 359.333333
461.666667 352.000000
460.333333 344.666667
458.666667 337.000000
457.000000 329.000000
455.000000 320.666667
452.666667 312.000000
450.333333 303.000000
448.000000 293.666667
446.000000 284.333333
444.000000 274.666667
442.000000 265.333333
439.666667 256.333333
437.333333 248.000000
435.333333 239.666667
433.333333 231.333333
431.333333 223.000000
428.666667 215.333333
426.000000 208.000000
422.666667 201.333333
419.000000 194.666667
414.666667 188.333333
409.666667 181.666667
404.333333 175.666667
399.333333 170.000000
395.000000 165.333333
391.000000 160.666667
386.666667 156.666667
382.000000 153.000000
377.000000 150.000000
371.333333 147.000000
365.333333 144.666667
359.000000 143.000000
352.666667 142.000000
343.333333 141.666667
333.333333 142.000000
323.333333 143.333333
315.666667 145.333333
308.666667 148.000000
302.000000 151.333333
296.333333 154.666667
291.000000 158.666667
286.000000 162.666667
280.666667 167.333333
275.333333 172.000000
269.666667 177.000000
264.000000 181.666667
258.666667 186.000000
253.666667 190.666667
249.333333 195.666667
245.000000 201.333333
241.000000 207.000000
237.333333 213.333333
234.333333 219.666667
232.000000 226.000000
230.333333 232.000000
229.000000 238.333333
228.000000 245.000000
227.333333 252.000000
227.000000 259.333333
227.333333 266.666667
228.000000 274.000000
229.000000 281.333333
230.000000 289.333333
231.000000 298.000000
232.000000 307.000000
233.000000 315.666667
234.333333 324.333333
236.000000 333.333333
238.000000 342.666667
240.000000 352.333333
242.000000 361.333333
244.000000 370.000000
246.333333 377.666667
248.666667 385.000000
251.000000 392.000000
253.333333 398.666667
256.333333 405.333333
260.000000 411.666667
264.333333 418.000000
268.666667 424.666667
273.333333 432.000000
278.000000 440.333333
283.000000 449.000000
288.333333 457.666667
294.000000 466.333333
300.333333 475.000000
306.666667 483.666667
312.666667 492.000000
318.000000 499.333333
322.666667 506.333333
327.333333 513.000000
331.333333 519.666667
335.666667 526.000000
340.000000 532.666667
345.666667 539.666667
352.000000 547.666667
359.333333 556.333333
367.000000 566.333333
375.333333 576.666667
383.666667 587.000000
391.666667 596.333333
398.666667 604.666667
405.000000 612.000000
411.000000 618.666667
416.333333 624.666667
421.000000 630.000000
425.333333 635.000000
429.666667 640.333333
434.333333 646.000000
439.333333 652.666667
445.000000 659.333333
451.333333 666.666667
457.666667 674.000000
464.333333 682.333333
470.666667 691.000000
477.000000 699.666667
483.000000 708.000000
489.000000 716.000000
495.000000 724.333333
500.666667 732.666667
506.333333 741.333333
511.666667 749.666667
517.000000 758.000000
522.000000 765.666667
527.000000 773.333333
532.333333 781.000000
538.000000 789.000000
544.000000 796.666667
550.000000 803.666667
556.000000 810.000000
562.000000 816.000000
567.666667 821.666667
573.333333 827.000000
578.333333 832.000000
582.666667 836.666667
586.000000 841.000000
588.666667 844.666667
590.666667 848.000000
592.000000 850.666667
593.000000 853.333333
594.000000 855.666667
594.666667 858.000000
595.000000 859.666667
595.000000 861.333333
595.333333 862.666667
595.666667 864.000000
596.000000 865.000000
596.000000 865.333333
