983.000000 370.333333
985.666667 362.666667
988.333333 354.666667
991.000000 346.000000
993.666667 336.666667
996.333333 327.000000
998.666667 317.333333
1001.000000 307.666667
1003.333333 297.666667
1006.000000 287.333333
1009.333333 277.000000
1013.000000 267.000000
1017.666667 257.333333
1023.000000 247.666667
1029.333333 238.333333
1035.666667 229.333333
1042.000000 221.000000
1048.000000 213.666667
1054.666667 206.666667
1062.000000 199.666667
1070.000000 192.666667
1077.666667 186.000000
1085.333333 179.666667
1093.000000 173.333333
1101.666667 167.000000
1111.000000 161.333333
1120.666667 156.000000
1130.000000 151.333333
1139.666667 146.666667
1150.000000 142.000000
1160.666667 137.333333
1170.666667 133.333333
1180.000000 129.666667
1189.333333 126.333333
1199.333333 123.000000
1209.666667 120.666667
1219.666667 118.666667
1232.666667 117.333333
1245.666667 116.666667
1258.666667 117.000000
1267.666667 118.333333
1276.000000 120.000000
1283.666667 122.000000
1291.333333 124.666667
1299.000000 128.000000
1306.666667 132.000000
1314.333333 136.000000
1321.333333 140.333333
1328.000000 145.333333
1334.000000 151.000000
1339.666667 157.666667
1345.333333 164.666667
1350.333333 172.333333
1355.000000 179.666667
1359.333333 187.333333
1363.333333 195.000000
1367.333333 203.333333
1370.333333 211.666667
1373.333333 220.333333
1375.666667 229.000000
1377.666667 237.666667
1379.000000 246.666667
1380.000000 255.666667
1381.000000 265.000000
1381.666667 273.666667
1382.000000 282.000000
1382.000000 290.666667
1381.666667 300.000000
1380.666667 309.666667
1379.333333 319.333333
1377.666667 329.333333
1375.666667 340.333333
1373.000000 351.666667
1370.000000 362.666667
1366.666667 372.666667
1363.000000 382.666667
1359.000000 392.666667
1355.333333 402.666667
1351.666667 412.333333
1348.333333 421.666667
1344.666667 431.000000
1341.000000 440.333333
1336.666667 449.666667
1332.000000 459.000000
1327.000000 467.666667
1322.000000 476.000000
1316.666667 484.666667
1311.333333 493.666667
1306.000000 503.000000
1301.333333 511.666667
1296.666667 520.000000
1292.333333 528.333333
1287.666667 536.666667
1283.000000 545.000000
1278.000000 553.000000
1273.000000 560.666667
1268.000000 568.000000
1263.000000 574.666667
1258.000000 581.333333
1252.666667 588.000000
1247.000000 595.000000
1240.666667 602.000000
1233.666667 609.000000
1226.333333 615.666667
1219.000000 622.000000
1212.000000 628.333333
1205.000000 634.666667
1197.333333 641.666667
1189.000000 648.666667
1180.333333 656.000000
1172.000000 662.666667
1163.333333 669.666667
1154.000000 676.666667
1144.000000 684.000000
1134.333333 691.000000
1125.000000 697.666667
1116.333333 704.000000
1107.333333 709.666667
1098.000000 715.000000
1088.333333 719.666667
1079.000000 723.666667
1070.000000 727.333333
1061.333333 731.000000
1052.666667 734.666667
1044.333333 738.333333
1036.000000 742.000000
1028.666667 746.000000
1022.000000 750.000000
1016.333333 754.000000
1011.333333 757.666667
1007.333333 760.666667
1004.333333 762.666667
1002.333333 764.333333
1001.000000 765.666667
1000.000000 767.000000
999.000000 768.000000
