901.666667 429.000000
901.333333 423.666667
901.000000 418.000000
901.000000 412.333333
901.000000 407.000000
901.333333 401.666667
901.666667 396.333333
902.000000 390.666667
902.000000 385.000000
902.333333 379.000000
903.000000 372.666667
904.000000 366.000000
904.666667 359.333333
905.666667 353.000000
906.666667 346.666667
908.000000 340.000000
909.333333 333.000000
911.000000 326.333333
913.000000 319.666667
915.333333 313.333333
918.333333 307.000000
922.000000 301.000000
926.333333 295.333333
930.666667 289.333333
935.666667 283.333333
940.666667 277.000000
946.000000 271.000000
950.666667 265.000000
955.666667 259.000000
960.666667 253.333333
966.333333 248.000000
972.000000 242.666667
978.000000 237.333333
984.000000 231.666667
989.666667 226.666667
995.333333 221.666667
1000.666667 217.333333
1006.000000 213.000000
1011.333333 209.000000
1017.333333 205.333333
1023.666667 202.000000
1030.333333 199.333333
1036.666667 197.000000
1043.000000 195.333333
1049.666667 193.666667
1059.666667 192.333333
1072.666667 191.000000
1085.333333 190.666667
1098.000000 191.000000
1108.333333 192.000000
1119.000000 193.000000
1127.000000 194.000000
1134.666667 195.000000
1142.333333 196.666667
1150.333333 198.666667
1158.666667 201.333333
1167.333333 204.333333
1175.333333 208.333333
1183.333333 213.000000
1191.000000 218.000000
1199.000000 223.000000
1207.000000 228.000000
1214.666667 233.000000
1222.000000 238.000000
1228.666667 243.000000
1235.000000 248.333333
1241.000000 254.666667
1247.000000 261.333333
1253.000000 268.333333
1258.666667 274.666667
1264.333333 281.666667
1269.666667 288.666667
1275.000000 296.000000
1279.666667 303.000000
1284.000000 310.000000
1287.666667 316.666667
1290.666667 323.000000
1293.000000 329.000000
1294.666667 335.000000
1296.333333 340.666667
1297.666667 346.333333
1298.666667 351.666667
1299.333333 357.333333
1299.666667 362.666667
1300.000000 368.333333
1300.000000 373.666667
1299.666667 379.000000
1299.333333 384.000000
1298.666667 389.333333
1298.333333 394.666667
1297.666667 400.666667
1297.000000 406.333333
1296.000000 412.333333
1295.000000 418.000000
1293.666667 424.000000
1292.333333 430.000000
1290.666667 435.666667
1288.666667 441.333333
1286.000000 447.000000
1283.333333 452.666667
1280.333333 458.333333
1277.333333 464.000000
1273.666667 469.666667
1270.000000 475.000000
1265.666667 480.000000
1261.333333 485.333333
1257.000000 491.000000
1252.666667 497.000000
1248.333333 503.000000
1243.666667 508.666667
1238.666667 514.000000
1233.333333 519.000000
1227.666667 524.000000
1222.333333 528.666667
1217.000000 533.333333
1212.333333 537.666667
1207.666667 542.333333
1203.000000 547.333333
1198.000000 552.666667
1193.000000 558.000000
1188.000000 562.666667
1183.000000 567.333333
1177.666667 571.666667
1172.333333 576.333333
1167.000000 580.666667
1162.333333 585.000000
1158.000000 589.333333
1154.000000 593.666667
1149.666667 598.333333
1145.333333 603.000000
1141.000000 607.666667
1136.666667 612.000000
1132.333333 616.000000
1128.000000 620.333333
1123.666667 625.000000
1119.333333 630.000000
1115.000000 635.333333
1111.000000 641.000000
1107.000000 647.000000
1103.000000 653.000000
1099.000000 659.000000
1094.666667 664.666667
1090.333333 670.333333
1085.666667 675.666667
1080.666667 681.333333
1075.333333 687.000000
1070.333333 692.666667
1065.666667 698.333333
1061.666667 704.000000
1057.666667 710.000000
1054.000000 716.000000
1049.666667 722.666667
1045.333333 730.000000
1040.666667 738.000000
1036.333333 746.333333
1031.666667 754.666667
1027.333333 762.666667
1023.000000 770.333333
1019.000000 778.333333
1015.000000 786.666667
1011.000000 795.000000
1007.000000 802.666667
1003.000000 809.666667
998.666667 816.333333
994.000000 822.666667
988.666667 829.000000
983.333333 835.333333
978.000000 841.666667
973.333333 847.666667
969.000000 853.000000
965.333333 857.666667
962.333333 861.666667
960.000000 864.666667
958.000000 867.333333
956.333333 869.333333
955.333333 871.000000
954.666667 872.000000
954.000000 873.000000
