911.000000 378.666667
911.333333 371.333333
912.000000 363.666667
913.333333 356.000000
915.000000 348.000000
917.333333 340.000000
920.000000 331.666667
923.333333 323.333333
927.000000 315.000000
931.333333 307.000000
936.000000 299.000000
941.000000 291.000000
945.666667 283.000000
950.333333 275.000000
954.666667 267.333333
959.000000 260.333333
963.666667 254.000000
969.000000 247.666667
975.000000 241.333333
981.000000 235.000000
987.000000 229.000000
993.000000 223.000000
999.000000 217.000000
1005.333333 211.333333
1012.000000 206.000000
1019.333333 201.000000
1027.000000 196.333333
1034.333333 192.000000
1041.333333 187.666667
1048.333333 183.333333
1056.000000 179.000000
1064.000000 175.000000
1072.000000 171.333333
1080.000000 168.000000
1087.666667 165.000000
1095.333333 162.333333
1103.333333 160.000000
1112.000000 158.333333
1120.666667 157.000000
1131.666667 156.000000
1145.333333 155.666667
1161.666667 156.000000
1175.333333 157.000000
1185.333333 158.000000
1192.000000 159.333333
1198.333333 160.666667
1204.666667 162.666667
1211.000000 164.666667
1217.000000 167.333333
1222.666667 170.000000
1228.000000 173.333333
1233.000000 177.000000
1237.666667 180.666667
1242.333333 184.333333
1246.666667 188.333333
1251.333333 193.000000
1256.000000 198.333333
1261.000000 204.000000
1265.666667 210.000000
1270.333333 216.000000
1274.666667 222.333333
1278.666667 228.333333
1282.333333 234.666667
1285.666667 240.666667
1289.000000 247.666667
1291.666667 255.000000
1294.000000 263.000000
1296.000000 270.666667
1297.666667 278.000000
1299.333333 285.000000
1300.666667 292.333333
1302.333333 300.000000
1303.666667 308.000000
1305.000000 315.666667
1306.000000 323.000000
1307.000000 330.333333
1308.000000 338.000000
1308.666667 346.000000
1309.333333 354.000000
1309.333333 362.000000
1309.333333 369.666667
1308.666667 377.333333
1308.000000 385.333333
1306.666667 393.666667
1305.000000 402.333333
1303.000000 410.666667
1301.000000 419.000000
1299.000000 427.000000
1297.000000 435.333333
1295.000000 443.666667
1292.666667 452.333333
1290.000000 460.333333
1287.000000 468.333333
1284.000000 475.666667
1280.666667 483.333333
1276.666667 491.000000
1272.000000 499.000000
1267.000000 507.000000
1262.333333 514.333333
1257.666667 521.666667
1253.000000 528.666667
1248.000000 536.333333
1243.000000 543.666667
1237.333333 551.333333
1231.333333 558.666667
1225.000000 566.000000
1219.333333 572.666667
1213.666667 579.333333
1208.000000 586.000000
1202.000000 593.000000
1196.000000 600.000000
1190.000000 607.000000
1183.333333 613.666667
1176.333333 620.333333
1169.333333 626.666667
1163.000000 633.333333
1157.000000 639.666667
1150.666667 646.333333
1144.000000 653.000000
1137.000000 659.333333
1130.000000 665.333333
1123.333333 670.666667
1117.000000 676.000000
1110.666667 681.333333
1103.666667 687.000000
1095.666667 693.333333
1087.000000 699.666667
1078.333333 706.000000
1070.000000 712.000000
1062.000000 718.000000
1053.666667 723.666667
1045.000000 728.666667
1036.333333 733.333333
1028.333333 738.000000
1021.000000 743.000000
1014.000000 748.000000
1007.333333 753.000000
1000.333333 758.000000
993.333333 762.666667
986.000000 767.333333
979.333333 771.666667
973.333333 776.000000
968.333333 780.000000
964.333333 783.666667
961.000000 787.000000
958.333333 789.333333
956.333333 791.333333
955.000000 792.666667
954.000000 794.000000
953.333333 795.000000
952.666667 796.000000
952.333333 797.000000
952.000000 797.333333
