1017.333333 341.000000
1020.000000 332.666667
1023.000000 324.333333
1026.333333 316.000000
1030.000000 308.333333
1034.333333 300.000000
1039.000000 291.000000
1044.000000 281.333333
1049.000000 271.666667
1054.333333 262.333333
1060.333333 252.666667
1067.333333 243.333333
1074.333333 233.666667
1081.333333 224.666667
1087.666667 216.000000
1094.333333 208.333333
1101.000000 200.666667
1108.666667 193.333333
1117.000000 185.666667
1125.333333 178.666667
1133.666667 172.000000
1142.000000 166.000000
1151.333333 160.333333
1160.666667 155.333333
1170.333333 151.000000
1179.666667 147.333333
1189.333333 144.333333
1199.333333 142.000000
1209.666667 140.333333
1219.666667 139.000000
1239.666667 138.666667
1259.000000 139.333333
1278.333333 140.666667
1287.000000 142.333333
1296.333333 144.333333
1305.333333 146.666667
1314.333333 149.333333
1322.333333 152.333333
1330.000000 156.333333
1337.000000 161.000000
1344.333333 166.333333
1351.666667 172.666667
1359.000000 180.000000
1366.000000 188.000000
1372.666667 196.666667
1378.666667 206.000000
1384.000000 216.000000
1388.666667 225.666667
1393.000000 235.333333
1396.666667 244.666667
1400.000000 254.333333
1403.000000 263.666667
1405.666667 273.000000
1408.000000 282.000000
1410.000000 291.333333
1411.666667 301.000000
1413.000000 310.666667
1413.666667 320.333333
1414.000000 330.000000
1413.666667 340.666667
1413.000000 351.666667
1412.000000 363.000000
1410.666667 374.333333
1409.000000 385.666667
1406.666667 397.000000
1404.333333 408.000000
1402.000000 418.666667
1400.000000 429.000000
1397.666667 439.333333
1395.333333 449.666667
1392.666667 459.666667
1390.000000 469.000000
1386.666667 478.333333
1383.000000 488.333333
1379.000000 498.666667
1374.666667 508.666667
1370.000000 518.000000
1365.000000 527.333333
1360.000000 537.000000
1355.000000 547.000000
1350.000000 556.333333
1345.000000 565.333333
1339.666667 574.000000
1333.666667 583.333333
1327.000000 592.666667
1320.000000 602.333333
1313.333333 611.333333
1306.666667 620.333333
1300.333333 629.000000
1293.666667 638.000000
1287.000000 647.000000
1279.666667 655.666667
1272.333333 663.666667
1265.333333 671.333333
1258.666667 679.000000
1252.000000 687.333333
1244.666667 695.666667
1237.000000 704.000000
1229.000000 711.666667
1221.333333 719.000000
1214.000000 726.000000
1207.000000 733.333333
1199.666667 740.666667
1192.000000 748.333333
1184.000000 755.666667
1176.000000 762.333333
1168.000000 768.333333
1160.000000 774.000000
1152.333333 779.666667
1144.333333 785.333333
1136.333333 791.000000
1128.000000 797.000000
1120.000000 802.666667
1112.000000 808.333333
1103.666667 813.666667
1095.000000 819.333333
1086.333333 824.666667
1078.000000 830.000000
1070.333333 835.000000
1063.000000 839.666667
1056.000000 844.000000
1049.000000 848.000000
1042.666667 851.333333
1037.333333 854.000000
1033.333333 855.666667
1030.333333 857.000000
1028.333333 858.000000
1026.666667 859.000000
