587.000000 332.000000
586.000000 327.333333
585.000000 322.000000
584.000000 316.000000
583.000000 310.000000
581.666667 304.000000
580.333333 297.666667
579.000000 290.666667
577.666667 283.333333
576.000000 276.000000
574.000000 269.000000
572.000000 262.000000
569.666667 255.333333
567.000000 248.666667
563.666667 242.333333
560.000000 236.000000
556.000000 230.333333
551.666667 224.666667
547.333333 219.333333
543.000000 214.000000
537.333333 207.666667
531.000000 201.333333
524.000000 195.000000
518.000000 190.333333
511.666667 185.666667
505.333333 181.333333
499.000000 177.000000
493.333333 173.000000
487.666667 169.333333
482.000000 165.666667
476.000000 162.666667
469.666667 159.666667
463.333333 157.000000
457.000000 154.333333
451.333333 152.000000
446.000000 150.333333
441.000000 149.000000
436.000000 148.000000
430.000000 147.000000
424.000000 146.666667
416.000000 147.333333
408.333333 148.666667
401.333333 150.000000
397.000000 151.000000
394.000000 152.000000
391.000000 153.333333
388.000000 154.666667
385.000000 156.333333
381.666667 158.000000
378.333333 160.333333
374.666667 162.666667
371.333333 165.333333
367.666667 168.000000
364.000000 171.000000
360.000000 174.333333
356.000000 177.666667
352.333333 181.000000
349.000000 184.333333
346.000000 187.333333
342.666667 190.666667
339.333333 193.333333
336.000000 196.333333
333.333333 198.666667
330.666667 201.333333
328.333333 204.000000
325.666667 207.000000
323.333333 210.000000
321.000000 213.333333
319.333333 216.666667
318.000000 220.333333
317.000000 224.000000
316.000000 228.000000
315.333333 232.333333
315.000000 236.666667
315.000000 241.333333
315.333333 246.333333
316.000000 252.000000
316.666667 258.000000
317.666667 264.000000
318.666667 270.000000
320.333333 276.000000
321.666667 282.000000
323.333333 288.000000
324.666667 294.000000
326.333333 300.000000
327.666667 306.000000
329.333333 311.666667
330.666667 317.333333
332.000000 322.666667
333.333333 328.000000
335.000000 333.000000
336.666667 338.000000
338.666667 343.666667
341.000000 349.666667
344.000000 356.333333
347.666667 363.000000
351.666667 370.000000
356.333333 376.333333
360.666667 382.333333
365.000000 388.000000
369.000000 393.666667
372.666667 399.000000
376.333333 404.333333
379.666667 409.666667
382.666667 415.000000
385.333333 420.333333
388.000000 426.000000
393.000000 434.000000
398.666667 442.333333
405.333333 451.000000
411.000000 458.000000
416.666667 464.666667
422.000000 471.000000
427.666667 477.333333
434.000000 484.000000
441.333333 491.000000
449.000000 498.000000
456.666667 505.000000
464.333333 512.000000
472.000000 519.333333
480.666667 527.000000
489.666667 535.000000
499.000000 543.333333
508.000000 552.000000
517.333333 561.333333
527.000000 571.333333
537.333333 582.000000
547.333333 593.000000
557.000000 604.000000
566.000000 614.666667
575.000000 625.000000
584.000000 635.000000
592.666667 644.666667
600.666667 653.666667
607.666667 661.666667
614.333333 668.666667
620.666667 675.333333
627.333333 682.000000
634.000000 688.666667
641.333333 695.333333
648.666667 702.000000
656.000000 708.666667
663.000000 715.333333
670.000000 721.666667
677.000000 727.666667
683.666667 733.333333
690.000000 738.666667
696.000000 743.666667
701.666667 748.000000
706.666667 752.000000
711.000000 755.666667
714.666667 759.000000
717.333333 761.333333
719.333333 763.333333
720.333333 764.666667
721.333333 766.000000
722.000000 767.000000
