859.666667 361.000000
859.333333 354.666667
858.666667 348.333333
858.333333 341.333333
857.666667 334.666667
857.000000 327.666667
856.000000 320.666667
854.666667 313.666667
853.000000 306.333333
850.666667 299.333333
847.666667 291.333333
843.666667 283.000000
839.333333 274.333333
835.000000 266.000000
830.666667 257.666667
826.000000 249.000000
821.333333 240.000000
817.000000 231.333333
812.666667 223.000000
808.000000 215.666667
803.000000 208.666667
798.000000 202.666667
793.000000 197.000000
787.666667 191.666667
782.333333 186.666667
776.666667 181.666667
771.000000 177.333333
764.666667 173.000000
758.333333 169.333333
751.666667 166.000000
745.333333 163.666667
739.000000 162.000000
733.333333 161.000000
728.000000 160.000000
721.000000 159.666667
713.666667 160.000000
706.000000 161.000000
700.000000 162.000000
694.000000 163.333333
688.333333 165.000000
682.666667 167.000000
677.333333 169.333333
672.000000 171.666667
667.000000 174.333333
662.000000 177.000000
657.000000 180.333333
652.333333 183.666667
648.000000 187.333333
644.000000 191.333333
640.000000 196.000000
636.000000 201.333333
632.333333 206.666667
629.000000 212.666667
626.333333 218.666667
624.000000 225.000000
622.000000 230.666667
619.666667 236.333333
617.666667 242.333333
615.666667 248.666667
614.333333 255.333333
613.000000 261.666667
612.333333 268.333333
612.000000 274.666667
612.000000 281.333333
612.000000 287.666667
612.333333 294.000000
612.666667 300.333333
613.333333 306.666667
614.000000 313.333333
615.000000 320.000000
616.000000 326.666667
617.000000 333.333333
618.000000 340.000000
619.000000 347.333333
620.000000 354.666667
621.000000 362.000000
622.000000 368.666667
623.333333 375.333333
625.000000 382.000000
627.000000 388.666667
629.333333 395.333333
632.000000 401.666667
635.000000 408.000000
638.000000 414.000000
641.000000 420.000000
644.000000 425.666667
648.000000 432.333333
652.333333 438.666667
656.666667 445.000000
660.000000 450.666667
663.000000 456.333333
666.000000 462.333333
669.000000 468.000000
672.333333 474.333333
676.333333 481.333333
680.666667 489.000000
685.333333 496.666667
689.666667 504.000000
694.000000 510.666667
698.000000 517.000000
702.000000 522.666667
705.666667 528.333333
709.000000 533.666667
712.000000 539.000000
715.000000 544.333333
718.000000 550.333333
721.000000 556.666667
724.333333 563.333333
728.333333 570.666667
732.666667 579.000000
737.666667 588.000000
742.666667 597.333333
748.000000 606.666667
753.000000 616.666667
758.000000 626.666667
763.000000 637.333333
768.333333 647.666667
773.666667 658.333333
779.666667 669.000000
786.000000 680.000000
793.000000 691.333333
800.000000 702.666667
807.000000 714.333333
814.333333 726.000000
822.000000 737.666667
829.666667 748.666667
837.000000 759.000000
843.666667 768.666667
850.000000 778.000000
855.333333 786.333333
860.333333 794.000000
864.666667 801.000000
868.333333 807.666667
872.000000 815.666667
874.666667 822.666667
877.000000 828.666667
878.000000 832.000000
878.666667 834.666667
879.333333 837.000000
879.666667 838.666667
880.000000 840.000000
879.666667 841.333333
