1093.666667 363.000000
1094.333333 359.000000
1095.000000 355.000000
1095.666667 351.000000
1096.333333 346.666667
1097.000000 342.000000
1098.000000 336.666667
1099.000000 331.000000
1099.666667 325.000000
1100.333333 319.000000
1101.000000 313.000000
1102.000000 307.000000
1103.000000 300.666667
1104.333333 294.000000
1105.666667 286.666667
1107.666667 278.666667
1109.666667 270.333333
1112.333333 262.000000
1115.333333 253.666667
1118.666667 245.333333
1122.666667 236.666667
1126.666667 228.000000
1131.000000 219.333333
1135.000000 211.333333
1139.333333 203.666667
1143.666667 195.666667
1148.000000 187.000000
1152.333333 178.333333
1157.000000 170.000000
1162.333333 162.333333
1168.000000 154.666667
1174.000000 147.000000
1180.000000 139.000000
1185.666667 131.000000
1191.333333 123.333333
1197.000000 116.333333
1203.333333 109.666667
1210.000000 103.000000
1216.666667 96.333333
1223.333333 90.000000
1229.333333 84.333333
1235.333333 78.666667
1241.000000 73.666667
1247.000000 68.666667
1253.333333 64.666667
1260.000000 61.000000
1267.000000 58.000000
1273.666667 55.666667
1280.000000 53.666667
1286.000000 52.333333
1292.666667 51.000000
1300.000000 50.000000
1308.000000 49.000000
1315.666667 48.000000
1323.000000 47.000000
1334.000000 46.000000
1345.000000 45.666667
1356.333333 45.333333
1363.666667 45.666667
1372.666667 46.333333
1380.666667 47.666667
1389.000000 49.333333
1395.666667 51.000000
1403.000000 53.000000
1410.000000 55.333333
1416.666667 58.000000
1422.666667 61.333333
1428.666667 65.000000
1434.333333 69.000000
1440.333333 73.333333
1446.000000 78.000000
1452.333333 82.666667
1458.666667 87.333333
1464.666667 91.666667
1470.000000 96.000000
1474.666667 100.000000
1479.333333 104.666667
1483.333333 110.000000
1487.333333 115.666667
1490.666667 121.666667
1493.666667 127.666667
1496.333333 134.000000
1498.666667 140.000000
1501.333333 146.666667
1503.666667 153.666667
1506.000000 161.333333
1508.000000 168.666667
1509.666667 176.000000
1511.333333 183.000000
1512.666667 190.333333
1513.666667 198.333333
1514.000000 207.000000
1514.000000 216.000000
1514.000000 225.000000
1513.666667 234.333333
1513.000000 244.000000
1511.666667 254.333333
1510.333333 264.666667
1508.666667 275.333333
1506.666667 286.000000
1504.000000 297.333333
1501.000000 308.666667
1498.000000 320.000000
1495.000000 331.666667
1491.666667 344.000000
1488.000000 356.666667
1483.666667 369.000000
1478.666667 381.000000
1472.666667 393.000000
1466.333333 405.000000
1460.000000 416.666667
1453.666667 428.333333
1447.333333 439.666667
1440.666667 450.666667
1433.666667 460.666667
1425.666667 470.666667
1417.333333 481.000000
1408.666667 492.000000
1401.000000 502.333333
1393.666667 512.000000
1386.666667 521.333333
1379.000000 530.666667
1371.000000 540.333333
1363.333333 549.666667
1356.000000 558.666667
1349.000000 567.333333
1341.333333 576.000000
1333.333333 584.666667
1325.000000 593.333333
1317.333333 601.333333
1310.000000 609.333333
1303.333333 616.666667
1296.666667 624.000000
1290.000000 631.000000
1283.333333 637.666667
1276.666667 644.000000
1270.333333 650.333333
1264.000000 656.666667
1257.666667 663.333333
1251.000000 670.000000
1243.666667 677.000000
1235.666667 684.000000
1227.666667 691.000000
1219.666667 698.000000
1212.333333 705.000000
1204.666667 712.000000
1196.666667 718.666667
1188.333333 725.000000
1180.000000 731.000000
1172.666667 736.666667
1165.666667 742.000000
1159.666667 747.000000
1154.000000 751.666667
1149.000000 756.000000
1144.000000 760.000000
1138.666667 764.000000
1133.333333 767.666667
1128.000000 771.000000
1123.333333 773.666667
1119.000000 776.000000
1115.333333 778.333333
1112.000000 780.333333
1109.333333 782.333333
1107.333333 783.666667
1106.000000 785.000000
1105.000000 786.000000
1103.666667 786.333333
1102.666667 785.666667
