866.333333 377.666667
866.000000 372.000000
866.000000 366.000000
865.666667 360.000000
865.333333 354.000000
864.666667 348.000000
864.000000 341.666667
863.000000 334.666667
861.666667 327.333333
860.000000 319.666667
857.666667 312.333333
855.000000 304.666667
851.666667 297.000000
848.000000 289.000000
844.000000 280.666667
840.000000 272.333333
836.000000 264.333333
832.000000 256.666667
828.000000 249.333333
824.000000 241.666667
819.666667 234.000000
815.000000 226.000000
809.666667 218.000000
803.666667 210.333333
797.000000 203.000000
789.666667 195.666667
782.333333 188.333333
774.333333 180.666667
766.000000 173.333333
757.333333 166.333333
749.000000 160.000000
741.333333 154.333333
733.666667 149.000000
726.333333 144.000000
718.666667 139.000000
711.000000 134.333333
703.000000 130.000000
695.333333 126.333333
688.000000 123.000000
681.000000 120.333333
673.666667 118.000000
664.333333 116.333333
653.333333 115.666667
643.000000 116.000000
635.666667 117.333333
631.000000 118.666667
627.000000 120.333333
623.000000 122.000000
619.000000 124.000000
615.000000 126.000000
611.000000 128.333333
607.000000 131.000000
603.000000 134.333333
599.000000 137.666667
595.000000 141.333333
591.333333 145.333333
588.000000 150.000000
585.000000 155.000000
582.333333 160.333333
580.333333 166.000000
579.000000 171.666667
578.000000 177.333333
577.333333 183.000000
577.000000 189.333333
577.000000 196.000000
577.000000 203.333333
577.333333 211.000000
578.000000 218.666667
578.666667 226.333333
579.333333 233.666667
580.000000 241.333333
580.666667 249.000000
581.000000 256.666667
581.333333 264.000000
581.666667 271.000000
582.333333 277.666667
583.000000 284.000000
583.666667 290.333333
584.666667 297.000000
585.666667 304.000000
587.333333 311.000000
588.666667 318.000000
590.666667 324.666667
592.666667 331.333333
595.000000 337.666667
597.333333 344.333333
600.000000 350.666667
603.000000 357.000000
605.666667 363.000000
608.333333 368.666667
611.000000 374.000000
614.000000 379.333333
617.333333 384.666667
620.666667 390.000000
624.333333 395.000000
628.000000 400.666667
632.000000 406.666667
636.333333 413.000000
641.000000 419.333333
646.333333 426.000000
651.666667 433.000000
657.000000 440.333333
662.000000 447.666667
667.000000 455.000000
672.333333 462.000000
678.000000 469.000000
684.333333 476.000000
690.666667 483.000000
697.333333 490.333333
704.000000 498.000000
711.000000 506.000000
718.333333 514.000000
726.000000 522.333333
734.333333 531.000000
742.666667 540.666667
750.666667 550.333333
757.666667 559.666667
764.000000 568.333333
770.333333 576.666667
776.666667 585.000000
783.333333 593.000000
790.000000 601.333333
796.333333 609.333333
802.666667 617.666667
808.666667 626.000000
815.000000 635.333333
821.000000 644.666667
827.333333 654.333333
833.666667 663.333333
840.000000 671.666667
846.000000 679.333333
851.666667 686.333333
857.000000 693.333333
862.000000 699.666667
867.000000 706.333333
871.666667 712.333333
876.333333 718.333333
881.333333 723.666667
886.333333 729.333333
891.333333 735.000000
895.666667 740.666667
900.000000 746.000000
903.666667 750.666667
906.666667 754.666667
909.000000 757.666667
910.333333 760.000000
911.333333 761.666667
912.000000 763.000000
913.000000 764.000000
913.666667 764.333333
914.000000 764.000000
913.666667 762.333333
