956.000000 331.666667
959.000000 323.000000
962.000000 314.333333
965.333333 305.666667
969.333333 296.666667
974.333333 287.000000
979.666667 277.000000
985.333333 267.666667
990.666667 258.666667
996.000000 249.666667
1001.333333 240.000000
1007.000000 230.333333
1013.000000 221.333333
1019.333333 213.000000
1026.000000 204.666667
1032.666667 196.000000
1039.000000 187.333333
1045.000000 179.000000
1051.000000 171.333333
1057.000000 164.333333
1063.333333 157.666667
1070.000000 151.000000
1077.000000 144.333333
1084.000000 138.000000
1090.666667 132.000000
1097.333333 126.333333
1104.333333 121.000000
1112.000000 116.000000
1120.000000 111.666667
1127.666667 108.000000
1135.000000 105.333333
1141.666667 103.000000
1148.666667 101.000000
1156.333333 99.333333
1164.666667 98.000000
1173.000000 97.000000
1183.666667 96.000000
1205.000000 95.666667
1226.000000 96.000000
1243.666667 97.000000
1250.333333 98.000000
1257.333333 99.333333
1264.666667 101.666667
1271.666667 105.000000
1278.000000 109.000000
1284.000000 113.666667
1290.000000 119.000000
1296.000000 125.000000
1302.000000 131.000000
1307.666667 137.000000
1313.333333 143.000000
1318.666667 149.000000
1323.666667 155.333333
1328.000000 162.000000
1332.000000 169.000000
1335.333333 175.666667
1338.333333 182.333333
1340.666667 189.333333
1343.000000 197.333333
1345.000000 205.666667
1347.000000 214.000000
1348.666667 222.333333
1350.333333 230.666667
1351.666667 239.666667
1353.333333 248.666667
1354.666667 257.666667
1355.666667 266.000000
1356.333333 274.000000
1356.666667 281.666667
1356.666667 289.333333
1356.000000 297.000000
1355.000000 305.000000
1353.666667 312.666667
1352.333333 320.333333
1350.666667 327.666667
1349.000000 335.333333
1347.000000 343.000000
1345.000000 351.000000
1343.000000 359.000000
1340.666667 366.666667
1338.000000 374.333333
1334.666667 381.666667
1331.000000 389.000000
1327.000000 396.333333
1322.666667 404.000000
1318.000000 411.666667
1313.333333 419.000000
1308.666667 426.000000
1304.333333 433.000000
1300.000000 440.000000
1295.666667 447.000000
1291.333333 454.333333
1286.666667 461.333333
1282.000000 468.000000
1277.000000 474.000000
1271.666667 480.333333
1266.333333 487.333333
1261.000000 494.666667
1255.666667 502.000000
1250.333333 509.000000
1244.666667 515.666667
1238.666667 522.333333
1232.333333 528.666667
1225.666667 535.333333
1219.000000 541.666667
1212.333333 548.333333
1205.666667 555.000000
1199.000000 562.000000
1191.333333 568.666667
1183.666667 575.333333
1175.666667 581.666667
1168.666667 588.333333
1161.666667 595.333333
1155.333333 602.666667
1149.000000 609.666667
1142.666667 616.000000
1136.000000 622.000000
1129.333333 628.333333
1123.000000 634.666667
1117.333333 641.333333
1111.666667 647.666667
1106.333333 654.333333
1100.666667 660.333333
1094.666667 666.666667
1087.666667 673.000000
1080.666667 679.666667
1073.666667 686.666667
1067.000000 693.666667
1060.000000 700.666667
1053.000000 707.000000
1046.000000 712.666667
1039.000000 718.000000
1032.000000 722.666667
1025.333333 726.666667
1019.333333 730.000000
1013.666667 733.333333
1008.000000 737.000000
1002.000000 740.666667
996.333333 744.000000
991.000000 747.000000
985.666667 749.666667
980.666667 752.333333
976.000000 754.666667
972.333333 757.333333
969.000000 759.333333
966.333333 761.000000
964.333333 762.000000
963.000000 763.000000
962.000000 764.000000
961.000000 765.000000
