760.000000 401.666667
760.000000 396.333333
760.000000 390.666667
760.000000 384.666667
760.000000 378.333333
760.333333 371.666667
760.666667 365.000000
761.000000 358.666667
761.333333 352.666667
762.000000 346.666667
762.666667 339.666667
763.333333 331.666667
764.000000 323.333333
765.000000 314.666667
766.000000 306.000000
767.333333 296.666667
769.000000 286.666667
771.000000 276.333333
773.333333 266.333333
776.000000 257.000000
779.333333 247.333333
783.000000 237.666667
787.000000 228.000000
791.000000 219.333333
795.333333 211.000000
800.000000 202.666667
804.666667 194.000000
809.333333 185.000000
814.000000 176.333333
819.333333 168.333333
825.333333 160.333333
832.333333 152.000000
839.666667 143.333333
847.000000 134.666667
853.666667 126.666667
860.666667 118.666667
868.000000 111.333333
876.000000 104.000000
884.000000 97.000000
892.000000 90.000000
900.666667 83.000000
910.000000 76.333333
920.333333 70.000000
930.666667 64.666667
941.000000 59.666667
952.000000 55.000000
963.666667 50.333333
975.333333 46.666667
986.000000 43.666667
996.333333 41.000000
1006.666667 38.000000
1017.000000 35.666667
1026.666667 33.666667
1035.666667 32.333333
1043.666667 31.000000
1057.000000 30.666667
1070.333333 31.000000
1083.666667 32.333333
1090.666667 34.333333
1097.333333 37.333333
1104.000000 41.000000
1110.666667 45.000000
1117.333333 50.000000
1123.666667 56.000000
1130.000000 63.666667
1135.333333 71.666667
1140.000000 80.666667
1144.000000 90.000000
1147.333333 100.333333
1150.333333 110.666667
1152.666667 121.333333
1155.000000 131.666667
1157.000000 142.333333
1158.666667 153.333333
1160.333333 164.333333
1161.666667 175.666667
1163.000000 187.333333
1164.000000 199.666667
1164.666667 212.000000
1165.333333 224.333333
1165.666667 237.333333
1166.000000 250.333333
1166.000000 263.000000
1165.666667 275.000000
1165.333333 286.666667
1164.666667 298.000000
1164.000000 308.666667
1163.000000 318.666667
1161.666667 328.333333
1160.000000 337.666667
1158.000000 347.333333
1156.000000 356.666667
1153.666667 366.000000
1151.000000 375.333333
1148.000000 385.000000
1144.666667 395.333333
1141.000000 405.666667
1137.000000 415.666667
1132.666667 425.333333
1128.333333 435.000000
1123.666667 444.666667
1119.333333 453.666667
1115.000000 462.333333
1111.000000 470.666667
1106.666667 479.000000
1102.000000 487.000000
1096.666667 495.333333
1091.000000 503.666667
1085.000000 511.666667
1079.000000 519.333333
1072.666667 527.000000
1066.333333 535.000000
1060.000000 543.333333
1054.333333 551.666667
1048.666667 559.666667
1042.666667 567.000000
1036.333333 574.333333
1029.666667 582.000000
1023.333333 590.333333
1017.000000 598.666667
1011.000000 607.000000
1005.000000 615.000000
998.333333 623.000000
991.000000 631.333333
983.333333 640.000000
976.000000 648.666667
969.333333 656.666667
962.333333 664.000000
954.666667 671.000000
946.333333 678.000000
938.000000 685.000000
930.333333 692.000000
923.333333 699.000000
916.333333 706.000000
909.333333 712.666667
902.000000 719.333333
895.000000 726.000000
888.000000 732.666667
881.333333 739.666667
875.333333 746.333333
870.333333 752.666667
866.333333 757.666667
863.333333 761.666667
861.333333 764.666667
860.000000 767.000000
859.000000 768.666667
858.333333 770.000000
857.666667 771.000000
857.333333 772.000000
858.000000 771.666667
