603.000000 412.666667
603.333333 408.333333
603.000000 404.000000
602.333333 399.666667
602.333333 394.666667
602.666667 389.333333
603.333333 383.333333
603.666667 377.333333
604.333333 371.000000
604.333333 365.333333
604.333333 359.666667
604.000000 354.333333
603.666667 348.666667
603.000000 343.333333
601.666667 337.666667
600.000000 331.666667
598.000000 325.333333
596.000000 319.000000
594.000000 312.666667
591.666667 306.333333
589.333333 300.000000
587.000000 293.666667
585.000000 287.333333
582.666667 281.000000
580.333333 274.666667
578.000000 268.666667
575.666667 262.666667
573.333333 257.333333
570.333333 252.000000
567.333333 247.000000
564.000000 242.333333
560.666667 238.000000
557.000000 234.000000
553.000000 230.000000
549.000000 226.000000
545.000000 222.333333
541.000000 219.000000
537.000000 216.333333
533.000000 213.666667
529.000000 211.333333
525.000000 209.000000
520.333333 207.000000
515.333333 205.333333
503.333333 205.000000
491.333333 206.000000
478.333333 208.333333
471.333333 210.666667
464.000000 213.333333
457.000000 216.000000
450.333333 219.000000
444.000000 222.000000
437.666667 225.000000
431.333333 228.000000
425.333333 230.666667
419.333333 233.333333
413.666667 235.666667
408.000000 238.000000
403.000000 240.000000
398.000000 242.000000
393.333333 244.000000
389.000000 246.333333
384.666667 248.666667
380.333333 251.333333
375.666667 253.666667
371.333333 256.333333
367.000000 259.333333
363.000000 262.666667
359.333333 266.000000
356.000000 269.000000
353.000000 272.000000
350.333333 275.000000
348.000000 277.666667
346.333333 280.000000
345.000000 282.000000
344.000000 284.000000
343.333333 286.000000
342.666667 288.000000
342.000000 290.333333
341.333333 292.666667
340.666667 295.666667
340.000000 299.000000
339.333333 303.333333
338.666667 308.000000
337.666667 313.000000
336.333333 318.333333
335.333333 323.666667
334.666667 329.000000
334.000000 334.000000
333.000000 339.000000
332.333333 344.000000
332.000000 348.666667
332.000000 353.333333
332.000000 358.000000
332.000000 363.000000
332.000000 368.000000
332.000000 373.000000
332.000000 378.000000
332.000000 383.000000
332.000000 388.333333
332.000000 394.000000
332.000000 399.666667
332.333333 405.333333
332.666667 411.000000
333.000000 416.666667
333.333333 422.000000
333.666667 426.666667
334.333333 431.000000
335.000000 435.000000
336.000000 439.000000
337.000000 443.333333
338.666667 448.000000
340.666667 453.000000
343.666667 458.333333
346.666667 464.000000
350.666667 470.333333
354.666667 476.666667
359.000000 483.666667
363.000000 490.666667
367.000000 498.000000
370.666667 505.000000
374.000000 511.333333
377.000000 517.333333
379.666667 522.666667
382.000000 527.666667
384.333333 532.000000
387.000000 536.333333
390.333333 541.000000
394.000000 546.000000
398.666667 551.333333
403.666667 556.666667
409.333333 562.333333
414.333333 567.666667
419.333333 573.000000
423.666667 577.666667
428.000000 582.333333
431.666667 586.666667
435.333333 591.000000
438.666667 595.333333
442.333333 599.666667
446.000000 604.333333
450.000000 608.666667
454.333333 613.333333
459.000000 618.000000
464.000000 623.000000
469.000000 628.000000
474.000000 633.000000
479.333333 638.000000
485.000000 643.333333
491.000000 649.000000
497.000000 654.666667
503.000000 660.333333
509.000000 665.666667
514.666667 671.000000
520.666667 676.333333
526.666667 682.000000
533.333333 688.333333
540.333333 694.666667
547.333333 701.000000
554.333333 707.000000
560.666667 712.666667
567.000000 718.333333
573.333333 723.666667
579.666667 729.333333
586.000000 734.666667
592.333333 740.333333
598.333333 746.000000
604.333333 752.333333
609.333333 758.333333
614.000000 764.666667
618.000000 770.666667
621.666667 777.000000
625.000000 783.000000
628.000000 789.000000
630.666667 794.666667
633.000000 800.000000
635.333333 805.000000
637.666667 810.000000
640.000000 814.666667
642.333333 818.666667
644.666667 822.000000
647.000000 825.000000
649.000000 827.666667
651.333333 830.333333
653.333333 832.333333
655.333333 834.333333
657.000000 835.666667
658.666667 837.333333
660.333333 838.666667
661.333333 840.000000
662.333333 841.000000
663.000000 842.000000
