670.000000 397.000000
669.666667 394.000000
669.333333 390.666667
669.000000 387.000000
668.666667 382.666667
668.000000 378.000000
667.333333 373.000000
666.666667 368.000000
666.000000 363.000000
665.000000 358.000000
663.666667 353.000000
662.333333 348.000000
661.000000 343.000000
659.666667 338.000000
658.000000 332.333333
655.666667 326.666667
653.000000 320.333333
650.333333 314.333333
647.333333 307.666667
644.333333 301.000000
640.666667 294.333333
637.333333 287.666667
634.333333 281.333333
631.666667 275.000000
629.333333 269.333333
627.000000 264.000000
625.000000 259.333333
622.666667 255.000000
620.000000 251.000000
616.666667 246.666667
613.000000 242.333333
608.333333 237.333333
603.000000 232.333333
597.333333 226.666667
591.666667 221.333333
586.000000 216.000000
580.000000 211.333333
574.000000 207.000000
568.000000 203.333333
562.000000 200.000000
556.000000 197.000000
550.333333 194.666667
544.666667 192.666667
539.000000 191.333333
532.333333 189.666667
521.666667 188.333333
506.666667 187.666667
490.666667 188.000000
477.000000 189.333333
466.333333 191.333333
456.000000 194.333333
446.333333 198.000000
436.666667 202.666667
427.333333 208.000000
418.333333 214.333333
410.000000 220.666667
402.333333 227.000000
395.333333 233.000000
389.000000 239.000000
382.666667 245.000000
376.666667 250.666667
371.000000 256.333333
366.000000 261.666667
361.000000 267.000000
356.666667 272.000000
353.000000 277.000000
350.000000 282.000000
347.333333 286.666667
345.000000 291.666667
343.333333 296.666667
342.000000 302.333333
341.000000 307.666667
340.333333 313.000000
339.666667 318.000000
339.333333 322.666667
339.000000 327.000000
339.333333 331.333333
339.666667 336.000000
340.333333 341.333333
341.000000 347.333333
342.000000 354.000000
343.333333 361.000000
344.666667 368.000000
346.333333 375.333333
348.000000 382.666667
350.333333 390.333333
352.666667 397.666667
355.000000 405.333333
357.000000 412.666667
359.000000 420.333333
361.000000 428.000000
363.333333 436.000000
365.666667 443.666667
368.666667 451.333333
371.666667 458.333333
375.000000 465.333333
378.666667 472.000000
383.000000 478.666667
388.333333 485.666667
394.333333 492.666667
401.333333 500.333333
408.666667 507.666667
416.333333 515.000000
423.666667 522.333333
431.333333 529.666667
438.666667 537.000000
446.333333 544.000000
453.666667 551.000000
461.000000 558.000000
468.000000 565.000000
475.333333 571.666667
483.000000 578.333333
491.000000 585.000000
499.000000 592.000000
506.666667 599.000000
514.000000 606.000000
521.333333 612.666667
528.666667 619.333333
536.333333 626.333333
543.666667 633.666667
551.000000 641.000000
557.666667 648.333333
564.000000 655.666667
570.000000 663.000000
576.333333 670.333333
582.666667 677.666667
589.000000 685.000000
595.333333 692.000000
601.666667 699.000000
608.000000 705.666667
613.666667 712.000000
619.000000 718.000000
624.000000 723.666667
628.666667 728.666667
633.000000 733.333333
636.666667 737.666667
640.000000 742.333333
642.666667 746.333333
645.333333 750.333333
647.666667 753.666667
650.000000 757.000000
652.000000 759.666667
653.666667 762.000000
655.000000 764.000000
656.000000 765.666667
657.000000 767.333333
657.666667 768.666667
658.000000 770.000000
658.333333 771.000000
658.666667 772.000000
659.333333 772.333333
