613.333333 434.333333
613.666667 430.333333
614.000000 425.333333
614.333333 420.333333
615.000000 414.666667
615.666667 409.000000
616.333333 403.000000
617.000000 397.000000
618.333333 390.666667
619.666667 383.666667
621.333333 375.666667
623.000000 367.333333
625.333333 359.333333
628.000000 351.333333
631.333333 343.000000
635.000000 334.333333
639.333333 325.666667
644.333333 317.333333
649.666667 309.333333
655.000000 301.666667
660.000000 294.000000
665.333333 285.666667
671.000000 277.000000
677.333333 268.333333
684.000000 260.333333
691.333333 252.666667
698.666667 244.666667
706.000000 236.333333
713.000000 228.333333
720.333333 221.000000
728.000000 214.000000
736.000000 207.333333
744.000000 201.000000
752.000000 194.666667
760.333333 188.000000
769.333333 181.333333
778.666667 175.000000
788.000000 169.000000
797.000000 163.333333
806.333333 158.000000
816.333333 153.666667
826.666667 150.000000
836.666667 147.000000
845.666667 144.666667
854.333333 142.666667
866.666667 141.333333
879.000000 140.666667
891.333333 141.000000
900.333333 142.000000
910.000000 143.000000
920.000000 144.333333
930.000000 146.333333
939.666667 149.000000
949.333333 152.333333
959.333333 156.333333
969.666667 161.000000
979.666667 166.333333
988.666667 172.000000
996.666667 177.666667
1004.666667 183.333333
1012.666667 189.000000
1021.000000 195.333333
1028.666667 202.000000
1035.666667 209.333333
1042.000000 216.666667
1047.333333 224.333333
1052.333333 231.666667
1056.666667 239.666667
1060.666667 247.666667
1063.666667 256.333333
1066.333333 265.000000
1068.666667 273.666667
1071.000000 282.333333
1073.000000 291.333333
1074.666667 300.666667
1076.333333 310.000000
1077.666667 318.666667
1078.666667 327.000000
1079.000000 335.333333
1079.000000 344.000000
1079.000000 353.000000
1078.666667 362.000000
1077.666667 371.000000
1075.666667 380.000000
1073.333333 389.000000
1070.666667 398.333333
1068.000000 407.666667
1065.000000 417.000000
1062.000000 425.666667
1059.000000 434.666667
1056.000000 443.666667
1053.000000 452.666667
1049.666667 461.000000
1046.000000 468.666667
1042.000000 476.666667
1037.333333 485.000000
1032.333333 494.000000
1027.000000 503.000000
1022.000000 511.666667
1017.000000 520.333333
1011.666667 529.333333
1006.000000 538.666667
999.666667 548.333333
993.333333 557.333333
986.666667 566.000000
980.333333 574.000000
974.000000 582.333333
968.000000 591.000000
961.666667 599.666667
955.333333 607.666667
948.666667 615.000000
941.666667 622.000000
934.333333 629.333333
927.333333 637.000000
921.000000 644.666667
915.000000 652.333333
909.000000 659.000000
903.000000 665.666667
897.000000 671.666667
890.666667 678.000000
884.666667 684.333333
878.666667 691.000000
873.666667 697.666667
868.666667 704.000000
864.333333 709.666667
859.666667 715.000000
855.000000 720.333333
850.000000 725.666667
845.000000 731.333333
840.000000 736.666667
835.000000 742.333333
830.000000 747.666667
825.333333 753.000000
821.000000 758.000000
817.000000 763.000000
813.333333 767.666667
809.333333 772.333333
805.000000 777.000000
800.333333 782.000000
795.666667 787.000000
791.000000 792.000000
786.333333 797.000000
782.000000 802.000000
778.333333 806.666667
773.666667 812.333333
769.333333 817.666667
764.666667 823.000000
760.666667 827.000000
757.000000 830.333333
753.666667 833.000000
751.333333 835.000000
749.000000 836.666667
747.333333 838.000000
746.000000 839.000000
745.000000 840.000000
744.000000 841.000000
