493.000000 371.666667
492.000000 364.333333
490.666667 356.666667
489.000000 349.333333
487.000000 341.333333
484.666667 333.333333
482.000000 325.000000
478.666667 317.000000
475.000000 309.333333
471.000000 302.333333
466.666667 295.666667
461.666667 289.000000
456.333333 282.333333
451.000000 276.000000
446.000000 270.333333
440.666667 264.666667
435.000000 259.333333
428.666667 253.666667
422.333333 248.333333
415.666667 243.000000
409.333333 238.333333
402.666667 234.333333
396.666667 230.666667
390.333333 227.333333
384.333333 224.000000
377.666667 221.000000
371.000000 218.333333
364.000000 215.666667
357.000000 213.333333
350.000000 211.000000
342.666667 209.000000
335.333333 206.666667
327.666667 204.333333
320.666667 202.333333
314.000000 201.000000
308.000000 200.000000
301.666667 199.000000
296.666667 198.666667
292.333333 199.000000
289.333333 200.000000
286.333333 201.333333
283.666667 203.000000
281.000000 205.333333
277.666667 208.666667
274.333333 213.000000
271.000000 218.000000
268.000000 223.333333
265.000000 229.000000
262.000000 235.000000
259.333333 241.000000
257.333333 247.333333
255.666667 254.000000
254.666667 261.000000
253.666667 268.000000
253.000000 275.333333
252.333333 282.666667
252.000000 290.333333
252.000000 298.333333
252.000000 307.000000
252.333333 316.000000
253.000000 325.333333
254.000000 335.333333
255.000000 346.000000
256.000000 356.666667
257.333333 367.000000
259.000000 377.000000
261.000000 386.666667
263.000000 396.000000
265.333333 404.666667
268.000000 413.000000
271.000000 420.666667
274.333333 428.000000
278.333333 435.000000
282.666667 442.333333
287.666667 450.000000
293.333333 458.000000
300.000000 465.666667
307.333333 473.333333
315.000000 481.333333
323.000000 490.000000
331.333333 499.333333
340.333333 508.666667
349.666667 517.666667
359.000000 526.666667
367.666667 535.666667
376.333333 545.000000
385.333333 554.000000
394.666667 562.666667
404.000000 570.666667
413.000000 578.333333
422.000000 586.333333
431.333333 595.000000
441.000000 603.666667
450.666667 612.000000
459.666667 620.000000
468.000000 628.000000
476.333333 636.000000
484.333333 644.000000
492.333333 651.666667
499.666667 658.666667
506.666667 665.000000
513.333333 671.333333
519.666667 678.000000
526.666667 685.333333
533.666667 692.666667
541.000000 700.333333
548.000000 707.666667
555.000000 714.666667
561.666667 720.666667
567.666667 726.000000
573.333333 731.333333
579.000000 736.333333
584.666667 741.000000
590.333333 745.000000
596.000000 749.000000
601.666667 752.666667
607.000000 756.000000
612.000000 759.333333
616.666667 762.666667
620.666667 766.000000
623.666667 768.666667
626.333333 771.000000
628.333333 772.666667
630.000000 774.000000
631.000000 775.000000
631.666667 776.000000
632.333333 777.000000
633.000000 778.000000
634.000000 778.333333
635.000000 777.666667
