1108.000000 357.000000
1109.333333 349.666667
1111.000000 342.000000
1113.000000 333.666667
1115.666667 325.000000
1118.666667 316.333333
1122.000000 307.666667
1125.333333 299.000000
1129.000000 290.000000
1133.000000 281.000000
1137.000000 272.333333
1140.666667 264.000000
1144.000000 256.666667
1147.000000 249.333333
1150.000000 242.333333
1153.000000 235.333333
1156.000000 228.666667
1159.333333 222.333333
1163.000000 216.000000
1167.000000 210.666667
1171.333333 205.666667
1176.000000 201.333333
1180.666667 197.000000
1185.000000 193.333333
1189.333333 189.666667
1194.000000 186.333333
1199.333333 182.666667
1205.000000 179.000000
1211.000000 175.000000
1217.333333 171.333333
1224.000000 168.000000
1230.666667 165.333333
1236.666667 163.000000
1242.333333 160.666667
1248.666667 158.666667
1255.333333 156.666667
1262.333333 155.333333
1276.333333 154.666667
1290.333333 155.333333
1304.000000 156.666667
1310.333333 158.666667
1316.333333 160.666667
1322.333333 163.333333
1327.333333 166.333333
1332.000000 169.666667
1336.000000 173.333333
1340.333333 177.000000
1344.666667 180.666667
1349.333333 184.333333
1353.666667 188.000000
1358.333333 192.000000
1362.666667 195.666667
1367.000000 199.666667
1371.000000 204.000000
1374.666667 209.000000
1378.333333 214.333333
1381.333333 219.666667
1384.000000 225.000000
1386.000000 230.000000
1388.000000 235.000000
1389.666667 240.000000
1391.000000 245.000000
1392.000000 250.333333
1392.666667 256.000000
1393.333333 262.000000
1393.666667 267.666667
1394.000000 273.333333
1394.000000 278.666667
1394.000000 284.333333
1393.666667 290.333333
1393.000000 297.000000
1392.000000 304.333333
1391.000000 312.000000
1390.000000 319.666667
1389.000000 327.000000
1388.333333 334.333333
1387.333333 342.000000
1386.333333 349.666667
1384.666667 357.333333
1383.333333 364.666667
1381.666667 372.000000
1379.333333 381.000000
1376.333333 390.000000
1372.666667 399.000000
1369.000000 406.333333
1365.000000 413.666667
1361.000000 420.666667
1357.000000 427.666667
1353.000000 434.666667
1349.000000 442.333333
1345.000000 450.000000
1340.666667 458.000000
1336.000000 465.666667
1330.666667 473.333333
1325.000000 481.000000
1318.666667 489.333333
1311.666667 498.000000
1304.333333 507.000000
1296.666667 515.666667
1288.333333 524.333333
1279.333333 533.000000
1270.333333 542.000000
1261.666667 550.666667
1252.666667 559.000000
1243.000000 566.666667
1233.333333 573.666667
1224.000000 580.000000
1215.333333 586.333333
1206.666667 593.000000
1198.000000 600.333333
1189.000000 607.333333
1180.333333 614.333333
1172.333333 620.666667
1165.333333 627.666667
1158.666667 634.666667
1152.666667 642.333333
1147.000000 649.333333
1141.666667 656.333333
1136.000000 662.666667
1130.333333 668.666667
1124.666667 674.333333
1119.333333 680.333333
1113.666667 687.000000
1108.333333 694.000000
1103.000000 700.666667
1098.000000 707.333333
1092.666667 713.666667
1087.000000 720.000000
1081.333333 726.000000
1076.000000 731.666667
1071.333333 737.333333
1067.333333 742.333333
1064.000000 746.666667
1061.333333 750.000000
1059.000000 753.000000
1057.333333 756.000000
1056.000000 759.000000
1055.000000 762.000000
1054.333333 765.000000
1053.666667 768.000000
1053.333333 770.666667
1053.000000 773.333333
1053.000000 775.666667
1053.000000 777.666667
1053.000000 779.000000
1053.000000 780.000000
1053.000000 781.000000
1053.000000 782.000000
