751.000000 396.000000
751.666667 393.333333
751.666667 390.666667
751.666667 387.666667
752.000000 384.000000
753.000000 379.666667
754.000000 375.000000
755.000000 370.000000
756.333333 364.666667
757.666667 359.333333
759.000000 353.666667
760.333333 348.333333
761.666667 343.000000
763.333333 337.666667
765.000000 332.000000
766.666667 326.333333
768.333333 320.666667
770.333333 315.333333
773.000000 310.000000
776.333333 305.000000
780.000000 300.000000
784.000000 295.000000
788.666667 289.666667
793.666667 283.666667
799.000000 277.333333
803.666667 271.000000
808.333333 265.333333
813.000000 260.000000
818.000000 255.000000
823.333333 250.000000
828.666667 245.000000
834.666667 240.000000
840.333333 235.333333
846.000000 231.000000
851.000000 227.000000
856.000000 223.333333
861.000000 219.666667
866.000000 216.333333
871.333333 213.000000
877.000000 210.333333
883.000000 208.000000
888.666667 206.000000
894.000000 204.000000
899.000000 202.333333
904.000000 201.000000
909.333333 200.000000
915.000000 199.000000
923.333333 198.000000
932.000000 197.666667
942.333333 198.000000
950.333333 199.000000
958.333333 200.333333
965.000000 202.000000
971.666667 204.000000
978.333333 206.333333
984.666667 209.000000
991.000000 212.333333
997.000000 215.666667
1002.666667 219.333333
1008.333333 223.000000
1014.000000 226.666667
1019.666667 230.333333
1025.333333 233.666667
1030.666667 237.000000
1036.000000 240.333333
1040.666667 244.000000
1045.000000 248.666667
1049.000000 253.666667
1053.000000 259.666667
1056.666667 265.666667
1060.000000 272.000000
1063.000000 278.000000
1066.000000 284.000000
1069.000000 290.000000
1072.000000 296.333333
1075.000000 303.000000
1077.666667 310.000000
1080.000000 317.000000
1082.000000 323.666667
1083.666667 330.333333
1085.000000 336.666667
1086.333333 343.333333
1087.666667 350.000000
1089.000000 356.666667
1089.666667 363.000000
1090.333333 368.666667
1091.000000 374.333333
1092.000000 379.666667
1092.666667 385.000000
1093.333333 390.000000
1093.666667 395.000000
1094.000000 400.000000
1094.000000 405.000000
1094.000000 410.333333
1094.000000 415.666667
1094.000000 420.666667
1094.000000 425.333333
1094.000000 429.666667
1093.666667 434.000000
1093.333333 438.000000
1093.000000 442.000000
1092.666667 446.000000
1092.333333 450.000000
1091.666667 454.000000
1091.333333 458.000000
1090.666667 462.000000
1090.000000 466.000000
1088.666667 470.000000
1087.333333 473.666667
1085.666667 477.000000
1084.000000 480.333333
1081.666667 483.666667
1079.000000 487.666667
1076.333333 491.666667
1073.666667 496.000000
1071.000000 500.333333
1068.333333 505.000000
1066.000000 509.666667
1063.666667 514.333333
1061.333333 518.666667
1059.000000 523.000000
1057.000000 527.000000
1054.666667 531.000000
1052.000000 535.333333
1049.000000 539.666667
1046.000000 544.333333
1043.000000 548.666667
1040.000000 553.000000
1037.000000 557.333333
1034.000000 561.666667
1031.000000 566.000000
1028.000000 569.666667
1025.000000 573.000000
1022.000000 576.666667
1019.000000 580.666667
1015.666667 585.000000
1012.333333 589.666667
1009.000000 594.666667
1005.666667 600.333333
1002.000000 605.666667
998.000000 611.000000
993.666667 616.000000
989.333333 621.000000
984.666667 625.666667
980.333333 630.000000
976.000000 634.000000
972.000000 638.000000
968.000000 642.000000
964.333333 646.000000
960.666667 650.333333
957.333333 655.000000
953.666667 660.000000
950.000000 665.000000
946.000000 669.666667
941.666667 674.666667
937.333333 679.666667
933.000000 685.000000
928.666667 690.333333
924.333333 696.000000
920.000000 702.000000
916.333333 707.666667
912.666667 713.000000
909.000000 718.000000
905.333333 723.000000
901.333333 728.000000
897.333333 733.333333
892.666667 739.333333
888.000000 745.666667
883.000000 752.333333
878.333333 758.666667
874.000000 765.000000
870.000000 771.333333
866.333333 778.000000
862.666667 785.000000
859.000000 792.000000
855.000000 798.666667
851.000000 805.333333
847.000000 811.333333
843.000000 817.000000
839.000000 822.000000
835.000000 827.000000
831.000000 832.333333
827.000000 837.666667
823.333333 843.000000
820.333333 848.000000
817.666667 852.666667
815.666667 856.666667
813.666667 860.000000
812.333333 862.666667
811.000000 864.666667
810.333333 866.333333
809.666667 867.666667
808.666667 868.333333
