621.333333 246.666667
621.666667 244.000000
622.333333 241.000000
623.000000 237.666667
624.000000 233.666667
625.333333 229.000000
626.666667 223.666667
628.333333 218.333333
630.333333 213.000000
633.000000 208.000000
636.000000 203.000000
639.666667 197.666667
643.666667 191.666667
648.333333 185.000000
653.000000 178.000000
657.666667 171.333333
662.333333 165.000000
667.333333 158.666667
673.000000 152.000000
679.666667 145.000000
686.666667 138.000000
694.000000 131.000000
701.000000 124.000000
708.333333 117.333333
716.000000 111.000000
724.333333 105.000000
733.000000 99.000000
741.333333 93.000000
749.333333 87.333333
757.000000 81.666667
765.333333 76.333333
774.333333 71.333333
783.666667 67.333333
793.000000 64.000000
802.000000 61.333333
811.666667 58.666667
822.000000 56.666667
832.666667 54.666667
843.000000 53.333333
860.666667 52.666667
882.000000 53.000000
903.333333 54.333333
917.333333 56.000000
927.333333 58.000000
936.666667 60.666667
945.000000 64.000000
952.666667 68.666667
960.000000 74.333333
967.000000 81.333333
974.000000 89.333333
981.000000 98.666667
987.333333 109.000000
992.666667 120.000000
997.000000 131.333333
1000.666667 143.333333
1004.000000 156.000000
1006.333333 169.000000
1008.000000 182.333333
1009.000000 195.666667
1009.666667 209.000000
1010.000000 222.000000
1010.000000 235.333333
1010.000000 248.666667
1009.666667 261.666667
1009.333333 274.333333
1008.666667 287.000000
1008.000000 300.000000
1006.666667 312.666667
1005.000000 325.333333
1002.666667 338.333333
1000.000000 351.666667
997.000000 364.333333
993.333333 376.666667
989.333333 388.666667
984.666667 401.000000
980.333333 412.333333
975.666667 423.000000
971.333333 433.333333
967.000000 443.666667
963.000000 454.000000
958.666667 463.666667
953.666667 473.000000
947.666667 482.333333
941.333333 492.000000
934.666667 502.000000
928.333333 511.666667
922.000000 521.000000
916.333333 530.333333
910.666667 540.000000
905.000000 549.666667
899.000000 559.000000
893.000000 568.000000
887.000000 577.000000
881.000000 586.000000
875.333333 595.000000
870.000000 603.666667
864.666667 612.000000
858.666667 620.333333
851.666667 629.000000
844.333333 637.666667
837.000000 646.000000
830.000000 654.000000
823.000000 661.333333
816.000000 668.333333
808.333333 675.000000
800.333333 681.666667
792.333333 688.333333
784.666667 694.666667
777.000000 701.333333
769.000000 708.000000
761.000000 715.000000
753.000000 721.666667
745.333333 728.333333
738.333333 734.666667
732.333333 741.333333
727.000000 747.333333
722.666667 752.666667
719.000000 756.666667
716.666667 760.000000
714.666667 762.333333
713.666667 764.000000
712.666667 765.000000
712.333333 766.000000
712.000000 766.333333
712.000000 766.000000
712.000000 765.000000
