1002.666667 410.666667
1002.000000 404.333333
1001.000000 397.333333
999.666667 390.000000
998.333333 382.333333
996.666667 374.666667
995.000000 367.000000
992.666667 359.666667
990.000000 353.000000
987.000000 346.666667
984.000000 340.000000
980.666667 332.666667
977.000000 325.666667
973.000000 318.333333
969.333333 311.666667
965.666667 304.666667
962.000000 298.333333
958.000000 291.666667
954.000000 284.666667
949.666667 277.333333
945.000000 270.000000
940.000000 263.000000
935.000000 256.000000
929.666667 249.333333
924.666667 242.666667
919.333333 236.333333
914.333333 229.666667
908.666667 223.666667
902.666667 217.333333
896.000000 211.666667
888.666667 206.000000
881.666667 201.333333
874.333333 197.000000
867.000000 193.000000
859.000000 189.333333
851.333333 186.000000
844.000000 183.333333
837.333333 181.000000
831.000000 179.000000
825.000000 177.000000
819.000000 175.000000
812.666667 172.666667
806.000000 170.333333
798.666667 168.000000
791.666667 166.000000
784.666667 164.333333
778.000000 162.666667
771.000000 161.333333
757.333333 160.666667
744.333333 161.000000
732.000000 162.000000
727.000000 163.000000
722.000000 164.000000
717.000000 165.000000
712.000000 166.000000
706.666667 167.333333
701.000000 169.000000
695.333333 171.000000
689.666667 173.000000
684.333333 175.333333
679.000000 178.000000
674.000000 181.333333
669.333333 185.000000
664.333333 189.000000
659.666667 193.000000
655.000000 197.000000
651.000000 201.333333
647.333333 206.000000
644.000000 211.000000
641.333333 216.333333
639.333333 221.666667
638.000000 227.333333
637.000000 233.000000
636.000000 239.000000
635.333333 245.000000
635.000000 251.333333
635.333333 257.666667
635.666667 264.333333
636.000000 271.333333
636.333333 278.333333
637.000000 285.333333
638.000000 291.666667
639.000000 298.000000
640.333333 304.333333
641.666667 310.666667
643.333333 317.000000
645.000000 322.666667
647.000000 328.333333
649.000000 334.000000
651.333333 340.000000
654.000000 346.000000
656.666667 352.000000
659.333333 358.333333
662.000000 365.000000
665.000000 371.666667
668.000000 378.000000
671.000000 384.333333
674.666667 391.333333
679.000000 399.000000
684.333333 407.333333
690.333333 416.000000
696.666667 425.000000
703.333333 434.000000
710.000000 443.333333
717.000000 452.333333
724.000000 461.000000
731.000000 469.333333
738.000000 477.666667
745.000000 486.000000
752.000000 494.333333
759.000000 503.000000
766.333333 512.333333
774.000000 522.666667
782.333333 533.666667
790.333333 545.333333
798.000000 556.666667
805.000000 568.333333
811.666667 579.333333
818.000000 589.666667
824.000000 599.000000
829.666667 607.666667
835.000000 615.666667
840.333333 623.333333
845.333333 630.666667
850.333333 638.666667
855.000000 647.333333
859.333333 656.333333
863.333333 665.333333
867.333333 674.666667
872.000000 684.666667
876.666667 695.000000
881.000000 704.666667
885.000000 714.000000
889.000000 723.000000
892.666667 731.333333
896.333333 739.333333
899.666667 746.333333
903.000000 753.000000
906.000000 759.333333
909.000000 765.333333
912.333333 771.333333
916.000000 777.000000
920.000000 783.000000
924.000000 789.000000
928.333333 795.000000
932.666667 800.666667
937.000000 806.000000
940.666667 810.666667
944.333333 815.000000
947.666667 819.000000
951.000000 822.666667
955.000000 827.666667
959.333333 833.000000
964.000000 839.000000
968.000000 844.000000
972.000000 849.000000
976.000000 853.666667
980.000000 858.000000
983.333333 861.666667
986.000000 864.333333
988.000000 866.333333
989.666667 867.666667
991.000000 869.000000
992.333333 869.333333
993.333333 868.666667
994.000000 866.333333
