848.333333 360.666667
878.666667 356.666667
908.666667 352.000000
908.000000 346.333333
907.000000 340.000000
906.000000 332.666667
904.666667 325.333333
903.333333 317.666667
901.666667 310.333333
899.666667 302.666667
897.333333 295.000000
894.333333 287.333333
891.000000 279.666667
887.000000 272.000000
883.000000 263.666667
878.666667 255.000000
874.333333 246.000000
869.666667 237.000000
865.000000 228.000000
860.333333 219.000000
855.666667 210.000000
851.333333 201.333333
847.000000 193.000000
843.000000 185.333333
839.333333 178.000000
835.666667 171.333333
832.333333 165.000000
828.666667 159.000000
825.000000 153.333333
821.000000 147.666667
816.666667 142.000000
811.666667 136.000000
805.666667 130.000000
799.000000 124.333333
792.333333 119.333333
785.666667 115.000000
779.333333 111.333333
772.666667 108.333333
765.666667 106.333333
758.000000 105.000000
747.333333 104.666667
736.333333 105.000000
724.666667 106.666667
715.333333 108.666667
705.666667 111.333333
696.333333 114.333333
687.000000 118.000000
678.000000 122.333333
668.666667 127.000000
659.333333 132.333333
650.333333 137.666667
642.000000 143.666667
634.000000 149.666667
626.333333 156.333333
618.666667 163.000000
611.666667 169.666667
604.666667 176.000000
598.666667 182.000000
592.666667 188.000000
587.666667 194.000000
582.666667 200.000000
578.666667 206.000000
575.000000 211.666667
572.333333 217.000000
570.333333 222.000000
569.000000 227.333333
568.000000 232.666667
567.333333 238.000000
567.000000 242.666667
567.000000 247.333333
567.333333 252.000000
568.000000 257.333333
569.000000 262.666667
570.000000 268.333333
571.000000 274.000000
572.000000 280.000000
573.000000 286.333333
574.000000 293.000000
575.333333 300.000000
577.000000 306.666667
579.000000 313.333333
581.000000 319.666667
583.000000 326.000000
585.333333 332.000000
588.333333 338.000000
591.666667 343.666667
595.333333 349.333333
599.333333 355.333333
603.666667 362.000000
608.000000 368.666667
612.000000 375.333333
616.000000 382.000000
619.666667 389.333333
623.666667 397.000000
627.666667 405.000000
632.000000 413.000000
636.333333 421.000000
641.333333 428.666667
646.666667 436.333333
652.000000 444.000000
657.000000 452.000000
662.000000 460.000000
667.000000 467.666667
672.333333 475.000000
678.000000 482.333333
684.333333 490.333333
690.666667 498.333333
697.000000 506.333333
703.000000 513.666667
708.666667 521.000000
714.000000 528.000000
719.333333 534.666667
724.666667 541.666667
730.333333 548.333333
736.000000 555.333333
741.666667 562.000000
747.333333 568.666667
752.666667 575.000000
758.000000 581.000000
763.000000 587.000000
768.000000 593.000000
773.000000 599.000000
778.000000 604.666667
783.000000 610.333333
788.333333 616.000000
793.333333 621.666667
798.333333 627.000000
803.000000 632.000000
807.666667 637.000000
812.333333 641.666667
817.000000 646.333333
822.000000 651.000000
827.000000 655.666667
832.000000 660.333333
837.000000 664.666667
842.000000 669.000000
846.666667 672.666667
851.000000 676.333333
855.000000 679.666667
858.333333 683.000000
861.333333 685.666667
863.666667 688.333333
866.000000 690.666667
868.000000 693.000000
870.000000 694.666667
871.666667 696.333333
873.000000 697.666667
874.000000 699.000000
875.000000 700.000000
