1070.000000 435.000000
1070.000000 430.333333
1070.333333 424.666667
1071.000000 418.000000
1072.000000 410.666667
1073.000000 402.666667
1074.333333 393.666667
1076.333333 383.666667
1078.666667 373.333333
1081.333333 362.666667
1083.666667 352.000000
1086.333333 340.666667
1088.666667 329.666667
1091.333333 319.000000
1093.666667 308.666667
1096.333333 298.000000
1099.000000 287.000000
1102.333333 276.333333
1106.333333 265.666667
1111.000000 255.333333
1116.333333 245.000000
1122.333333 235.000000
1128.666667 225.333333
1135.000000 216.333333
1140.666667 208.333333
1146.333333 201.333333
1152.000000 194.666667
1158.333333 188.333333
1165.000000 182.000000
1171.666667 176.333333
1178.000000 171.333333
1184.333333 167.000000
1190.666667 163.000000
1197.666667 159.333333
1205.000000 156.000000
1213.000000 153.333333
1220.666667 151.000000
1228.000000 149.000000
1237.000000 146.333333
1246.000000 143.333333
1255.333333 140.333333
1262.666667 137.666667
1270.000000 135.000000
1276.666667 132.333333
1283.333333 129.666667
1289.666667 127.000000
1296.333333 124.000000
1303.000000 121.333333
1310.000000 118.666667
1317.000000 116.333333
1323.666667 114.333333
1330.000000 113.000000
1336.333333 112.000000
1342.666667 111.000000
1358.000000 110.666667
1373.000000 111.000000
1388.000000 112.333333
1394.000000 114.000000
1400.333333 116.333333
1407.000000 119.000000
1413.666667 122.000000
1420.000000 125.333333
1425.666667 129.000000
1431.333333 133.000000
1437.000000 137.000000
1443.000000 141.333333
1449.333333 146.000000
1455.333333 151.000000
1461.333333 156.333333
1466.666667 162.000000
1472.000000 168.000000
1476.666667 174.000000
1480.666667 180.000000
1484.000000 185.666667
1487.000000 191.666667
1489.666667 197.666667
1492.000000 204.333333
1494.000000 211.333333
1495.666667 218.666667
1497.000000 226.000000
1498.000000 233.333333
1499.000000 241.000000
1499.666667 249.666667
1500.000000 259.000000
1499.666667 269.000000
1499.000000 279.000000
1498.000000 289.333333
1496.666667 300.000000
1495.000000 310.666667
1493.000000 321.333333
1490.666667 332.000000
1488.000000 343.000000
1485.000000 353.666667
1481.333333 364.000000
1477.000000 374.000000
1471.666667 384.333333
1466.000000 395.000000
1460.333333 405.666667
1454.666667 416.000000
1449.000000 426.333333
1443.000000 437.000000
1436.333333 448.000000
1429.000000 458.666667
1420.666667 469.333333
1412.333333 480.333333
1404.000000 492.000000
1396.000000 503.666667
1387.666667 515.333333
1379.000000 526.666667
1370.333333 538.333333
1362.000000 549.333333
1354.333333 560.000000
1346.666667 569.666667
1338.666667 579.000000
1330.000000 588.333333
1321.333333 597.666667
1313.666667 606.666667
1306.666667 615.000000
1299.666667 623.000000
1292.333333 631.000000
1284.333333 639.000000
1276.333333 647.000000
1268.333333 655.000000
1260.666667 663.000000
1253.000000 671.000000
1244.333333 679.000000
1235.333333 687.333333
1226.000000 695.666667
1217.333333 704.000000
1209.000000 711.666667
1201.000000 719.000000
1192.666667 726.000000
1184.333333 733.000000
1176.333333 739.666667
1169.000000 746.000000
1162.000000 752.333333
1154.666667 758.666667
1146.666667 765.000000
1138.333333 770.666667
1130.000000 776.000000
1122.333333 781.000000
1115.666667 785.666667
1110.333333 789.666667
1106.333333 793.000000
1103.333333 795.333333
1101.333333 797.000000
1100.000000 798.000000
1099.000000 799.000000
1098.000000 800.000000
1097.000000 800.333333
1096.333333 799.666667
1095.666667 797.666667
1095.333333 794.666667
