866.333333 365.000000
865.666667 358.000000
865.333333 350.666667
864.666667 343.333333
863.666667 335.333333
862.333333 327.000000
860.666667 318.000000
859.000000 309.333333
856.333333 300.666667
853.000000 292.000000
848.666667 282.666667
844.000000 273.333333
839.000000 264.000000
834.000000 255.000000
829.000000 246.333333
824.000000 238.000000
819.000000 230.333333
813.666667 223.333333
808.000000 217.000000
801.333333 211.000000
794.666667 205.666667
787.333333 201.000000
780.333333 197.333333
772.333333 194.000000
764.000000 191.333333
755.000000 189.333333
743.333333 188.000000
725.666667 187.666667
708.333333 188.000000
694.333333 189.000000
687.000000 190.333333
680.000000 191.666667
672.666667 193.666667
665.333333 196.000000
657.666667 199.000000
650.333333 202.666667
643.000000 206.666667
636.333333 211.333333
629.333333 216.666667
622.333333 222.666667
615.000000 229.333333
608.000000 236.333333
601.000000 244.000000
594.666667 252.000000
589.000000 260.000000
584.000000 268.000000
579.333333 275.666667
575.000000 283.333333
571.000000 290.666667
567.333333 298.000000
564.000000 305.000000
561.000000 312.000000
558.000000 319.000000
555.333333 325.666667
553.000000 332.666667
551.333333 339.666667
550.000000 347.333333
549.333333 355.000000
549.333333 363.000000
550.000000 371.000000
551.000000 378.666667
552.333333 386.333333
553.666667 394.000000
555.333333 402.000000
557.333333 409.666667
560.000000 417.000000
563.000000 424.000000
566.000000 431.000000
569.000000 438.333333
572.333333 445.666667
576.000000 453.333333
580.333333 460.666667
585.333333 468.333333
591.333333 476.333333
598.000000 485.333333
605.000000 494.666667
611.666667 504.000000
618.666667 513.333333
625.666667 522.666667
633.333333 532.333333
640.666667 542.000000
648.000000 551.666667
654.666667 560.666667
661.333333 569.333333
667.666667 578.000000
674.333333 587.000000
681.000000 596.333333
688.000000 605.333333
695.000000 614.333333
701.666667 623.000000
708.000000 632.333333
714.000000 641.333333
719.666667 650.333333
725.333333 658.666667
730.666667 666.666667
736.333333 674.333333
741.666667 681.666667
747.000000 689.000000
752.000000 696.000000
757.000000 703.333333
761.666667 710.333333
766.333333 717.000000
771.000000 723.000000
776.333333 729.333333
781.666667 735.333333
787.333333 741.000000
792.666667 746.333333
798.000000 751.666667
803.333333 757.000000
809.000000 762.333333
815.000000 768.333333
821.333333 775.333333
827.666667 783.000000
834.333333 791.000000
840.666667 799.000000
846.666667 806.333333
852.000000 813.000000
856.666667 818.666667
861.000000 824.000000
864.666667 828.666667
868.000000 833.000000
870.666667 836.666667
872.666667 839.333333
874.000000 841.333333
875.000000 842.666667
875.666667 844.000000
876.333333 845.000000
876.666667 846.000000
877.000000 847.000000
877.000000 847.333333
