678.333333 414.666667
678.666667 410.000000
679.333333 405.000000
680.000000 400.000000
681.333333 394.666667
682.666667 389.000000
684.666667 383.000000
686.666667 377.000000
689.333333 370.666667
692.333333 364.333333
695.666667 357.666667
699.333333 351.000000
703.000000 343.666667
707.000000 336.333333
711.000000 328.666667
715.000000 321.000000
719.000000 313.666667
723.333333 306.333333
728.000000 299.666667
733.333333 292.333333
739.000000 285.333333
745.000000 278.000000
750.666667 271.000000
756.333333 264.333333
761.666667 258.333333
767.333333 252.666667
773.333333 247.000000
780.000000 241.666667
787.000000 237.000000
793.666667 233.333333
800.333333 229.666667
807.333333 226.333333
815.000000 223.333333
823.000000 221.000000
831.333333 219.333333
839.333333 218.000000
850.333333 217.666667
864.333333 218.000000
879.000000 219.000000
890.666667 220.333333
899.333333 221.666667
907.666667 223.333333
916.666667 225.000000
925.333333 227.333333
934.000000 229.666667
941.666667 232.000000
949.000000 234.333333
956.000000 237.333333
963.333333 240.666667
970.666667 244.666667
978.000000 248.666667
985.000000 253.333333
991.666667 258.000000
997.666667 263.000000
1003.000000 268.000000
1008.000000 273.000000
1013.000000 277.666667
1018.000000 282.333333
1023.000000 287.000000
1027.666667 292.000000
1032.000000 297.000000
1036.000000 302.666667
1039.666667 308.666667
1043.000000 315.000000
1045.666667 321.000000
1048.000000 327.333333
1050.000000 334.000000
1052.000000 341.333333
1054.000000 349.000000
1055.666667 357.333333
1057.000000 365.666667
1058.333333 374.333333
1059.666667 382.666667
1061.000000 391.000000
1062.000000 399.000000
1063.000000 407.000000
1063.666667 414.666667
1064.333333 422.000000
1064.666667 429.000000
1065.000000 436.000000
1065.333333 443.000000
1065.333333 450.000000
1065.333333 457.000000
1064.666667 463.666667
1064.000000 470.333333
1063.000000 477.000000
1062.000000 484.333333
1061.000000 491.666667
1060.000000 499.333333
1059.000000 506.666667
1058.000000 513.666667
1056.666667 520.000000
1055.333333 526.000000
1053.666667 532.000000
1052.000000 538.000000
1050.000000 544.333333
1048.000000 550.333333
1045.666667 556.333333
1043.000000 562.000000
1040.000000 567.666667
1036.666667 573.000000
1033.000000 578.000000
1029.000000 583.333333
1025.000000 589.333333
1020.666667 595.666667
1016.666667 601.666667
1012.666667 607.666667
1009.000000 613.333333
1005.000000 619.000000
1000.666667 624.000000
995.666667 629.333333
990.000000 635.000000
984.000000 640.666667
978.333333 646.666667
973.000000 652.333333
967.666667 658.333333
962.000000 663.666667
956.000000 669.333333
949.666667 674.666667
943.000000 680.333333
936.333333 686.000000
929.666667 692.333333
923.333333 698.666667
917.000000 705.000000
910.666667 711.000000
904.000000 717.000000
897.000000 723.000000
890.000000 728.666667
883.333333 734.333333
876.666667 740.000000
870.333333 745.666667
863.666667 751.000000
857.000000 756.333333
850.333333 761.333333
844.000000 766.000000
838.333333 770.000000
833.000000 774.000000
828.333333 778.000000
824.000000 781.666667
820.000000 785.666667
816.000000 790.000000
812.000000 795.000000
808.333333 799.666667
804.666667 804.000000
801.000000 808.000000
797.000000 811.666667
793.666667 814.666667
790.666667 817.333333
788.333333 819.333333
786.333333 821.333333
784.666667 822.666667
783.333333 824.000000
782.000000 825.000000
781.000000 826.000000
780.000000 827.000000
