630.000000 344.666667
629.333333 340.333333
628.666667 335.666667
628.000000 331.000000
627.333333 326.000000
626.666667 321.000000
626.333333 316.333333
625.666667 311.333333
625.000000 306.666667
624.000000 301.666667
623.000000 297.000000
622.000000 292.000000
621.000000 287.000000
620.000000 281.666667
618.666667 276.333333
617.333333 270.333333
615.666667 264.666667
614.333333 258.666667
612.666667 253.333333
610.666667 247.666667
608.333333 242.000000
605.666667 236.333333
603.000000 230.666667
600.000000 225.000000
597.000000 219.333333
594.000000 214.333333
591.000000 209.666667
587.666667 205.333333
584.333333 201.000000
580.666667 196.666667
577.333333 192.333333
573.333333 187.666667
569.000000 183.000000
563.666667 178.000000
558.000000 173.000000
552.333333 168.333333
546.666667 164.000000
541.333333 160.000000
535.666667 155.666667
529.333333 151.000000
521.666667 145.666667
513.000000 140.333333
504.000000 135.000000
495.000000 130.000000
486.000000 125.000000
476.666667 120.333333
467.000000 116.000000
457.333333 112.000000
448.000000 108.333333
439.000000 105.000000
430.000000 102.000000
421.000000 99.333333
412.333333 97.333333
404.333333 95.666667
397.333333 94.333333
391.000000 93.000000
384.666667 92.000000
378.000000 91.000000
369.000000 90.666667
360.333333 91.000000
352.333333 92.000000
346.333333 94.333333
341.333333 97.333333
337.000000 101.333333
334.333333 105.000000
332.333333 109.333333
331.000000 113.666667
330.000000 118.333333
329.333333 122.666667
329.000000 127.666667
329.333333 132.666667
330.000000 138.333333
331.000000 144.333333
331.666667 151.000000
332.333333 158.333333
333.333333 166.000000
334.666667 173.666667
336.000000 181.666667
337.333333 190.000000
339.000000 199.000000
341.000000 208.000000
342.666667 217.000000
344.333333 225.666667
346.000000 234.000000
348.333333 242.000000
350.666667 250.000000
353.333333 258.000000
356.000000 265.666667
359.000000 273.333333
362.333333 280.666667
366.000000 288.333333
370.000000 296.333333
374.333333 304.666667
379.000000 313.000000
384.000000 321.333333
389.333333 330.000000
394.666667 339.000000
400.333333 348.000000
405.333333 356.666667
410.333333 365.333333
415.000000 373.666667
420.000000 382.333333
424.666667 390.666667
429.333333 399.333333
434.000000 408.000000
439.333333 417.000000
445.333333 426.000000
451.666667 435.000000
458.000000 444.000000
464.000000 453.000000
470.000000 461.333333
476.000000 469.000000
482.000000 476.333333
488.000000 484.000000
494.333333 492.000000
501.000000 500.000000
507.666667 508.000000
514.000000 516.333333
520.333333 524.666667
527.000000 533.333333
534.000000 542.000000
541.333333 551.000000
549.000000 560.000000
557.000000 568.666667
565.333333 577.333333
574.333333 586.333333
583.666667 595.666667
593.000000 605.000000
602.000000 613.666667
610.666667 622.000000
619.333333 630.000000
628.000000 638.333333
636.666667 646.666667
645.333333 655.333333
653.333333 664.000000
661.666667 673.333333
669.666667 683.333333
678.000000 694.000000
686.000000 705.000000
694.000000 716.000000
701.000000 726.666667
707.000000 736.000000
711.333333 743.333333
714.666667 749.000000
717.000000 753.333333
718.333333 757.000000
719.333333 759.333333
719.666667 761.333333
720.333333 762.666667
720.666667 764.000000
