957.666667 363.666667
957.000000 356.666667
956.000000 349.000000
954.666667 340.333333
953.000000 331.000000
951.000000 321.666667
948.666667 312.333333
946.000000 303.000000
943.000000 293.333333
940.000000 284.000000
937.000000 275.333333
934.000000 267.333333
931.000000 260.000000
928.000000 253.666667
925.000000 247.333333
921.666667 241.333333
918.000000 235.000000
913.666667 229.000000
908.666667 223.000000
902.666667 217.000000
896.000000 211.000000
889.000000 205.333333
882.000000 200.333333
875.333333 196.000000
868.666667 191.666667
861.666667 187.666667
854.333333 183.666667
847.333333 180.333333
840.666667 177.000000
834.000000 174.000000
827.333333 171.000000
821.000000 168.333333
814.333333 165.666667
807.333333 163.333333
800.000000 161.333333
793.333333 160.000000
785.000000 159.000000
777.333333 158.666667
767.333333 159.000000
759.000000 160.000000
750.333333 161.000000
743.666667 162.333333
737.333333 164.000000
730.666667 166.000000
724.333333 168.333333
717.666667 171.000000
711.000000 174.000000
704.333333 177.333333
698.333333 180.666667
693.000000 184.000000
688.333333 187.000000
684.000000 190.000000
680.333333 193.000000
676.666667 196.333333
673.333333 200.333333
669.666667 205.000000
666.333333 210.333333
663.000000 215.666667
660.000000 221.333333
657.000000 226.666667
654.000000 232.333333
651.333333 237.666667
649.000000 243.333333
647.000000 249.000000
645.333333 254.666667
644.000000 260.333333
643.333333 266.000000
643.000000 271.666667
643.333333 277.333333
644.666667 285.333333
647.000000 294.000000
650.000000 303.333333
653.000000 310.666667
656.000000 318.000000
659.000000 324.666667
662.000000 331.333333
665.000000 338.333333
667.666667 345.666667
670.000000 353.333333
672.000000 361.000000
674.333333 369.000000
677.000000 376.666667
679.666667 384.333333
682.666667 392.333333
686.000000 400.666667
690.000000 409.000000
693.666667 417.000000
697.333333 424.666667
700.666667 432.000000
704.000000 438.666667
707.000000 445.333333
710.000000 451.666667
712.666667 457.666667
715.000000 463.333333
717.000000 468.666667
719.000000 473.666667
721.000000 478.333333
723.333333 482.666667
726.333333 487.333333
730.000000 492.333333
734.333333 498.000000
739.000000 504.000000
744.000000 509.666667
749.000000 515.666667
754.000000 521.333333
759.000000 527.666667
764.000000 534.000000
769.000000 541.000000
774.333333 548.333333
780.000000 556.000000
786.000000 564.000000
792.000000 572.666667
798.333333 582.000000
805.000000 592.000000
812.000000 602.000000
819.000000 611.666667
826.000000 621.000000
833.000000 630.000000
839.666667 638.666667
846.000000 647.000000
851.666667 655.000000
856.666667 662.666667
861.333333 670.000000
866.000000 677.333333
870.666667 685.000000
875.333333 693.000000
879.666667 701.000000
884.333333 708.666667
888.666667 716.000000
892.666667 722.666667
896.333333 729.333333
899.666667 735.333333
903.000000 741.333333
905.666667 746.000000
907.666667 750.000000
909.333333 752.666667
910.333333 755.000000
911.333333 757.333333
912.000000 760.000000
912.666667 763.000000
913.000000 766.000000
913.000000 769.000000
913.000000 772.000000
913.000000 774.666667
913.000000 777.000000
913.000000 779.000000
913.000000 780.666667
913.000000 782.000000
913.000000 783.000000
913.000000 784.000000
913.000000 784.000000
913.000000 783.333333
