922.000000 413.666667
922.000000 409.000000
921.666667 403.666667
921.333333 398.000000
920.666667 391.666667
919.666667 384.333333
918.333333 376.333333
917.000000 367.666667
916.000000 359.333333
914.666667 350.333333
913.333333 341.333333
911.666667 332.000000
910.333333 323.333333
908.666667 315.000000
907.000000 307.666667
905.000000 300.666667
902.666667 294.000000
900.000000 287.000000
896.666667 280.000000
893.000000 273.000000
888.666667 266.333333
884.333333 260.000000
879.666667 254.333333
875.333333 249.000000
870.666667 243.666667
866.000000 238.333333
861.000000 233.000000
856.000000 228.000000
850.666667 223.000000
845.333333 218.000000
840.000000 213.000000
835.000000 208.333333
830.333333 204.000000
825.666667 199.666667
821.000000 195.000000
816.000000 190.000000
810.666667 185.000000
805.000000 180.000000
799.000000 175.000000
793.000000 170.333333
787.333333 166.000000
781.666667 162.000000
776.000000 158.333333
770.000000 155.000000
763.666667 152.333333
757.000000 149.666667
750.000000 147.666667
743.000000 145.666667
736.666667 144.333333
730.333333 143.000000
724.333333 142.000000
718.000000 141.000000
712.000000 140.000000
706.333333 139.000000
699.000000 138.000000
690.666667 137.666667
682.666667 138.000000
676.666667 139.000000
671.666667 140.333333
666.000000 142.000000
660.000000 144.000000
654.000000 146.666667
648.000000 149.666667
642.000000 153.333333
636.666667 157.333333
631.666667 162.000000
627.333333 167.000000
623.000000 172.000000
619.333333 177.000000
616.000000 181.666667
613.000000 186.333333
610.333333 191.000000
607.666667 196.000000
605.333333 201.333333
603.000000 207.333333
601.000000 213.666667
599.333333 220.000000
597.666667 226.000000
596.333333 232.000000
595.000000 238.333333
594.000000 245.000000
593.000000 252.333333
592.000000 260.000000
591.000000 267.666667
590.333333 275.333333
590.000000 282.666667
590.000000 290.000000
590.000000 297.333333
590.333333 304.666667
591.000000 311.666667
592.333333 318.333333
594.000000 325.000000
596.333333 332.000000
599.333333 339.000000
603.000000 346.000000
607.000000 353.333333
611.333333 361.000000
615.666667 369.000000
620.000000 376.666667
624.333333 384.333333
628.666667 392.000000
633.666667 400.000000
638.666667 408.000000
644.333333 415.666667
650.333333 423.333333
656.666667 431.333333
663.333333 440.333333
670.000000 449.666667
677.666667 459.000000
686.333333 468.666667
695.666667 479.000000
705.333333 490.000000
715.000000 501.333333
725.666667 513.000000
736.000000 525.000000
746.333333 537.333333
755.666667 549.333333
765.333333 561.000000
775.333333 572.000000
785.333333 583.000000
795.000000 594.000000
804.333333 604.666667
814.000000 615.000000
824.333333 625.333333
834.333333 636.000000
844.000000 646.666667
852.666667 657.000000
861.000000 667.000000
869.000000 676.666667
876.666667 686.000000
884.000000 695.000000
890.666667 703.333333
897.000000 711.000000
902.666667 718.000000
908.000000 724.666667
913.000000 731.333333
918.000000 738.333333
923.333333 745.666667
928.666667 752.666667
934.333333 759.333333
939.333333 765.333333
943.666667 770.666667
947.000000 774.333333
949.333333 777.000000
951.333333 779.000000
952.666667 780.666667
954.000000 782.000000
954.666667 782.333333
955.000000 782.000000
955.333333 780.666667
