1147.000000 409.333333
1147.666667 402.333333
1148.333333 395.000000
1149.000000 387.000000
1150.000000 379.000000
1151.333333 370.666667
1153.000000 362.666667
1155.333333 354.333333
1158.000000 346.000000
1161.333333 337.000000
1165.000000 328.333333
1168.666667 320.000000
1172.666667 312.000000
1176.666667 304.000000
1181.333333 295.666667
1185.666667 287.333333
1190.000000 278.666667
1194.000000 270.666667
1198.333333 262.666667
1203.000000 255.666667
1208.333333 248.666667
1214.000000 242.333333
1220.000000 235.666667
1226.000000 229.333333
1231.666667 223.333333
1237.333333 217.666667
1242.666667 212.666667
1248.666667 207.666667
1255.000000 203.333333
1262.000000 199.333333
1269.000000 196.000000
1275.666667 193.333333
1282.000000 190.666667
1288.000000 188.000000
1294.333333 185.333333
1301.333333 182.666667
1308.666667 180.333333
1316.000000 178.000000
1322.666667 176.000000
1329.333333 174.000000
1335.666667 172.000000
1342.666667 170.333333
1350.000000 168.666667
1358.000000 167.333333
1370.000000 166.666667
1381.666667 167.000000
1393.333333 168.000000
1400.666667 169.333333
1408.000000 171.333333
1415.000000 174.000000
1421.333333 176.666667
1427.333333 179.333333
1432.666667 182.333333
1438.000000 185.666667
1443.000000 189.000000
1448.333333 192.333333
1453.666667 195.666667
1459.000000 199.333333
1464.000000 203.333333
1468.666667 208.000000
1473.000000 213.333333
1476.666667 218.666667
1480.000000 224.666667
1483.000000 230.666667
1485.666667 237.666667
1488.000000 245.000000
1489.666667 253.333333
1491.000000 262.000000
1492.333333 270.666667
1493.666667 279.666667
1495.000000 288.666667
1496.000000 298.333333
1497.000000 307.666667
1498.000000 317.333333
1499.000000 326.666667
1500.000000 336.333333
1501.000000 345.666667
1501.666667 355.333333
1502.000000 364.333333
1502.000000 373.333333
1502.000000 382.000000
1502.000000 391.000000
1502.000000 400.000000
1502.000000 409.000000
1501.666667 417.666667
1501.000000 426.000000
1500.000000 434.000000
1499.000000 442.333333
1498.000000 450.666667
1497.000000 459.000000
1496.000000 466.666667
1495.000000 474.000000
1494.000000 481.666667
1492.666667 489.666667
1491.333333 498.333333
1489.666667 507.000000
1487.666667 516.000000
1485.000000 525.333333
1481.666667 534.666667
1478.000000 544.000000
1473.666667 553.000000
1468.666667 561.666667
1463.333333 570.000000
1458.333333 577.666667
1453.666667 585.000000
1449.333333 592.000000
1445.000000 598.666667
1441.333333 605.333333
1437.666667 611.666667
1434.000000 618.000000
1430.333333 623.666667
1426.666667 629.333333
1422.666667 634.666667
1418.333333 640.333333
1413.666667 646.000000
1409.333333 652.000000
1405.000000 658.000000
1401.000000 664.000000
1397.000000 670.000000
1393.000000 676.000000
1388.666667 682.333333
1384.000000 689.000000
1379.000000 696.000000
1374.000000 702.666667
1369.000000 709.000000
1364.000000 714.666667
1359.333333 720.333333
1353.000000 727.666667
1346.666667 735.333333
1339.666667 743.000000
1334.000000 749.333333
1327.666667 755.666667
1321.000000 762.000000
1314.666667 767.666667
1308.666667 773.333333
1303.000000 779.000000
1296.666667 785.333333
1290.000000 791.666667
1283.333333 798.333333
1276.666667 804.666667
1270.333333 811.000000
1264.000000 816.666667
1258.000000 822.333333
1251.333333 828.000000
1244.333333 834.000000
1236.666667 840.000000
1229.000000 845.666667
1221.333333 851.000000
1214.000000 855.666667
1207.000000 860.000000
1200.000000 864.000000
1192.666667 868.000000
1185.333333 871.333333
1178.000000 874.333333
1171.333333 876.333333
1165.000000 878.333333
1159.333333 879.666667
1154.333333 881.000000
1150.666667 882.000000
1147.333333 883.000000
1144.666667 883.333333
1142.333333 883.000000
1141.000000 882.000000
1140.000000 880.666667
