833.333333 285.666667
832.000000 279.000000
830.666667 272.000000
828.666667 265.000000
826.333333 257.666667
823.666667 250.333333
821.000000 243.000000
817.333333 235.666667
813.333333 228.000000
808.333333 220.666667
803.000000 213.666667
796.666667 207.333333
790.000000 201.000000
783.000000 195.333333
775.333333 189.666667
767.000000 184.000000
758.000000 178.333333
749.000000 173.000000
740.333333 168.000000
731.666667 163.000000
722.666667 158.333333
713.000000 154.000000
703.333333 150.333333
693.666667 146.666667
684.000000 143.666667
673.666667 141.000000
663.000000 139.333333
652.333333 138.000000
638.000000 137.666667
623.333333 138.000000
608.666667 139.666667
598.666667 141.666667
589.666667 144.333333
581.000000 147.000000
572.333333 150.333333
564.000000 154.333333
556.666667 158.666667
549.666667 163.000000
543.666667 167.333333
538.000000 172.000000
533.333333 176.666667
528.666667 181.333333
524.333333 186.000000
520.000000 191.333333
516.333333 197.000000
513.000000 203.333333
510.000000 210.000000
507.333333 217.333333
505.000000 225.000000
503.666667 233.000000
503.000000 241.333333
503.333333 250.000000
504.000000 259.000000
505.333333 268.000000
507.333333 276.666667
510.333333 285.666667
513.666667 295.000000
517.333333 305.000000
521.000000 315.000000
525.333333 325.000000
530.000000 335.333333
535.666667 346.000000
542.000000 357.000000
548.666667 367.333333
555.333333 377.333333
561.666667 386.666667
568.000000 396.000000
574.333333 405.333333
581.333333 414.666667
589.000000 424.333333
596.666667 434.000000
604.333333 444.000000
611.666667 454.000000
619.000000 463.666667
626.666667 473.333333
634.333333 482.666667
642.666667 492.333333
650.000000 501.666667
657.333333 511.000000
664.000000 520.000000
670.666667 529.000000
677.666667 538.333333
684.666667 548.000000
692.000000 557.666667
698.666667 567.333333
704.666667 576.333333
710.000000 585.000000
715.000000 593.000000
719.666667 600.666667
724.000000 607.333333
728.000000 613.333333
732.333333 618.333333
737.000000 623.666667
742.333333 628.333333
747.666667 633.333333
753.000000 638.333333
758.333333 644.000000
764.000000 650.333333
770.000000 656.666667
776.000000 663.000000
782.000000 668.666667
787.666667 673.666667
793.000000 678.333333
797.666667 682.333333
802.000000 686.333333
806.000000 689.666667
809.666667 693.000000
813.000000 696.000000
816.000000 699.000000
819.333333 702.000000
822.666667 704.666667
825.666667 707.000000
828.333333 709.000000
830.666667 710.666667
833.000000 712.000000
835.333333 713.000000
840.000000 713.333333
848.333333 713.000000
857.666667 712.000000
