721.333333 398.333333
721.666667 395.666667
722.333333 393.333333
723.000000 390.333333
724.000000 387.333333
725.333333 383.333333
726.666667 379.000000
728.333333 373.666667
729.666667 368.000000
731.333333 361.666667
733.000000 355.333333
735.000000 348.666667
736.666667 342.000000
738.333333 334.666667
740.333333 327.000000
742.666667 319.333333
745.333333 312.000000
747.666667 305.000000
750.333333 298.333333
752.666667 291.666667
755.333333 285.000000
758.000000 278.000000
760.666667 271.333333
763.333333 264.666667
767.666667 256.333333
773.000000 247.333333
779.333333 238.000000
785.000000 230.333333
791.000000 222.666667
796.666667 215.666667
802.000000 208.666667
807.333333 202.333333
813.333333 195.333333
820.000000 188.333333
827.666667 180.666667
835.666667 173.333333
843.666667 166.000000
851.666667 159.000000
860.333333 151.666667
870.000000 144.333333
880.000000 137.000000
889.666667 130.000000
899.000000 123.333333
908.000000 117.333333
917.000000 112.333333
925.666667 108.333333
934.000000 105.000000
941.333333 102.000000
948.666667 99.333333
956.666667 96.666667
966.000000 94.333333
976.000000 92.000000
985.666667 89.666667
995.333333 87.000000
1005.000000 84.333333
1014.666667 82.333333
1024.333333 80.666667
1033.000000 79.333333
1046.000000 78.666667
1058.000000 79.000000
1070.333333 80.000000
1077.666667 81.333333
1084.666667 83.000000
1091.000000 84.666667
1097.333333 86.666667
1104.000000 88.666667
1111.000000 91.333333
1118.000000 94.000000
1125.000000 97.000000
1131.666667 100.333333
1138.333333 104.333333
1145.000000 109.000000
1152.000000 114.333333
1159.000000 120.000000
1166.333333 126.000000
1173.333333 131.666667
1180.000000 137.333333
1186.000000 142.666667
1191.666667 148.666667
1197.333333 155.000000
1203.000000 162.000000
1208.666667 169.333333
1214.000000 176.666667
1219.000000 184.000000
1224.000000 191.000000
1228.666667 198.333333
1233.000000 206.000000
1236.666667 213.666667
1239.666667 220.666667
1242.000000 227.333333
1244.333333 234.000000
1246.333333 241.333333
1248.333333 249.333333
1249.666667 257.666667
1250.666667 266.000000
1251.333333 274.000000
1252.000000 281.666667
1252.666667 289.666667
1253.000000 298.000000
1253.000000 307.000000
1253.000000 315.666667
1253.000000 324.333333
1252.666667 333.000000
1252.000000 342.000000
1251.333333 351.000000
1250.666667 359.666667
1250.000000 368.000000
1249.000000 376.000000
1248.000000 384.000000
1246.666667 392.000000
1245.000000 400.333333
1243.000000 408.666667
1240.666667 417.000000
1238.000000 424.666667
1235.000000 432.333333
1231.666667 439.666667
1228.000000 447.333333
1224.000000 454.666667
1220.000000 461.666667
1216.000000 468.000000
1212.000000 474.333333
1208.000000 481.000000
1203.666667 488.333333
1199.000000 496.000000
1193.666667 504.000000
1188.000000 511.666667
1182.000000 519.333333
1176.333333 526.666667
1170.666667 534.000000
1165.333333 540.666667
1160.000000 547.333333
1155.000000 553.666667
1150.333333 559.666667
1145.666667 565.000000
1140.333333 570.333333
1134.333333 576.000000
1127.666667 581.666667
1121.333333 587.666667
1114.666667 594.000000
1108.000000 601.000000
1101.000000 608.000000
1093.666667 615.000000
1086.000000 621.666667
1078.000000 628.000000
1070.333333 634.000000
1062.666667 640.000000
1055.000000 646.333333
1047.000000 652.666667
1038.666667 658.666667
1030.666667 664.000000
1022.666667 669.000000
1014.666667 674.333333
1006.000000 679.666667
997.000000 685.666667
988.000000 691.666667
979.000000 698.333333
969.666667 705.000000
960.333333 711.666667
950.666667 718.000000
941.666667 724.000000
932.666667 730.000000
924.666667 735.666667
916.666667 741.000000
909.000000 746.333333
900.666667 751.666667
893.000000 756.666667
886.333333 760.666667
881.333333 763.666667
877.666667 765.666667
875.000000 767.333333
873.000000 768.666667
871.666667 769.333333
