758.000000 415.333333
757.333333 410.666667
756.666667 406.000000
756.000000 401.000000
755.333333 396.000000
754.333333 390.666667
753.333333 385.333333
752.000000 379.333333
750.666667 373.666667
749.333333 367.333333
748.000000 361.666667
746.666667 355.666667
745.333333 350.000000
743.666667 344.333333
742.000000 338.666667
740.000000 333.000000
738.000000 327.000000
735.666667 321.000000
733.333333 315.333333
730.666667 310.000000
728.333333 305.000000
726.000000 300.333333
723.666667 295.666667
721.000000 291.333333
718.333333 287.000000
715.333333 282.666667
712.000000 278.000000
708.333333 273.333333
704.666667 269.000000
701.000000 264.666667
696.666667 260.333333
692.333333 256.000000
687.666667 252.000000
683.666667 248.333333
679.666667 244.666667
676.000000 241.000000
672.000000 237.333333
667.666667 234.333333
663.000000 231.666667
658.000000 229.000000
652.666667 226.333333
647.333333 224.000000
642.000000 222.000000
637.000000 220.000000
632.000000 218.000000
626.666667 216.333333
621.000000 215.000000
615.000000 214.000000
609.000000 213.000000
603.000000 212.000000
587.666667 211.666667
572.333333 212.333333
557.000000 213.666667
551.000000 215.333333
545.333333 217.000000
540.000000 219.000000
535.000000 221.333333
530.000000 223.666667
525.333333 226.333333
520.666667 228.666667
516.000000 231.000000
511.333333 233.000000
507.000000 235.000000
503.333333 237.000000
500.000000 238.666667
497.000000 240.333333
494.666667 241.666667
492.333333 243.333333
490.333333 245.000000
488.000000 247.000000
486.000000 249.666667
484.000000 252.666667
481.666667 256.000000
479.333333 259.333333
477.000000 263.000000
475.000000 267.000000
473.333333 271.000000
471.666667 274.666667
470.000000 278.666667
468.333333 282.666667
466.666667 287.000000
465.333333 291.666667
464.000000 296.666667
463.000000 302.666667
462.000000 308.666667
461.000000 315.000000
460.333333 321.000000
460.000000 327.000000
459.666667 333.333333
459.333333 339.666667
459.000000 346.333333
459.333333 352.666667
460.000000 359.333333
461.000000 365.666667
462.333333 372.000000
463.666667 378.000000
465.333333 384.000000
467.000000 390.000000
469.000000 396.333333
471.000000 403.000000
473.000000 409.666667
475.000000 416.000000
477.000000 422.333333
479.000000 428.666667
481.333333 435.000000
484.000000 441.333333
487.000000 447.666667
490.333333 454.000000
494.000000 460.333333
498.000000 466.333333
502.333333 472.333333
506.666667 477.666667
511.000000 483.000000
515.000000 487.666667
519.000000 492.333333
523.000000 496.666667
526.666667 501.333333
530.333333 506.000000
534.333333 511.000000
538.666667 516.000000
543.666667 521.000000
548.666667 526.000000
554.333333 531.000000
559.666667 536.000000
564.666667 541.000000
569.000000 545.666667
573.000000 550.000000
577.000000 554.000000
581.000000 558.000000
585.000000 562.000000
589.000000 566.000000
593.333333 570.000000
597.666667 574.000000
602.333333 578.000000
606.666667 582.333333
611.333333 587.333333
616.333333 593.000000
622.000000 599.333333
628.000000 606.000000
634.333333 613.000000
640.666667 619.666667
647.000000 626.000000
653.333333 632.333333
659.666667 639.000000
666.000000 646.333333
672.333333 654.000000
679.000000 662.000000
686.333333 670.333333
694.000000 679.333333
701.666667 689.333333
709.000000 700.000000
716.000000 711.333333
723.000000 723.333333
729.666667 735.666667
736.000000 748.000000
742.000000 759.666667
747.666667 770.666667
752.666667 780.666667
757.000000 790.000000
761.000000 798.666667
765.000000 807.000000
769.000000 814.333333
773.000000 821.333333
777.000000 827.333333
781.000000 833.000000
784.666667 838.000000
788.333333 842.666667
792.000000 847.000000
796.000000 851.000000
799.333333 854.666667
802.000000 857.666667
804.000000 860.000000
805.666667 862.000000
807.000000 863.666667
808.000000 865.000000
808.666667 866.000000
809.333333 867.000000
809.666667 867.000000
