958.333333 406.000000
958.000000 400.666667
957.666667 395.000000
957.333333 388.666667
957.000000 382.000000
956.666667 374.666667
956.333333 367.000000
955.666667 358.666667
955.333333 350.000000
954.666667 340.666667
954.000000 331.333333
953.333333 322.000000
952.666667 313.000000
952.000000 304.000000
951.000000 295.333333
950.000000 286.666667
949.000000 278.000000
947.666667 269.333333
946.000000 261.000000
944.000000 253.000000
941.666667 245.000000
938.666667 236.666667
935.000000 228.000000
931.000000 219.333333
927.000000 211.333333
923.333333 203.666667
920.000000 196.000000
916.666667 188.333333
913.333333 181.000000
910.000000 174.333333
907.000000 168.000000
903.666667 162.333333
899.666667 156.666667
895.000000 151.666667
890.000000 146.666667
884.666667 141.666667
879.000000 136.333333
872.666667 131.000000
866.000000 126.000000
858.666667 121.333333
851.333333 117.000000
843.666667 113.000000
836.666667 109.333333
830.000000 106.333333
824.000000 104.000000
817.666667 102.000000
811.333333 100.000000
804.666667 98.000000
797.666667 96.333333
790.333333 94.666667
781.000000 92.666667
771.666667 90.666667
762.333333 89.000000
754.666667 88.000000
747.333333 87.000000
734.000000 86.666667
721.000000 87.000000
708.000000 88.000000
701.333333 89.000000
695.000000 90.000000
689.333333 91.000000
684.000000 92.333333
677.333333 93.666667
670.333333 95.000000
663.333333 96.000000
657.666667 97.000000
652.000000 98.333333
646.333333 99.666667
641.000000 101.333333
636.000000 103.000000
630.000000 106.000000
624.333333 109.333333
619.000000 113.000000
615.000000 116.000000
611.000000 119.000000
607.333333 122.000000
604.000000 125.000000
601.000000 128.000000
598.000000 131.000000
595.000000 134.000000
592.333333 137.333333
590.000000 140.666667
588.333333 144.333333
587.000000 148.000000
586.000000 152.666667
585.333333 158.000000
585.000000 164.000000
585.000000 170.333333
585.333333 176.666667
586.000000 183.666667
586.666667 191.000000
587.666667 198.666667
588.666667 206.666667
590.333333 214.666667
592.333333 223.000000
594.666667 231.000000
597.666667 239.333333
600.666667 247.666667
604.333333 256.000000
608.000000 264.000000
612.000000 272.000000
615.666667 280.000000
619.333333 287.666667
622.666667 295.333333
626.333333 303.333333
630.000000 311.666667
634.000000 320.000000
638.333333 328.000000
643.000000 336.333333
648.000000 345.000000
653.333333 354.333333
658.666667 363.666667
664.000000 372.666667
669.666667 381.333333
676.000000 390.000000
683.333333 399.000000
691.000000 408.333333
699.000000 418.000000
707.000000 428.000000
715.333333 438.000000
724.000000 448.000000
733.333333 458.333333
742.666667 469.000000
752.333333 480.000000
762.333333 491.333333
773.000000 503.333333
784.000000 516.000000
794.333333 529.333333
804.333333 542.333333
814.000000 555.333333
823.333333 567.666667
832.333333 579.666667
840.666667 591.000000
848.333333 601.666667
855.000000 611.666667
861.000000 621.000000
866.666667 629.666667
872.333333 638.333333
877.666667 647.000000
883.333333 656.000000
888.666667 664.666667
894.000000 673.333333
899.000000 682.000000
903.666667 691.000000
908.000000 699.666667
912.000000 708.000000
915.666667 715.666667
919.000000 722.666667
922.000000 729.000000
925.333333 734.666667
928.666667 740.333333
932.333333 745.666667
935.666667 751.000000
939.333333 756.000000
942.666667 760.666667
946.000000 765.000000
948.666667 768.666667
951.000000 772.000000
953.000000 774.666667
954.666667 776.666667
956.000000 778.000000
956.666667 779.000000
957.333333 780.000000
958.000000 781.000000
959.333333 781.333333
960.666667 780.000000
