1155.000000 330.666667
1156.000000 325.000000
1157.000000 318.666667
1158.333333 312.333333
1159.666667 306.000000
1161.666667 300.000000
1163.666667 293.333333
1166.333333 286.333333
1169.333333 278.666667
1172.666667 271.333333
1176.333333 263.666667
1180.000000 256.333333
1184.000000 248.666667
1188.000000 240.666667
1192.000000 232.000000
1196.000000 223.333333
1200.000000 215.000000
1204.666667 207.000000
1210.000000 198.666667
1216.000000 190.333333
1222.000000 181.666667
1228.000000 173.666667
1233.666667 166.333333
1239.000000 160.000000
1244.333333 154.333333
1250.000000 149.000000
1256.666667 144.000000
1263.666667 139.333333
1271.000000 135.333333
1277.666667 131.666667
1284.333333 128.333333
1291.333333 125.000000
1299.333333 122.000000
1307.333333 119.000000
1315.333333 116.333333
1322.666667 114.000000
1329.666667 112.000000
1336.333333 110.333333
1343.000000 109.000000
1357.000000 108.666667
1371.000000 109.333333
1384.666667 111.000000
1391.666667 113.333333
1398.666667 115.666667
1406.000000 118.000000
1412.666667 120.333333
1419.000000 123.000000
1424.666667 126.000000
1430.333333 129.000000
1435.666667 132.333333
1441.000000 135.666667
1446.333333 139.333333
1451.666667 143.000000
1457.000000 146.666667
1462.000000 150.333333
1466.666667 153.666667
1471.000000 157.666667
1475.000000 161.666667
1478.666667 166.333333
1482.000000 171.000000
1484.666667 176.000000
1487.000000 181.000000
1489.333333 188.000000
1491.333333 196.000000
1493.000000 205.000000
1494.000000 213.000000
1495.000000 220.666667
1495.666667 228.333333
1496.000000 236.000000
1496.000000 244.333333
1495.666667 253.000000
1494.666667 262.000000
1493.333333 271.333333
1491.666667 281.000000
1490.000000 291.333333
1488.000000 302.000000
1486.000000 312.666667
1483.666667 323.333333
1481.000000 334.000000
1478.333333 345.000000
1475.666667 355.666667
1473.333333 365.666667
1470.666667 375.000000
1467.666667 384.333333
1464.333333 393.666667
1460.666667 402.666667
1457.333333 411.000000
1454.000000 419.000000
1451.000000 426.333333
1448.000000 433.000000
1445.333333 439.000000
1442.666667 444.666667
1440.333333 450.000000
1438.000000 455.333333
1436.000000 460.333333
1433.666667 465.333333
1431.000000 469.666667
1427.333333 474.333333
1423.000000 479.000000
1418.000000 484.333333
1412.666667 490.333333
1407.333333 497.000000
1402.333333 504.000000
1398.000000 510.666667
1394.000000 517.000000
1390.000000 523.000000
1386.000000 528.666667
1381.666667 535.000000
1377.000000 541.666667
1371.666667 549.333333
1366.000000 556.666667
1360.333333 564.333333
1354.666667 572.000000
1349.000000 580.000000
1343.000000 588.000000
1336.666667 596.000000
1330.333333 603.333333
1324.000000 610.333333
1318.000000 616.666667
1312.333333 622.666667
1306.666667 628.666667
1301.333333 634.666667
1296.000000 641.333333
1290.666667 647.666667
1284.666667 654.333333
1278.333333 660.666667
1272.000000 667.000000
1266.000000 673.000000
1260.000000 679.000000
1254.000000 685.333333
1248.000000 691.666667
1241.666667 698.000000
1234.666667 704.000000
1227.333333 710.000000
1220.000000 715.666667
1213.333333 721.000000
1207.000000 725.666667
1200.666667 730.333333
1194.333333 734.666667
1188.000000 739.000000
1182.000000 742.666667
1176.333333 746.000000
1171.000000 749.000000
1166.333333 752.000000
1162.333333 754.666667
1159.000000 757.000000
1156.333333 759.000000
1154.000000 760.666667
1152.000000 762.333333
1150.333333 763.666667
1149.000000 765.000000
1148.000000 766.000000
1147.000000 767.000000
1146.000000 767.333333
1145.333333 767.000000
1145.000000 765.666667
1145.000000 763.666667
1145.000000 761.333333
1145.000000 758.333333
