764.666667 370.000000
764.333333 363.333333
763.666667 356.666667
763.000000 350.000000
762.000000 342.666667
760.666667 335.000000
759.000000 327.000000
756.666667 319.000000
754.000000 310.666667
750.666667 302.000000
747.000000 292.666667
743.000000 283.333333
739.000000 274.000000
735.000000 265.333333
731.333333 257.333333
728.333333 250.333333
725.666667 243.666667
723.333333 237.333333
721.000000 231.333333
718.666667 226.000000
716.333333 221.000000
713.333333 216.000000
710.333333 211.000000
706.333333 206.333333
702.000000 201.666667
696.666667 197.000000
691.333333 192.333333
686.000000 188.333333
681.000000 184.666667
676.000000 181.333333
670.666667 178.000000
665.333333 175.333333
660.000000 173.000000
654.666667 171.000000
649.000000 169.000000
643.000000 167.333333
637.000000 166.000000
628.333333 165.000000
616.666667 164.666667
604.666667 165.000000
595.000000 166.000000
588.000000 167.333333
581.333333 169.000000
574.666667 171.000000
568.333333 173.333333
561.666667 175.666667
555.666667 178.333333
550.000000 181.000000
545.333333 183.666667
541.000000 186.333333
537.000000 189.000000
533.666667 191.666667
530.666667 194.000000
528.000000 196.666667
525.000000 200.000000
522.000000 204.000000
519.000000 208.333333
516.000000 213.333333
513.333333 219.000000
511.000000 225.000000
509.000000 231.000000
507.000000 237.000000
505.000000 243.333333
503.000000 250.000000
501.000000 257.000000
499.000000 264.000000
496.666667 271.000000
494.333333 278.000000
492.333333 285.000000
490.333333 292.000000
488.666667 299.333333
487.000000 306.666667
486.000000 314.000000
484.666667 320.666667
483.666667 327.000000
482.666667 333.333333
482.333333 339.666667
482.000000 346.333333
482.000000 352.666667
482.000000 359.000000
482.000000 364.666667
482.000000 370.333333
482.333333 375.666667
483.000000 381.333333
484.333333 387.000000
486.000000 393.000000
488.666667 399.333333
492.000000 406.333333
496.333333 413.666667
501.000000 421.000000
505.666667 428.000000
510.333333 435.333333
514.666667 442.333333
518.666667 449.666667
522.333333 456.333333
525.666667 463.333333
529.000000 469.666667
532.333333 476.333333
536.000000 483.000000
540.000000 490.000000
544.333333 497.333333
549.000000 505.000000
554.333333 512.666667
559.666667 520.000000
565.333333 527.333333
570.666667 535.000000
576.333333 542.666667
582.000000 550.000000
588.333333 556.666667
594.666667 563.000000
601.000000 568.666667
606.666667 574.000000
612.000000 579.333333
617.333333 585.000000
623.333333 591.000000
630.000000 597.000000
637.000000 603.333333
644.000000 610.000000
651.000000 616.666667
657.666667 623.333333
664.333333 630.000000
671.333333 637.333333
678.666667 644.666667
686.000000 651.666667
692.666667 658.000000
699.000000 664.000000
705.000000 669.666667
710.666667 675.000000
716.333333 680.000000
722.333333 685.333333
728.666667 690.666667
735.000000 696.333333
741.000000 701.666667
746.666667 707.333333
752.333333 712.666667
757.666667 718.333333
763.000000 723.666667
768.000000 729.333333
773.000000 734.666667
778.000000 740.333333
783.000000 745.666667
788.000000 751.000000
792.666667 756.000000
797.000000 760.333333
800.666667 764.000000
803.666667 766.666667
805.666667 769.000000
807.333333 770.666667
808.333333 772.000000
809.333333 773.000000
810.000000 774.000000
810.666667 773.333333
