484.666667 285.666667
484.000000 281.000000
483.000000 276.000000
482.333333 270.666667
481.666667 265.333333
481.000000 259.666667
480.000000 254.000000
479.000000 248.333333
478.000000 242.666667
476.666667 237.000000
475.000000 231.000000
473.000000 225.000000
470.666667 219.000000
468.000000 213.000000
464.666667 207.333333
461.000000 201.666667
457.000000 196.000000
452.666667 190.000000
448.000000 183.666667
443.000000 177.666667
438.000000 171.666667
433.333333 166.333333
428.333333 161.000000
422.666667 156.000000
416.000000 151.333333
409.000000 147.000000
402.333333 143.000000
395.333333 139.000000
388.000000 135.333333
379.666667 132.000000
371.000000 129.000000
362.333333 126.333333
354.333333 123.666667
346.666667 121.666667
338.666667 120.000000
330.333333 119.000000
317.333333 118.666667
305.000000 119.000000
293.333333 120.333333
286.333333 122.000000
279.333333 124.333333
272.000000 127.000000
265.333333 130.000000
259.000000 133.333333
253.000000 137.333333
247.333333 142.000000
241.666667 147.666667
236.000000 154.333333
230.000000 162.333333
224.000000 170.666667
218.333333 179.333333
213.333333 188.666667
209.333333 199.333333
206.000000 210.666667
203.666667 222.333333
202.000000 234.000000
201.333333 246.333333
201.000000 258.666667
201.333333 271.000000
202.333333 282.666667
204.000000 294.000000
206.000000 304.666667
208.333333 314.666667
211.333333 324.333333
215.000000 334.000000
219.333333 343.666667
223.666667 353.000000
228.333333 362.333333
233.333333 371.666667
239.000000 381.000000
245.000000 390.000000
251.333333 399.000000
257.666667 407.666667
264.000000 416.000000
270.333333 424.333333
276.333333 432.666667
282.666667 441.000000
289.000000 449.000000
296.333333 457.000000
304.000000 464.666667
312.000000 472.333333
320.000000 480.000000
328.000000 488.000000
336.000000 496.000000
343.666667 503.666667
351.333333 511.000000
358.333333 517.666667
365.000000 524.000000
371.000000 530.000000
376.666667 536.333333
382.333333 542.666667
388.333333 549.333333
395.666667 556.333333
403.333333 563.666667
411.666667 571.000000
420.333333 578.333333
430.000000 586.000000
439.666667 594.000000
449.000000 601.666667
457.333333 608.666667
465.000000 615.000000
471.666667 620.666667
478.000000 626.000000
484.000000 631.000000
490.000000 636.000000
496.000000 641.000000
502.333333 646.333333
508.666667 651.666667
515.000000 657.333333
521.000000 663.000000
527.666667 669.000000
535.000000 674.666667
543.000000 680.000000
550.666667 685.000000
557.666667 689.333333
563.666667 693.000000
568.333333 695.666667
572.000000 698.000000
575.000000 699.666667
577.333333 701.000000
579.666667 701.333333
