1010.000000 335.333333
1009.666667 326.333333
1009.000000 317.000000
1008.000000 308.000000
1007.333333 298.666667
1006.333333 288.666667
1005.333333 278.333333
1004.000000 268.666667
1002.666667 259.666667
1001.000000 251.000000
999.000000 242.333333
996.666667 233.666667
993.666667 225.000000
990.000000 216.333333
985.666667 208.000000
981.333333 199.666667
976.666667 191.000000
972.333333 182.333333
968.000000 174.333333
964.000000 167.333333
960.000000 161.000000
955.666667 155.333333
950.666667 150.000000
945.000000 145.000000
938.666667 140.333333
932.333333 136.333333
925.666667 133.000000
919.000000 130.333333
911.666667 128.000000
904.000000 126.333333
896.000000 125.000000
879.000000 124.666667
862.000000 125.000000
845.000000 126.000000
837.333333 127.000000
830.333333 128.000000
823.333333 129.000000
816.666667 130.333333
809.666667 132.000000
803.000000 134.000000
796.000000 136.333333
789.666667 139.000000
783.666667 142.333333
778.333333 145.666667
773.000000 149.666667
767.666667 154.000000
762.333333 159.000000
756.666667 164.000000
751.000000 169.333333
745.333333 174.666667
740.000000 180.000000
735.333333 185.333333
731.000000 190.666667
727.000000 196.333333
723.333333 201.666667
720.333333 207.333333
718.000000 212.666667
716.333333 218.000000
715.000000 223.000000
714.000000 228.000000
713.333333 232.666667
712.666667 238.333333
712.333333 244.000000
712.333333 249.666667
712.666667 254.333333
713.000000 259.000000
713.000000 264.333333
713.000000 269.666667
713.000000 275.000000
713.000000 280.333333
713.000000 285.666667
713.333333 291.666667
713.666667 297.666667
714.333333 304.000000
714.666667 310.333333
715.333333 316.666667
715.666667 323.000000
716.333333 328.666667
717.000000 334.000000
718.000000 339.333333
719.000000 345.000000
720.000000 351.000000
721.000000 357.000000
722.333333 363.333333
724.000000 370.000000
726.333333 376.666667
729.000000 383.333333
732.000000 390.000000
735.000000 397.000000
738.000000 403.666667
741.000000 410.000000
744.000000 415.666667
747.000000 421.333333
750.000000 426.666667
753.000000 432.000000
755.666667 437.000000
758.333333 442.000000
761.000000 447.333333
764.000000 452.666667
767.000000 458.333333
770.000000 463.666667
773.333333 469.333333
777.333333 475.000000
782.000000 481.000000
787.000000 487.000000
792.333333 493.000000
797.666667 499.333333
803.000000 505.666667
807.666667 512.000000
812.333333 518.333333
817.000000 524.666667
822.333333 531.666667
828.333333 539.000000
835.000000 546.666667
842.000000 554.333333
848.666667 562.000000
855.000000 570.000000
861.333333 578.000000
868.000000 586.000000
874.666667 593.666667
881.000000 600.666667
887.000000 607.333333
892.666667 613.666667
898.000000 620.000000
903.000000 626.000000
907.666667 632.333333
912.333333 639.000000
917.000000 646.333333
922.000000 653.666667
927.000000 661.000000
932.000000 668.000000
937.000000 674.666667
941.666667 681.333333
946.000000 687.333333
950.000000 693.000000
953.666667 698.000000
957.000000 702.666667
960.000000 707.000000
962.666667 710.666667
965.333333 714.333333
968.000000 717.333333
971.000000 720.333333
974.000000 722.666667
977.333333 725.333333
980.666667 727.333333
984.000000 729.333333
987.000000 730.666667
989.666667 732.000000
992.000000 733.000000
994.000000 734.000000
