689.333333 431.000000
689.666667 427.666667
690.000000 424.666667
690.000000 421.666667
690.000000 419.000000
690.333333 415.666667
690.666667 412.333333
691.000000 408.666667
691.000000 405.000000
690.666667 401.000000
690.333333 396.666667
689.666667 391.666667
689.333333 385.666667
688.666667 379.000000
688.000000 372.000000
687.000000 364.666667
686.000000 357.000000
685.000000 349.333333
683.666667 341.666667
682.333333 334.000000
680.666667 326.000000
679.000000 318.333333
677.000000 310.666667
675.000000 303.000000
672.666667 295.333333
669.666667 287.666667
666.000000 280.000000
662.000000 272.000000
658.000000 264.333333
653.666667 257.000000
649.000000 250.000000
644.333333 243.333333
639.666667 237.000000
635.333333 231.000000
630.666667 225.000000
626.333333 219.000000
621.333333 212.666667
616.000000 206.333333
609.666667 200.000000
603.333333 194.000000
596.666667 188.000000
590.333333 182.000000
584.000000 176.000000
578.000000 170.000000
572.000000 164.333333
565.666667 159.000000
559.333333 154.000000
553.000000 149.666667
547.333333 146.000000
541.666667 143.333333
536.000000 140.666667
530.000000 138.333333
524.000000 136.333333
517.333333 135.000000
510.333333 134.000000
497.000000 133.666667
484.333333 134.000000
472.000000 135.000000
466.000000 136.666667
460.000000 138.666667
454.000000 141.000000
448.333333 143.333333
442.666667 146.333333
437.333333 150.000000
431.666667 154.000000
426.333333 158.000000
421.000000 162.333333
416.000000 167.000000
411.000000 172.000000
406.000000 177.333333
401.333333 183.000000
397.333333 189.000000
394.000000 195.666667
391.333333 202.666667
389.000000 210.333333
387.333333 217.666667
386.000000 225.000000
385.000000 232.333333
384.333333 239.666667
383.666667 247.000000
383.333333 254.000000
383.000000 261.000000
382.666667 268.000000
382.333333 274.666667
382.000000 281.000000
382.000000 287.333333
381.666667 293.666667
381.333333 300.333333
381.000000 307.000000
381.333333 313.666667
381.666667 320.000000
382.000000 326.000000
382.000000 331.666667
382.333333 337.333333
382.666667 342.666667
383.000000 348.000000
383.333333 353.000000
384.000000 358.000000
385.000000 363.000000
386.333333 368.333333
388.000000 374.333333
390.333333 380.666667
393.000000 387.000000
396.333333 393.333333
400.000000 400.000000
404.000000 406.666667
408.000000 413.000000
412.000000 418.666667
415.666667 424.333333
419.666667 430.000000
423.666667 436.000000
428.000000 441.666667
432.333333 447.333333
437.333333 453.333333
443.333333 459.666667
450.333333 466.333333
457.666667 472.666667
465.333333 479.333333
473.333333 486.000000
482.333333 493.000000
491.666667 500.333333
501.000000 507.666667
510.000000 515.333333
519.333333 523.333333
529.000000 532.000000
538.666667 541.333333
548.000000 551.000000
557.000000 561.333333
566.000000 571.666667
575.000000 582.333333
584.000000 592.666667
593.000000 602.666667
601.333333 612.000000
609.000000 620.666667
615.666667 629.000000
622.333333 637.333333
628.666667 645.666667
635.000000 653.666667
641.000000 660.666667
647.000000 667.333333
652.666667 673.666667
658.333333 680.333333
663.333333 686.666667
668.333333 693.333333
672.666667 700.000000
677.000000 706.666667
681.333333 713.000000
686.000000 719.000000
690.666667 725.333333
695.333333 731.333333
699.666667 737.333333
704.000000 743.000000
708.000000 748.333333
711.666667 753.333333
715.000000 757.666667
718.333333 762.000000
721.666667 765.666667
725.333333 769.333333
729.333333 773.333333
733.666667 777.666667
738.000000 782.000000
742.333333 786.333333
746.666667 790.666667
750.666667 795.000000
754.000000 799.000000
756.666667 802.333333
759.000000 805.333333
760.666667 807.333333
762.333333 809.000000
763.333333 810.000000
764.333333 811.000000
764.666667 812.000000
765.333333 813.000000
766.000000 813.333333
