621.333333 345.666667
622.666667 340.000000
624.333333 334.000000
626.000000 327.666667
628.000000 321.000000
630.666667 314.333333
634.000000 307.666667
638.333333 300.666667
643.000000 293.000000
648.333333 284.666667
653.666667 276.000000
659.333333 267.000000
665.000000 258.000000
671.000000 249.000000
677.666667 239.666667
684.666667 230.333333
692.000000 221.333333
699.000000 213.333333
706.000000 205.333333
713.666667 197.000000
722.000000 188.333333
731.000000 179.666667
740.000000 171.333333
749.333333 162.666667
759.333333 154.333333
770.333333 146.000000
781.666667 137.666667
792.666667 129.666667
803.333333 122.000000
814.000000 115.333333
825.000000 109.333333
835.666667 104.000000
846.333333 99.333333
857.333333 95.000000
869.000000 91.333333
881.000000 88.333333
893.000000 86.333333
910.000000 85.666667
927.000000 86.333333
944.333333 88.000000
957.333333 90.666667
970.333333 93.666667
982.666667 97.666667
994.333333 102.000000
1005.666667 107.333333
1016.666667 112.666667
1026.666667 118.666667
1035.333333 124.666667
1043.000000 131.000000
1051.666667 139.333333
1060.000000 148.333333
1067.666667 158.000000
1072.666667 166.666667
1076.666667 175.666667
1080.000000 185.666667
1083.000000 196.333333
1085.666667 208.000000
1087.666667 220.000000
1089.000000 232.000000
1089.666667 244.333333
1090.333333 256.666667
1090.666667 268.666667
1091.000000 280.333333
1090.666667 292.333333
1090.000000 304.333333
1089.000000 316.000000
1087.666667 327.666667
1086.000000 339.666667
1083.666667 351.666667
1081.000000 363.333333
1077.666667 374.666667
1074.333333 386.666667
1070.666667 398.000000
1067.333333 409.000000
1063.666667 419.333333
1060.333333 429.666667
1056.666667 440.000000
1052.666667 450.333333
1048.000000 460.333333
1042.666667 470.666667
1037.000000 481.333333
1031.000000 493.000000
1025.000000 504.666667
1018.666667 516.333333
1012.000000 528.333333
1005.000000 540.666667
997.666667 552.333333
990.333333 563.000000
983.000000 572.666667
976.000000 582.000000
969.333333 591.000000
962.666667 599.666667
956.333333 608.000000
949.666667 616.000000
942.666667 624.333333
935.333333 633.000000
928.333333 642.000000
922.000000 650.666667
916.333333 659.000000
910.666667 666.666667
905.333333 673.666667
899.666667 680.333333
894.666667 686.666667
889.333333 693.000000
884.666667 698.333333
879.666667 703.666667
875.000000 708.666667
869.666667 714.000000
864.000000 719.000000
857.666667 724.000000
851.000000 729.666667
844.000000 735.666667
837.333333 742.000000
831.000000 748.000000
825.000000 754.000000
818.666667 759.666667
811.666667 765.333333
804.666667 770.666667
797.666667 776.000000
791.333333 781.000000
785.000000 785.666667
778.666667 790.333333
772.333333 795.000000
765.666667 799.666667
759.000000 804.333333
752.333333 808.666667
745.666667 812.666667
739.666667 816.000000
734.000000 818.666667
729.333333 821.000000
725.333333 822.666667
722.666667 824.000000
720.333333 825.000000
718.333333 825.333333
