767.333333 414.666667
766.333333 413.000000
765.333333 410.666667
764.666667 408.000000
764.333333 404.666667
764.000000 401.333333
764.000000 397.666667
763.666667 394.000000
763.333333 389.666667
763.000000 385.000000
763.000000 380.000000
763.000000 374.666667
763.000000 368.666667
763.000000 362.666667
763.333333 356.666667
763.666667 351.000000
764.333333 344.666667
765.000000 337.666667
766.333333 329.666667
767.666667 321.666667
769.666667 313.666667
772.000000 305.666667
775.333333 296.666667
779.000000 287.000000
783.333333 277.333333
788.000000 268.000000
793.000000 259.333333
798.000000 250.666667
803.000000 242.000000
807.666667 232.666667
812.666667 224.000000
818.000000 215.666667
824.000000 207.666667
830.666667 199.000000
837.666667 190.000000
845.000000 181.000000
852.000000 172.000000
859.333333 163.333333
867.333333 154.666667
876.000000 146.000000
884.666667 137.000000
893.000000 128.666667
901.000000 120.666667
909.333333 113.333333
918.000000 106.333333
927.000000 100.000000
935.666667 94.333333
944.000000 88.666667
952.333333 83.333333
961.333333 78.000000
971.000000 73.333333
980.666667 69.333333
990.000000 66.000000
999.333333 63.333333
1009.000000 61.000000
1019.000000 59.333333
1034.333333 58.666667
1050.000000 59.000000
1065.666667 60.666667
1075.666667 63.333333
1085.000000 67.333333
1094.333333 72.000000
1104.333333 77.333333
1114.666667 83.000000
1125.000000 89.000000
1134.666667 95.333333
1144.333333 102.333333
1153.666667 110.000000
1163.000000 118.000000
1171.666667 126.000000
1179.666667 134.000000
1187.000000 142.333333
1194.000000 150.666667
1200.666667 159.333333
1206.666667 167.666667
1212.333333 175.666667
1217.666667 183.333333
1223.000000 191.333333
1227.666667 200.000000
1232.000000 209.333333
1235.666667 218.333333
1239.000000 227.333333
1241.666667 236.333333
1244.000000 246.000000
1246.000000 255.666667
1248.000000 265.000000
1249.666667 274.000000
1251.000000 283.333333
1252.000000 293.000000
1253.000000 303.000000
1254.000000 312.666667
1255.000000 322.333333
1255.666667 332.000000
1256.000000 342.333333
1255.666667 352.666667
1255.000000 362.666667
1254.000000 372.333333
1252.666667 382.000000
1251.333333 392.333333
1249.333333 402.666667
1247.333333 412.333333
1245.000000 421.333333
1242.666667 430.333333
1239.666667 440.333333
1236.000000 450.666667
1232.333333 460.666667
1228.666667 470.333333
1225.000000 480.333333
1221.333333 490.666667
1217.666667 501.000000
1214.333333 510.666667
1211.000000 520.000000
1208.000000 528.666667
1205.333333 537.333333
1203.000000 545.666667
1200.666667 553.666667
1198.333333 561.000000
1196.000000 567.666667
1193.666667 574.333333
1191.000000 580.666667
1188.000000 587.333333
1184.666667 594.000000
1181.333333 601.333333
1177.666667 608.666667
1173.666667 615.666667
1169.333333 622.333333
1164.666667 629.333333
1160.333333 637.000000
1155.666667 645.000000
1151.000000 652.666667
1145.666667 660.333333
1140.000000 667.666667
1133.666667 675.666667
1127.333333 683.666667
1120.666667 692.333333
1114.333333 700.666667
1108.000000 709.000000
1101.666667 717.000000
1095.000000 725.000000
1087.666667 733.000000
1080.333333 741.000000
1073.333333 748.333333
1067.333333 755.333333
1061.666667 761.333333
1055.666667 767.333333
1049.000000 772.666667
1042.000000 778.000000
1035.000000 783.000000
1027.666667 788.000000
1020.333333 793.333333
1012.666667 798.666667
1004.666667 804.000000
996.000000 809.000000
987.333333 814.000000
979.666667 818.666667
972.666667 823.000000
966.333333 827.000000
959.666667 831.000000
953.333333 834.666667
947.000000 838.333333
941.333333 841.666667
936.000000 845.000000
931.333333 847.666667
927.666667 849.666667
925.000000 851.333333
922.666667 852.666667
920.666667 854.000000
