1006.333333 383.333333
1006.666667 377.333333
1007.333333 370.666667
1007.666667 364.333333
1008.333333 358.000000
1009.000000 351.666667
1010.000000 344.666667
1011.333333 337.000000
1013.333333 329.000000
1016.000000 321.000000
1019.000000 313.333333
1022.333333 305.666667
1026.000000 298.000000
1030.000000 289.666667
1034.000000 281.333333
1038.333333 273.000000
1042.666667 265.000000
1047.000000 257.666667
1051.000000 250.333333
1055.333333 243.333333
1060.333333 235.666667
1066.000000 228.333333
1072.000000 221.000000
1078.000000 214.333333
1084.000000 208.333333
1089.666667 202.666667
1095.333333 197.333333
1101.000000 192.333333
1107.333333 187.666667
1114.000000 183.333333
1121.000000 179.000000
1127.666667 175.333333
1134.000000 172.000000
1140.000000 169.333333
1146.000000 167.000000
1152.333333 165.000000
1158.666667 163.333333
1165.666667 162.000000
1172.333333 161.000000
1182.666667 160.666667
1192.333333 161.000000
1202.000000 162.000000
1208.000000 163.333333
1214.000000 165.000000
1220.000000 167.000000
1226.000000 169.333333
1231.666667 172.000000
1237.333333 175.000000
1242.666667 178.333333
1248.000000 181.666667
1253.333333 185.333333
1259.000000 188.666667
1265.000000 192.333333
1270.666667 195.666667
1276.000000 199.333333
1280.666667 203.333333
1285.000000 208.333333
1289.000000 213.666667
1293.000000 219.333333
1296.666667 224.666667
1299.666667 230.000000
1302.333333 235.000000
1305.000000 240.333333
1307.666667 246.000000
1310.333333 251.666667
1312.666667 257.666667
1315.000000 264.000000
1317.000000 270.666667
1318.666667 277.000000
1320.333333 283.666667
1321.666667 290.666667
1323.000000 298.666667
1324.000000 306.666667
1325.000000 315.000000
1325.666667 323.000000
1326.000000 331.666667
1326.000000 341.000000
1325.666667 351.000000
1325.333333 360.666667
1324.666667 370.000000
1324.000000 379.333333
1323.000000 389.000000
1322.000000 398.666667
1320.666667 408.000000
1319.000000 417.333333
1317.000000 426.666667
1314.666667 436.000000
1312.000000 445.333333
1309.000000 454.333333
1306.000000 463.000000
1303.333333 471.000000
1300.666667 479.000000
1298.333333 487.000000
1295.666667 495.333333
1293.333333 503.333333
1291.000000 511.000000
1288.333333 518.333333
1285.000000 525.666667
1281.000000 533.333333
1276.666667 541.333333
1272.000000 550.000000
1267.000000 558.333333
1262.000000 566.333333
1257.000000 574.000000
1251.666667 582.000000
1246.000000 590.333333
1239.666667 598.666667
1233.333333 607.000000
1226.666667 614.666667
1220.333333 622.666667
1213.666667 631.000000
1207.333333 640.000000
1201.000000 648.666667
1195.000000 657.000000
1189.000000 665.000000
1182.666667 673.000000
1176.333333 681.000000
1170.000000 688.666667
1164.333333 696.333333
1159.333333 703.333333
1154.666667 710.333333
1150.000000 716.666667
1143.333333 725.333333
1136.333333 734.000000
1129.333333 743.000000
1124.000000 749.666667
1119.000000 756.000000
1114.000000 762.000000
1109.000000 768.000000
1104.000000 773.666667
1099.000000 779.333333
1093.666667 784.666667
1088.333333 790.333333
1082.666667 796.000000
1077.000000 802.000000
1071.666667 807.666667
1066.666667 813.000000
1062.000000 818.000000
1057.000000 823.000000
1051.666667 828.000000
1046.666667 833.000000
1042.333333 837.333333
1039.000000 841.000000
1036.333333 843.666667
1034.333333 846.000000
1033.000000 847.666667
1032.000000 849.000000
1031.000000 850.000000
