900.333333 474.000000
900.666667 470.666667
901.333333 467.000000
901.666667 462.666667
902.333333 458.000000
903.000000 453.333333
904.000000 448.666667
905.000000 443.666667
906.000000 437.666667
907.333333 431.000000
908.666667 423.666667
910.000000 416.000000
911.333333 408.000000
913.000000 399.666667
915.000000 391.333333
917.333333 382.666667
920.000000 374.000000
923.000000 365.333333
926.333333 357.000000
930.000000 349.000000
934.333333 340.666667
939.000000 332.000000
943.666667 323.000000
948.000000 314.666667
952.333333 306.666667
956.666667 299.000000
961.333333 291.000000
966.000000 283.000000
971.333333 275.333333
976.666667 268.333333
982.000000 262.000000
987.000000 256.333333
992.000000 251.000000
996.666667 246.333333
1001.333333 241.666667
1005.666667 237.333333
1010.666667 233.333333
1016.000000 229.666667
1022.000000 226.333333
1028.000000 223.000000
1033.666667 220.333333
1039.333333 218.000000
1044.666667 216.000000
1050.000000 214.000000
1055.333333 212.333333
1061.333333 211.000000
1067.666667 209.666667
1076.000000 208.333333
1091.333333 208.000000
1106.666667 208.666667
1120.333333 210.333333
1126.333333 212.333333
1132.333333 214.666667
1137.333333 217.333333
1142.333333 220.000000
1147.000000 223.333333
1151.666667 226.666667
1156.333333 230.000000
1160.666667 233.000000
1165.000000 236.333333
1169.000000 240.000000
1173.000000 244.333333
1176.666667 249.000000
1180.000000 254.333333
1183.000000 259.666667
1185.666667 265.333333
1188.000000 270.666667
1190.000000 275.666667
1192.000000 280.333333
1194.000000 285.000000
1195.666667 290.000000
1197.000000 295.666667
1198.000000 301.666667
1198.666667 308.000000
1199.333333 314.333333
1199.666667 320.666667
1200.000000 327.333333
1200.000000 333.666667
1200.000000 340.333333
1200.000000 347.333333
1200.000000 354.666667
1199.666667 361.666667
1199.000000 368.000000
1198.333333 374.333333
1197.333333 380.666667
1196.333333 387.333333
1195.000000 394.000000
1193.666667 401.000000
1192.000000 408.333333
1190.333333 415.333333
1188.666667 422.333333
1186.666667 429.000000
1184.000000 436.333333
1180.666667 444.333333
1177.000000 452.666667
1173.000000 461.000000
1168.666667 468.666667
1164.333333 476.666667
1159.666667 485.000000
1155.333333 493.666667
1150.666667 502.000000
1146.333333 509.666667
1141.666667 517.000000
1137.000000 524.000000
1131.666667 531.000000
1126.333333 538.333333
1121.000000 546.333333
1116.333333 554.333333
1112.000000 562.000000
1108.000000 569.333333
1104.000000 576.666667
1100.000000 584.666667
1095.666667 592.666667
1091.000000 601.000000
1086.333333 608.666667
1081.333333 616.000000
1076.333333 623.333333
1071.000000 630.666667
1066.000000 638.333333
1061.333333 645.666667
1056.666667 653.000000
1052.000000 659.666667
1047.000000 666.333333
1041.666667 673.000000
1036.000000 680.000000
1030.000000 687.333333
1024.333333 694.666667
1019.000000 702.333333
1014.333333 709.666667
1009.333333 717.333333
1004.333333 725.666667
998.666667 734.666667
993.333333 744.000000
987.666667 752.666667
982.000000 761.333333
976.000000 769.666667
970.333333 778.000000
965.000000 785.666667
960.000000 793.000000
954.666667 800.000000
948.666667 806.666667
942.000000 813.000000
935.333333 818.333333
929.000000 823.333333
923.000000 827.666667
916.666667 832.000000
910.333333 836.000000
904.333333 839.666667
899.000000 843.333333
894.333333 847.333333
890.333333 851.666667
887.000000 856.000000
884.333333 859.666667
882.000000 862.666667
880.333333 865.000000
879.000000 867.000000
878.333333 868.666667
878.000000 870.000000
878.333333 870.000000
879.666667 868.333333
882.000000 864.333333
884.666667 858.666667
