860.000000 344.000000
860.333333 339.666667
860.666667 334.333333
861.333333 328.333333
862.000000 321.666667
863.000000 315.000000
864.000000 308.000000
865.333333 300.666667
867.333333 293.000000
870.333333 284.666667
874.333333 276.000000
879.333333 267.000000
885.000000 258.333333
891.333333 249.333333
898.000000 240.333333
905.333333 231.000000
914.000000 222.000000
923.666667 213.666667
934.000000 205.333333
944.666667 197.000000
956.666667 188.333333
969.333333 180.000000
982.333333 172.000000
995.666667 164.666667
1009.333333 158.000000
1022.666667 152.666667
1035.333333 148.000000
1048.000000 144.666667
1061.000000 142.000000
1077.666667 141.000000
1094.000000 141.333333
1110.000000 143.000000
1121.333333 145.333333
1132.000000 148.333333
1141.666667 152.333333
1151.000000 157.666667
1160.000000 164.000000
1168.333333 171.333333
1176.000000 179.666667
1182.333333 189.333333
1187.666667 200.333333
1191.666667 212.000000
1194.666667 224.333333
1196.666667 237.333333
1198.000000 250.666667
1198.333333 264.333333
1198.000000 278.000000
1196.666667 292.333333
1194.666667 306.666667
1191.666667 321.333333
1187.666667 336.000000
1183.000000 351.000000
1178.000000 365.666667
1172.666667 380.333333
1167.333333 395.333333
1161.333333 411.000000
1155.333333 427.333333
1148.666667 443.333333
1142.000000 459.000000
1134.666667 474.666667
1127.333333 490.000000
1120.000000 505.000000
1113.000000 519.333333
1105.666667 533.666667
1097.666667 547.666667
1088.666667 561.000000
1079.333333 574.333333
1070.000000 587.666667
1060.333333 600.333333
1049.666667 612.666667
1038.333333 625.000000
1027.333333 637.666667
1016.666667 649.666667
1005.666667 661.000000
994.333333 672.000000
983.333333 682.666667
972.666667 693.000000
962.000000 703.000000
951.333333 712.333333
941.000000 721.000000
931.666667 729.000000
922.666667 737.000000
914.000000 745.000000
905.000000 753.000000
896.666667 760.333333
889.333333 766.666667
883.000000 771.666667
878.000000 775.666667
874.000000 778.666667
871.333333 781.000000
869.333333 782.666667
868.000000 784.000000
867.000000 785.000000
866.000000 785.333333
