994.666667 272.333333
997.333333 263.666667
1000.000000 254.666667
1003.000000 245.000000
1006.333333 235.333333
1010.333333 226.000000
1015.333333 217.000000
1021.000000 208.000000
1027.333333 199.000000
1034.000000 190.000000
1040.666667 181.333333
1047.333333 173.333333
1055.000000 165.666667
1063.666667 158.000000
1073.000000 150.666667
1082.333333 143.666667
1092.000000 137.333333
1102.666667 130.666667
1113.666667 124.666667
1124.666667 119.000000
1135.333333 114.333333
1146.000000 110.000000
1157.333333 106.666667
1168.333333 104.000000
1179.333333 102.333333
1198.333333 102.000000
1217.333333 103.000000
1236.333333 105.333333
1247.000000 108.333333
1257.666667 112.333333
1267.666667 117.000000
1276.666667 122.000000
1285.333333 127.333333
1293.666667 133.000000
1302.000000 139.000000
1309.666667 145.333333
1317.000000 152.000000
1324.000000 159.666667
1330.333333 167.666667
1335.666667 176.000000
1339.666667 184.333333
1343.000000 193.000000
1345.666667 202.333333
1347.666667 211.666667
1349.000000 221.000000
1349.666667 230.000000
1349.666667 239.333333
1349.000000 249.333333
1348.333333 259.333333
1347.333333 269.333333
1346.333333 278.666667
1345.000000 288.000000
1344.000000 297.333333
1343.000000 307.000000
1341.666667 316.333333
1339.666667 325.666667
1337.000000 335.666667
1333.666667 346.666667
1330.000000 357.666667
1325.666667 368.000000
1321.333333 378.000000
1317.000000 388.000000
1313.000000 398.000000
1309.333333 407.666667
1306.000000 417.000000
1303.000000 426.000000
1300.000000 435.333333
1297.000000 445.000000
1294.333333 455.000000
1291.333333 464.666667
1288.000000 474.000000
1284.000000 483.666667
1279.666667 493.666667
1275.000000 503.666667
1269.666667 513.000000
1264.000000 522.000000
1258.000000 531.000000
1251.333333 540.000000
1244.000000 549.000000
1235.666667 558.000000
1227.000000 566.666667
1218.000000 575.333333
1208.666667 584.000000
1198.333333 593.333333
1187.666667 602.666667
1177.000000 611.333333
1167.333333 619.333333
1158.000000 627.000000
1149.000000 635.000000
1140.000000 642.666667
1131.333333 650.000000
1123.333333 656.666667
1116.333333 663.000000
1110.000000 668.666667
1103.666667 674.333333
1096.666667 680.000000
1089.333333 685.666667
1082.000000 691.333333
1075.000000 697.000000
1068.333333 702.666667
1062.000000 707.666667
1056.000000 712.000000
1050.333333 715.666667
1044.666667 719.000000
1039.666667 722.000000
1035.000000 724.666667
1031.000000 727.000000
1027.000000 728.666667
1023.666667 730.333333
1020.666667 731.666667
1018.666667 733.000000
1016.666667 734.000000
1015.333333 735.000000
1011.666667 735.333333
1008.333333 734.666667
