1023.000000 402.666667
1024.000000 398.000000
1025.333333 392.666667
1027.333333 387.000000
1030.000000 380.333333
1033.000000 373.333333
1036.333333 366.000000
1039.666667 359.000000
1043.333333 352.000000
1046.666667 344.666667
1050.333333 337.000000
1054.000000 329.333333
1058.000000 321.666667
1062.333333 314.000000
1067.333333 306.333333
1073.000000 298.666667
1079.000000 290.666667
1085.000000 282.000000
1090.666667 273.333333
1096.333333 265.333333
1101.666667 258.000000
1107.000000 251.333333
1112.666667 245.000000
1118.666667 239.333333
1125.333333 233.666667
1131.333333 228.666667
1137.333333 223.666667
1143.000000 219.333333
1149.000000 215.333333
1155.666667 212.000000
1162.333333 209.000000
1169.666667 206.333333
1176.333333 204.000000
1183.333333 202.000000
1189.666667 200.333333
1196.666667 199.000000
1203.666667 198.000000
1211.333333 197.000000
1218.666667 196.000000
1225.666667 195.000000
1240.666667 194.666667
1255.666667 195.000000
1270.666667 196.000000
1276.666667 197.000000
1282.333333 198.333333
1289.666667 201.000000
1297.333333 204.333333
1305.000000 208.000000
1311.333333 211.000000
1317.333333 214.333333
1323.333333 217.666667
1328.666667 221.333333
1333.666667 225.000000
1338.333333 229.000000
1342.666667 233.333333
1347.333333 237.666667
1351.666667 242.333333
1356.333333 247.000000
1360.666667 252.000000
1365.000000 257.333333
1369.000000 263.000000
1372.666667 269.000000
1376.000000 275.000000
1379.000000 281.000000
1381.666667 287.000000
1384.000000 293.000000
1386.000000 299.333333
1387.666667 306.000000
1389.000000 313.333333
1389.666667 320.666667
1390.333333 328.333333
1390.666667 336.000000
1391.000000 344.000000
1391.000000 352.333333
1390.666667 361.000000
1390.000000 369.666667
1389.000000 378.333333
1388.000000 387.000000
1386.666667 396.333333
1385.000000 405.666667
1383.333333 415.000000
1381.333333 424.000000
1378.666667 433.333333
1375.333333 442.666667
1371.666667 452.000000
1367.666667 460.666667
1363.000000 469.333333
1358.333333 478.000000
1353.666667 487.000000
1349.000000 496.000000
1344.000000 505.000000
1339.000000 513.666667
1333.333333 522.666667
1327.000000 531.666667
1320.333333 541.333333
1314.000000 550.666667
1307.666667 560.333333
1301.000000 569.666667
1294.000000 579.333333
1286.666667 589.000000
1279.000000 598.666667
1271.000000 608.000000
1263.333333 617.000000
1256.000000 626.333333
1248.666667 635.666667
1240.666667 645.000000
1232.333333 654.000000
1224.000000 662.666667
1216.000000 671.333333
1208.000000 680.333333
1200.000000 690.000000
1192.000000 699.333333
1184.000000 708.333333
1176.000000 717.000000
1168.000000 726.333333
1160.000000 735.666667
1152.000000 744.666667
1143.666667 753.333333
1135.000000 761.333333
1126.333333 769.333333
1117.666667 776.666667
1109.000000 784.000000
1099.666667 791.000000
1090.333333 797.666667
1081.000000 803.666667
1072.333333 808.666667
1064.000000 813.000000
1056.000000 817.000000
1048.000000 820.666667
1040.333333 823.666667
1033.333333 826.000000
1027.666667 827.666667
1023.000000 829.000000
1020.000000 830.000000
1017.333333 831.000000
1015.666667 831.333333
1015.000000 830.333333
