763.666667 423.000000
764.000000 421.000000
764.333333 418.666667
764.666667 416.333333
765.000000 413.666667
765.000000 411.333333
765.000000 408.666667
764.666667 405.666667
764.333333 402.000000
763.666667 397.666667
763.000000 393.000000
761.666667 387.666667
760.000000 381.666667
758.000000 375.000000
756.000000 368.000000
754.000000 361.333333
751.666667 354.666667
749.000000 348.333333
746.000000 341.333333
743.000000 334.333333
739.666667 326.666667
736.000000 319.000000
732.000000 310.666667
728.000000 302.333333
724.000000 293.666667
720.000000 285.333333
716.000000 276.666667
712.000000 268.333333
708.000000 260.333333
704.333333 253.000000
701.000000 246.333333
697.666667 240.000000
694.333333 234.000000
690.666667 228.333333
687.333333 223.000000
684.000000 218.000000
680.666667 213.333333
677.333333 209.000000
674.000000 205.000000
670.666667 201.333333
666.666667 198.000000
662.000000 195.000000
656.666667 192.333333
651.666667 190.000000
646.666667 188.333333
642.000000 187.000000
637.333333 186.000000
629.333333 185.666667
618.666667 186.000000
607.333333 187.000000
598.666667 188.333333
592.333333 190.000000
586.000000 191.666667
579.666667 193.666667
573.000000 196.000000
566.000000 199.000000
559.000000 202.333333
552.000000 206.000000
545.333333 210.000000
539.000000 214.333333
533.333333 218.666667
528.000000 223.333333
522.666667 227.666667
517.333333 232.333333
512.333333 236.333333
508.333333 240.333333
504.666667 244.000000
501.333333 247.666667
498.333333 251.000000
496.000000 254.333333
494.000000 258.333333
492.333333 263.000000
491.000000 268.333333
490.333333 273.666667
490.000000 279.666667
490.333333 286.000000
491.000000 293.333333
492.000000 301.000000
493.000000 309.000000
494.666667 317.333333
496.666667 326.000000
499.000000 335.000000
501.333333 344.000000
504.000000 353.000000
507.000000 362.000000
510.333333 370.666667
513.666667 378.666667
517.333333 386.333333
520.666667 394.000000
524.000000 401.666667
527.333333 409.000000
531.000000 416.000000
535.333333 423.000000
539.666667 430.000000
544.333333 437.333333
549.000000 445.333333
554.333333 453.666667
559.333333 462.000000
564.333333 470.333333
569.000000 479.333333
574.000000 489.000000
578.666667 499.000000
583.333333 508.666667
588.333333 517.666667
593.666667 526.333333
599.333333 534.666667
604.666667 542.666667
609.666667 550.000000
614.333333 556.666667
618.666667 563.000000
623.000000 569.000000
627.000000 574.666667
631.333333 580.000000
636.000000 585.666667
640.666667 591.666667
645.000000 598.000000
649.000000 604.000000
653.000000 610.000000
656.666667 616.000000
660.333333 621.666667
663.333333 627.000000
666.333333 632.000000
669.000000 636.666667
671.666667 641.333333
674.333333 645.666667
677.000000 650.333333
679.666667 655.000000
682.333333 659.666667
685.000000 664.000000
688.000000 668.000000
691.333333 672.333333
694.666667 677.000000
698.333333 682.000000
702.000000 687.000000
706.000000 692.333333
709.666667 698.000000
713.333333 703.666667
716.666667 709.333333
720.333333 715.000000
724.000000 721.333333
728.000000 727.666667
731.666667 734.000000
735.333333 740.000000
739.000000 745.666667
742.333333 750.666667
745.333333 755.000000
747.666667 758.666667
750.666667 762.666667
753.666667 766.666667
757.000000 770.666667
759.666667 774.000000
762.000000 777.000000
763.666667 779.666667
765.000000 782.000000
766.000000 784.000000
766.666667 785.666667
767.333333 787.000000
767.666667 788.000000
768.000000 789.000000
768.666667 789.333333
