810.000000 396.000000
810.000000 390.666667
810.333333 385.000000
810.666667 378.666667
811.000000 372.333333
811.000000 366.333333
811.333333 360.666667
811.666667 355.000000
812.666667 349.000000
813.666667 342.333333
815.333333 335.333333
817.000000 327.666667
819.333333 320.000000
822.000000 312.000000
825.333333 303.666667
829.000000 295.000000
833.333333 285.666667
838.000000 276.333333
843.000000 267.000000
847.666667 258.000000
852.333333 248.666667
856.666667 239.333333
861.333333 230.000000
866.000000 221.000000
871.666667 212.000000
877.666667 203.000000
884.666667 193.666667
891.333333 184.333333
898.666667 175.000000
906.333333 166.333333
915.000000 157.666667
924.000000 149.000000
933.000000 140.333333
942.333333 131.666667
952.000000 123.666667
962.000000 116.000000
972.000000 109.000000
981.666667 102.333333
990.666667 95.666667
999.333333 89.333333
1008.666667 83.000000
1018.333333 77.000000
1028.000000 71.333333
1037.000000 66.000000
1046.000000 61.333333
1055.333333 57.333333
1065.333333 54.333333
1075.333333 52.000000
1084.666667 50.333333
1093.666667 49.000000
1103.000000 48.000000
1116.000000 47.666667
1128.000000 48.000000
1139.666667 49.000000
1148.000000 50.333333
1157.000000 51.666667
1166.000000 53.666667
1174.333333 56.000000
1182.333333 59.333333
1189.666667 63.000000
1197.333333 67.333333
1205.000000 72.333333
1212.666667 78.000000
1220.333333 84.000000
1227.333333 90.333333
1234.333333 97.333333
1240.666667 105.333333
1247.000000 114.000000
1253.000000 122.333333
1258.666667 130.333333
1264.333333 137.666667
1269.666667 145.666667
1274.666667 153.666667
1279.000000 162.333333
1282.666667 171.000000
1286.000000 179.666667
1288.666667 188.333333
1291.000000 197.000000
1292.666667 206.333333
1294.000000 215.666667
1295.000000 224.666667
1296.000000 233.333333
1297.000000 242.333333
1297.666667 252.000000
1298.000000 262.000000
1297.666667 272.333333
1297.333333 283.000000
1296.666667 294.666667
1296.000000 306.333333
1295.000000 318.333333
1294.000000 330.333333
1293.000000 343.000000
1292.000000 355.666667
1290.666667 367.666667
1289.333333 379.333333
1287.666667 391.000000
1286.000000 402.666667
1283.666667 414.000000
1281.000000 425.666667
1277.666667 438.000000
1274.333333 450.333333
1270.666667 462.000000
1266.666667 473.333333
1262.333333 484.666667
1258.333333 495.666667
1254.666667 506.000000
1251.000000 515.333333
1246.666667 524.333333
1242.000000 533.000000
1236.666667 541.666667
1230.666667 550.333333
1224.333333 558.333333
1218.000000 566.000000
1211.666667 573.333333
1205.333333 581.000000
1198.666667 589.333333
1192.000000 597.666667
1185.000000 606.000000
1178.333333 613.666667
1172.000000 621.333333
1166.000000 629.000000
1160.333333 637.333333
1155.000000 645.666667
1149.666667 653.666667
1144.000000 661.333333
1137.666667 668.666667
1131.000000 676.333333
1124.333333 684.000000
1117.666667 692.333333
1111.333333 700.666667
1104.666667 708.666667
1098.000000 716.000000
1091.000000 723.333333
1084.000000 730.666667
1077.000000 738.333333
1070.333333 746.000000
1064.000000 753.333333
1058.000000 760.333333
1051.666667 766.666667
1044.666667 773.000000
1037.333333 779.333333
1030.000000 785.666667
1023.000000 792.000000
1015.666667 798.333333
1008.333333 804.666667
1000.333333 810.666667
992.333333 816.000000
984.333333 820.666667
977.000000 825.333333
969.666667 830.000000
962.666667 835.000000
955.333333 840.000000
948.333333 844.666667
941.333333 849.000000
935.000000 853.000000
929.333333 856.666667
924.333333 859.666667
920.333333 861.666667
917.333333 863.000000
915.333333 864.000000
913.333333 864.333333
912.666667 863.000000
