638.000000 384.666667
638.000000 380.000000
638.333333 375.000000
638.666667 369.666667
639.333333 364.000000
640.333333 358.000000
642.000000 352.000000
644.666667 345.333333
647.666667 337.666667
651.666667 329.333333
655.666667 320.666667
660.333333 311.666667
665.333333 302.000000
671.000000 292.000000
677.333333 281.666667
684.000000 271.666667
691.000000 262.000000
698.000000 253.000000
705.333333 243.666667
712.666667 234.666667
720.333333 225.666667
728.333333 217.333333
736.666667 209.333333
745.000000 201.666667
753.666667 193.666667
763.333333 185.000000
774.000000 176.333333
784.666667 168.000000
795.666667 160.333333
807.000000 153.000000
818.666667 146.666667
830.000000 140.666667
840.333333 135.666667
850.333333 131.000000
860.333333 127.333333
870.666667 124.333333
880.666667 122.333333
890.333333 121.000000
900.000000 120.666667
910.666667 121.333333
921.333333 123.333333
932.000000 126.333333
941.666667 130.000000
951.333333 134.000000
961.000000 138.333333
971.000000 143.000000
980.333333 148.333333
989.000000 154.333333
997.000000 160.666667
1004.666667 167.000000
1012.000000 173.333333
1018.666667 179.666667
1025.000000 186.666667
1030.666667 194.000000
1035.666667 202.666667
1040.000000 212.000000
1043.666667 221.666667
1047.000000 232.000000
1050.000000 242.666667
1052.666667 254.000000
1055.000000 265.333333
1057.000000 277.000000
1059.000000 289.000000
1061.000000 300.666667
1063.000000 312.000000
1065.000000 323.000000
1066.666667 334.333333
1068.333333 345.333333
1069.666667 356.000000
1070.666667 366.000000
1071.000000 375.666667
1071.000000 385.333333
1071.000000 395.000000
1070.666667 405.000000
1069.666667 414.333333
1068.333333 423.333333
1066.666667 432.000000
1065.333333 441.333333
1063.666667 450.333333
1062.000000 459.000000
1060.000000 466.666667
1058.000000 474.000000
1055.666667 481.333333
1053.000000 489.333333
1049.666667 498.000000
1045.666667 506.666667
1041.000000 515.000000
1035.666667 523.333333
1030.000000 532.333333
1024.000000 541.666667
1018.000000 551.000000
1012.000000 560.000000
1006.000000 568.666667
999.333333 577.333333
992.000000 586.333333
984.333333 595.666667
977.000000 605.000000
970.333333 613.333333
963.666667 621.666667
957.000000 629.666667
950.000000 638.000000
942.666667 646.333333
935.333333 654.333333
928.333333 662.333333
922.000000 669.666667
915.666667 677.333333
909.000000 685.333333
902.000000 693.666667
895.333333 702.000000
888.666667 710.000000
882.333333 717.666667
876.000000 725.333333
870.000000 733.000000
864.000000 740.666667
858.333333 748.000000
852.333333 754.666667
846.333333 761.000000
839.666667 766.666667
833.333333 772.333333
826.666667 778.000000
820.000000 784.000000
812.666667 790.333333
805.000000 796.666667
797.333333 802.666667
790.000000 807.666667
783.666667 812.000000
778.333333 815.333333
774.000000 818.000000
771.000000 820.000000
768.666667 821.666667
767.333333 823.000000
