616.000000 394.666667
616.000000 393.000000
616.000000 391.000000
616.000000 389.000000
616.333333 387.000000
616.666667 384.666667
617.000000 382.333333
617.000000 379.666667
617.333333 376.666667
618.000000 373.000000
618.666667 369.000000
619.333333 365.000000
620.333333 361.000000
621.666667 356.666667
623.000000 352.333333
624.333333 347.666667
626.333333 343.000000
629.000000 337.666667
632.000000 332.000000
635.333333 326.000000
639.000000 320.000000
643.000000 314.333333
647.000000 309.000000
651.333333 304.333333
655.666667 299.666667
660.000000 294.666667
664.333333 289.000000
669.000000 283.000000
674.000000 277.000000
679.000000 271.000000
684.666667 265.000000
690.666667 259.333333
697.000000 254.000000
703.000000 249.000000
708.666667 244.333333
714.333333 239.666667
720.000000 235.000000
726.333333 230.000000
733.000000 225.000000
740.000000 220.333333
746.666667 216.000000
753.333333 212.000000
759.666667 208.000000
766.666667 204.333333
773.666667 201.000000
781.333333 198.000000
788.666667 195.333333
795.666667 193.000000
802.333333 191.000000
809.333333 189.333333
817.000000 188.000000
825.333333 187.666667
833.666667 188.000000
842.000000 189.333333
850.000000 191.000000
858.333333 193.333333
867.333333 196.333333
876.666667 200.333333
886.000000 204.666667
894.666667 209.666667
903.333333 214.666667
912.000000 220.000000
921.000000 225.000000
929.333333 229.666667
937.000000 234.333333
944.000000 238.666667
950.666667 243.333333
957.000000 248.000000
963.000000 253.333333
969.000000 258.666667
975.000000 264.666667
980.666667 270.333333
986.333333 276.333333
991.666667 282.000000
996.666667 288.333333
1001.000000 294.666667
1005.000000 301.666667
1008.666667 308.666667
1011.666667 316.000000
1014.333333 323.000000
1016.666667 330.000000
1018.666667 337.000000
1020.333333 344.000000
1021.666667 351.000000
1023.333333 357.666667
1024.666667 364.000000
1026.000000 370.000000
1026.666667 376.000000
1027.333333 382.000000
1027.666667 388.000000
1028.000000 394.333333
1028.000000 400.666667
1028.000000 407.000000
1028.000000 413.000000
1027.666667 419.000000
1027.333333 425.000000
1026.666667 431.000000
1026.000000 437.000000
1024.666667 443.000000
1023.333333 449.333333
1021.666667 455.666667
1020.000000 461.666667
1018.000000 467.333333
1016.333333 472.666667
1014.666667 478.333333
1013.000000 484.000000
1011.000000 489.666667
1009.000000 495.666667
1007.000000 501.666667
1005.000000 508.000000
1003.000000 514.000000
1000.666667 520.000000
997.666667 526.000000
994.333333 532.333333
990.666667 539.000000
987.000000 546.333333
982.666667 553.333333
978.333333 560.333333
974.000000 566.333333
970.000000 572.333333
966.000000 578.333333
962.000000 584.666667
957.666667 591.000000
953.000000 597.333333
947.666667 603.666667
941.666667 610.000000
935.333333 616.000000
929.000000 622.000000
923.000000 628.333333
917.333333 635.000000
912.000000 642.000000
907.000000 648.666667
902.000000 654.666667
897.333333 660.000000
892.666667 665.000000
888.000000 669.666667
883.333333 674.000000
879.000000 678.000000
874.666667 682.333333
870.333333 687.000000
865.666667 692.000000
861.000000 697.000000
855.666667 702.333333
850.000000 707.666667
844.000000 713.000000
838.000000 718.000000
832.333333 723.000000
827.333333 728.000000
822.666667 733.000000
818.000000 738.000000
813.000000 743.000000
807.666667 748.000000
802.000000 753.333333
796.333333 758.333333
790.666667 763.000000
785.333333 767.000000
780.000000 771.000000
775.333333 775.000000
770.666667 779.000000
766.333333 783.000000
761.666667 787.000000
757.000000 790.666667
752.333333 794.333333
748.000000 797.666667
744.666667 800.666667
741.666667 803.000000
739.333333 805.333333
737.000000 807.333333
735.333333 809.333333
733.666667 811.000000
732.333333 813.000000
731.000000 814.666667
730.000000 816.000000
729.000000 817.000000
728.333333 818.000000
728.000000 819.000000
727.666667 820.000000
