483.333333 443.000000
482.666667 440.666667
482.333333 438.000000
482.000000 435.333333
481.666667 433.000000
481.333333 431.000000
480.666667 428.666667
480.333333 426.333333
479.666667 424.333333
479.333333 422.333333
479.000000 420.333333
478.666667 417.666667
478.333333 415.000000
477.666667 412.333333
477.333333 409.666667
477.000000 407.000000
476.666667 404.000000
476.333333 400.666667
475.666667 397.333333
475.000000 393.666667
474.333333 390.000000
473.666667 386.000000
473.000000 381.666667
472.000000 377.333333
471.000000 372.333333
470.000000 367.333333
469.000000 362.000000
467.666667 356.666667
466.333333 351.333333
464.666667 346.000000
463.000000 341.000000
460.666667 336.000000
458.000000 331.000000
455.000000 325.666667
452.000000 320.000000
448.666667 314.333333
445.333333 308.666667
441.666667 303.333333
438.333333 297.666667
434.666667 292.333333
431.333333 286.333333
427.666667 280.333333
424.333333 274.333333
420.666667 268.666667
417.000000 263.000000
413.000000 257.666667
409.000000 252.666667
405.000000 248.000000
401.000000 243.666667
397.000000 239.666667
393.000000 236.000000
388.666667 232.000000
384.000000 228.333333
379.000000 225.000000
373.333333 222.333333
367.666667 220.333333
361.666667 219.000000
356.333333 218.000000
350.666667 217.666667
343.666667 218.000000
336.666667 219.333333
329.666667 221.000000
324.333333 223.333333
318.666667 226.333333
313.333333 229.666667
308.000000 233.000000
303.333333 236.333333
298.666667 239.666667
294.333333 243.666667
290.333333 247.666667
286.666667 252.000000
283.333333 256.000000
280.333333 259.666667
278.000000 263.000000
276.000000 266.000000
274.000000 268.666667
272.333333 271.333333
270.666667 273.666667
269.333333 276.333333
268.000000 279.000000
267.000000 282.333333
266.000000 286.000000
265.000000 290.333333
264.333333 295.000000
264.333333 300.333333
264.666667 306.000000
265.333333 312.333333
266.000000 318.666667
267.333333 325.000000
268.666667 331.000000
270.333333 337.000000
271.666667 343.000000
273.333333 349.333333
274.666667 355.666667
276.333333 362.000000
277.666667 368.000000
279.333333 374.333333
280.666667 380.666667
282.333333 387.000000
283.666667 393.333333
285.333333 400.000000
286.666667 407.000000
288.000000 414.000000
289.333333 421.000000
290.666667 428.333333
292.000000 436.000000
293.333333 444.000000
294.666667 451.666667
296.333333 459.000000
298.000000 465.666667
300.000000 471.666667
302.333333 477.333333
305.000000 483.000000
308.000000 488.666667
311.333333 494.000000
315.000000 499.666667
319.000000 505.333333
323.000000 511.666667
327.000000 517.666667
331.000000 524.333333
335.000000 530.666667
339.000000 537.333333
343.333333 544.000000
347.666667 550.333333
352.333333 556.333333
357.000000 561.666667
362.333333 567.000000
367.333333 572.000000
372.333333 577.000000
377.000000 582.000000
382.333333 587.000000
387.666667 592.000000
393.666667 597.000000
399.333333 602.000000
405.333333 606.666667
411.000000 611.333333
416.666667 616.000000
422.333333 621.000000
428.000000 626.333333
434.333333 632.000000
441.000000 637.666667
448.333333 643.333333
455.666667 649.000000
462.666667 654.666667
469.000000 660.000000
475.333333 665.000000
481.666667 670.000000
488.000000 675.000000
494.333333 680.000000
500.666667 685.333333
507.000000 691.000000
513.000000 697.000000
519.000000 703.333333
525.000000 709.666667
531.000000 716.000000
537.000000 722.000000
543.000000 727.666667
549.000000 733.333333
555.000000 739.000000
560.666667 744.666667
566.000000 750.333333
570.666667 755.666667
574.666667 761.000000
578.333333 765.666667
581.666667 770.000000
584.666667 773.333333
586.666667 776.000000
588.000000 777.666667
589.000000 779.000000
589.666667 780.000000
590.333333 781.000000
591.333333 781.000000
593.000000 780.000000
