619.333333 375.000000
618.666667 369.666667
618.333333 364.333333
618.000000 359.333333
618.000000 355.000000
618.000000 351.000000
618.000000 347.000000
617.666667 343.000000
617.333333 339.000000
616.666667 334.666667
616.000000 330.000000
615.000000 325.333333
613.666667 320.333333
612.000000 315.333333
610.000000 310.000000
607.666667 304.666667
605.000000 299.000000
602.333333 292.666667
599.666667 286.000000
597.000000 279.000000
593.666667 272.000000
590.333333 264.666667
587.000000 257.666667
583.666667 250.666667
580.333333 244.000000
576.666667 237.000000
573.000000 230.000000
568.666667 223.333333
564.333333 217.000000
559.333333 211.333333
554.666667 206.000000
549.333333 201.000000
544.666667 196.333333
539.666667 191.666667
535.000000 187.333333
530.000000 182.666667
525.000000 178.333333
519.666667 174.000000
513.666667 170.000000
507.333333 166.000000
501.000000 162.333333
495.000000 159.000000
489.333333 156.333333
483.666667 154.000000
477.666667 152.333333
471.000000 151.000000
464.000000 150.000000
438.666667 149.666667
411.000000 150.333333
383.666667 152.333333
374.666667 155.000000
368.333333 158.333333
362.333333 162.000000
357.000000 166.333333
352.000000 171.000000
347.333333 176.000000
343.333333 181.000000
340.333333 186.000000
338.000000 191.000000
336.000000 196.333333
334.333333 202.000000
333.333333 208.333333
333.000000 215.000000
333.333333 222.000000
334.000000 229.000000
335.333333 236.666667
336.666667 244.666667
338.333333 253.000000
339.666667 261.000000
341.000000 269.000000
342.333333 277.000000
343.666667 285.000000
345.333333 293.000000
346.666667 301.000000
348.333333 308.666667
350.000000 316.333333
352.000000 323.333333
354.333333 330.333333
357.000000 336.666667
360.333333 343.333333
363.666667 349.666667
367.333333 356.333333
371.000000 363.000000
375.000000 370.000000
379.000000 376.666667
383.000000 383.000000
387.666667 389.333333
392.666667 396.000000
398.333333 403.333333
404.000000 410.666667
410.000000 417.666667
415.666667 424.333333
421.000000 431.000000
425.666667 437.666667
430.000000 444.000000
434.000000 450.333333
438.000000 456.666667
442.000000 462.666667
445.666667 468.333333
449.666667 474.333333
453.666667 480.666667
458.333333 487.666667
462.666667 494.666667
467.333333 502.000000
472.000000 509.333333
477.000000 516.666667
482.333333 524.333333
488.000000 532.000000
494.000000 539.666667
500.000000 547.000000
505.666667 553.666667
511.000000 560.333333
516.333333 566.666667
521.666667 573.333333
527.333333 580.000000
533.666667 587.333333
540.666667 595.000000
548.333333 603.000000
556.000000 611.333333
564.333333 620.333333
573.333333 629.666667
583.000000 639.333333
593.000000 649.000000
603.000000 658.666667
613.000000 668.333333
623.333333 678.333333
633.666667 688.666667
644.000000 698.666667
654.000000 708.000000
664.000000 717.000000
674.000000 726.000000
684.000000 734.666667
693.666667 742.666667
703.000000 750.000000
711.666667 756.666667
720.333333 763.000000
729.000000 768.666667
737.333333 774.000000
745.000000 778.333333
751.333333 782.000000
757.000000 785.000000
761.666667 787.666667
765.666667 790.333333
769.000000 792.666667
772.000000 795.333333
774.666667 797.666667
777.000000 799.666667
778.666667 801.333333
780.000000 802.666667
781.000000 804.000000
781.666667 805.000000
782.333333 806.000000
783.000000 807.000000
784.000000 808.000000
785.666667 808.333333
