710.666667 331.666667
710.000000 324.000000
708.666667 315.666667
706.666667 307.333333
703.666667 298.666667
700.000000 289.666667
695.666667 280.333333
691.000000 271.333333
686.000000 263.000000
680.666667 255.000000
675.000000 247.333333
669.000000 240.000000
662.333333 233.333333
655.000000 227.000000
647.000000 221.333333
639.000000 216.333333
630.666667 212.000000
621.666667 208.333333
612.000000 205.333333
602.000000 203.000000
588.333333 201.333333
574.333333 200.666667
560.333333 201.333333
550.333333 203.000000
540.666667 205.000000
531.000000 207.666667
521.666667 211.000000
512.666667 215.000000
504.666667 219.000000
497.333333 223.333333
491.000000 228.333333
485.000000 234.333333
479.333333 241.000000
474.000000 248.333333
469.333333 256.333333
465.000000 265.000000
461.333333 274.333333
457.666667 284.000000
454.333333 294.666667
451.333333 306.333333
449.000000 319.000000
447.000000 332.666667
445.333333 346.666667
444.000000 360.666667
443.333333 374.000000
443.333333 387.000000
443.666667 399.333333
444.666667 411.000000
446.000000 421.666667
448.000000 432.000000
450.333333 441.666667
453.333333 451.000000
457.000000 460.000000
461.000000 469.000000
465.333333 478.333333
470.000000 488.000000
475.333333 498.000000
481.000000 507.666667
487.333333 517.000000
494.333333 526.333333
502.000000 536.000000
510.000000 546.333333
518.333333 556.666667
527.333333 567.333333
537.333333 578.000000
547.666667 589.000000
558.333333 600.000000
569.333333 611.333333
581.000000 622.666667
592.666667 634.000000
603.666667 645.000000
614.333333 655.666667
624.666667 666.000000
634.666667 675.666667
644.000000 685.000000
652.333333 694.000000
660.000000 702.666667
667.000000 711.333333
674.000000 719.666667
681.000000 728.333333
688.000000 736.666667
694.666667 745.000000
700.666667 752.333333
705.666667 758.666667
709.666667 763.666667
713.000000 767.333333
715.333333 770.000000
717.000000 771.666667
718.000000 773.000000
718.666667 774.000000
719.666667 774.333333
720.333333 774.000000
