574.333333 404.000000
573.666667 400.000000
573.000000 396.000000
572.333333 391.666667
571.333333 387.000000
570.333333 381.666667
568.666667 376.000000
567.000000 370.000000
565.000000 364.000000
562.666667 358.000000
560.333333 352.000000
557.666667 346.000000
555.333333 340.000000
553.000000 334.333333
550.666667 328.666667
548.000000 323.333333
545.333333 318.000000
542.666667 313.000000
540.000000 308.000000
537.333333 303.000000
534.666667 298.333333
531.666667 293.666667
528.000000 289.000000
524.000000 284.333333
519.333333 279.666667
514.000000 275.000000
508.000000 270.333333
502.000000 266.000000
496.000000 262.333333
490.333333 259.000000
484.333333 256.000000
478.333333 253.333333
471.666667 250.666667
465.333333 248.333333
458.666667 246.000000
452.333333 244.000000
446.000000 242.333333
440.000000 240.666667
434.000000 239.333333
427.666667 238.000000
413.666667 238.000000
400.000000 238.666667
386.666667 240.333333
381.333333 242.000000
375.666667 244.000000
370.333333 246.333333
365.000000 249.000000
360.333333 252.000000
356.000000 255.000000
352.333333 258.000000
349.000000 261.000000
346.333333 264.000000
344.000000 267.000000
342.333333 270.000000
341.000000 273.000000
340.000000 276.000000
339.333333 278.666667
338.666667 281.333333
338.666667 285.333333
338.666667 290.333333
339.333333 296.000000
340.000000 301.000000
341.000000 306.666667
341.666667 312.666667
342.666667 319.666667
343.333333 327.000000
344.333333 335.000000
345.000000 343.000000
346.000000 350.666667
346.666667 357.666667
347.333333 364.000000
348.000000 370.333333
349.333333 376.333333
351.000000 382.333333
353.333333 388.000000
355.666667 393.666667
358.333333 399.333333
361.333333 405.333333
364.666667 411.666667
368.000000 418.333333
371.000000 425.000000
374.000000 432.333333
377.000000 439.666667
379.666667 447.333333
382.000000 455.000000
384.333333 462.666667
386.666667 470.000000
389.333333 477.000000
392.000000 484.000000
395.333333 491.000000
398.666667 498.000000
402.333333 504.666667
406.000000 511.000000
410.000000 517.000000
413.666667 523.000000
417.000000 529.000000
420.333333 535.000000
423.666667 540.666667
427.000000 546.000000
430.000000 550.666667
433.000000 555.333333
436.333333 560.333333
439.666667 565.666667
443.666667 571.000000
447.666667 576.000000
452.333333 581.000000
457.000000 586.333333
462.000000 592.000000
467.333333 598.000000
472.666667 604.666667
478.333333 611.666667
484.333333 619.000000
491.000000 626.000000
498.333333 633.333333
505.333333 640.666667
512.000000 648.333333
518.000000 656.000000
524.000000 663.666667
530.000000 671.333333
536.000000 678.666667
542.000000 686.333333
548.000000 694.000000
554.000000 702.333333
559.666667 711.000000
565.000000 720.333333
570.000000 730.333333
575.000000 740.666667
580.333333 751.333333
585.666667 761.666667
591.000000 772.333333
596.000000 782.666667
601.000000 792.666667
605.666667 802.000000
610.000000 810.666667
614.000000 819.000000
617.666667 826.333333
621.000000 833.333333
624.000000 839.666667
627.000000 845.666667
630.000000 851.000000
633.000000 855.666667
635.666667 860.000000
638.000000 863.333333
640.000000 866.000000
641.666667 868.000000
643.333333 869.666667
645.000000 871.000000
646.666667 872.000000
648.000000 873.000000
649.333333 874.000000
655.666667 874.333333
663.000000 874.000000
671.333333 873.000000
