1059.666667 342.000000
1060.333333 335.333333
1061.333333 328.666667
1063.000000 321.333333
1065.000000 314.666667
1067.333333 307.666667
1070.000000 300.666667
1073.333333 292.666667
1077.000000 284.333333
1081.333333 276.000000
1085.666667 268.333333
1090.000000 260.666667
1094.000000 253.333333
1098.000000 246.000000
1102.000000 239.000000
1106.666667 231.666667
1112.000000 224.333333
1117.666667 217.333333
1123.666667 211.000000
1129.666667 204.666667
1136.333333 198.333333
1143.000000 191.333333
1150.000000 184.333333
1157.333333 177.000000
1164.666667 170.000000
1172.333333 163.333333
1179.333333 157.333333
1186.333333 151.666667
1193.000000 146.000000
1200.333333 140.333333
1208.000000 135.000000
1216.000000 129.666667
1224.000000 124.666667
1231.666667 119.666667
1239.333333 115.333333
1247.333333 111.333333
1256.000000 108.000000
1265.000000 105.333333
1273.333333 103.000000
1290.333333 102.000000
1306.666667 102.333333
1323.000000 103.666667
1329.666667 105.666667
1336.000000 108.000000
1341.666667 111.000000
1347.666667 114.000000
1353.666667 117.333333
1360.000000 121.000000
1366.000000 125.333333
1371.666667 129.666667
1377.000000 134.000000
1382.000000 138.333333
1387.000000 143.000000
1392.000000 148.333333
1397.000000 154.000000
1401.666667 160.000000
1406.333333 166.000000
1410.666667 171.666667
1414.666667 177.333333
1418.333333 182.666667
1422.000000 188.333333
1425.666667 194.333333
1428.666667 200.666667
1431.333333 207.666667
1433.666667 214.666667
1435.666667 221.666667
1437.333333 228.333333
1438.666667 235.333333
1439.666667 243.000000
1440.333333 251.333333
1441.000000 259.666667
1441.666667 267.666667
1442.333333 275.666667
1442.666667 284.000000
1443.333333 293.000000
1443.666667 302.000000
1444.000000 310.666667
1444.000000 319.000000
1444.000000 327.000000
1443.666667 335.333333
1443.000000 344.000000
1442.000000 353.000000
1441.000000 361.666667
1440.000000 370.333333
1438.666667 379.000000
1437.000000 388.333333
1435.000000 397.666667
1433.000000 407.000000
1430.666667 415.666667
1427.666667 424.000000
1424.333333 432.333333
1420.333333 441.000000
1416.333333 449.666667
1411.666667 458.000000
1407.000000 465.666667
1402.000000 473.333333
1397.333333 481.000000
1392.666667 489.000000
1388.333333 497.000000
1383.666667 504.666667
1379.666667 512.000000
1375.333333 518.666667
1371.000000 525.333333
1366.000000 532.000000
1360.666667 539.000000
1355.333333 546.000000
1349.666667 553.333333
1344.000000 560.333333
1338.000000 567.333333
1332.000000 573.333333
1325.666667 579.666667
1319.333333 585.333333
1313.000000 591.333333
1307.000000 597.000000
1301.333333 603.000000
1295.333333 609.000000
1289.333333 614.666667
1283.000000 620.000000
1276.666667 625.000000
1270.000000 630.000000
1263.333333 635.333333
1257.000000 641.000000
1250.666667 647.000000
1243.666667 652.666667
1236.333333 658.333333
1228.666667 663.666667
1221.333333 668.666667
1214.000000 673.000000
1206.666667 677.333333
1198.666667 682.000000
1190.000000 687.000000
1181.000000 692.000000
1171.666667 697.000000
1162.000000 702.000000
1151.333333 706.666667
1140.333333 711.000000
1129.000000 714.666667
1118.000000 718.000000
1106.666667 721.000000
1095.333333 723.666667
1084.000000 726.000000
1073.333333 728.000000
1063.000000 730.000000
1053.333333 732.000000
1044.333333 734.000000
1036.666667 735.666667
1030.666667 737.000000
1026.000000 738.000000
1022.333333 739.000000
1019.333333 739.333333
1018.000000 739.000000
1017.666667 738.000000
1018.000000 737.000000
1018.333333 736.000000
1018.666667 734.666667
