877.000000 423.666667
876.666667 418.000000
876.333333 412.000000
875.666667 405.666667
875.333333 399.333333
874.666667 392.333333
874.000000 385.000000
873.000000 377.000000
872.333333 369.333333
871.333333 361.666667
870.333333 354.666667
869.000000 348.000000
868.000000 342.000000
867.000000 336.000000
866.000000 330.000000
864.666667 324.333333
863.333333 319.000000
861.333333 314.000000
859.333333 309.000000
856.666667 304.000000
853.666667 299.000000
850.000000 294.000000
845.666667 289.000000
841.000000 284.000000
835.666667 279.000000
830.333333 274.000000
825.000000 269.000000
820.000000 264.000000
814.333333 259.333333
808.333333 255.000000
801.666667 251.333333
795.000000 248.000000
788.333333 245.333333
782.000000 243.000000
775.333333 241.000000
768.333333 239.333333
760.333333 238.000000
747.666667 237.000000
735.333333 236.666667
721.333333 237.000000
712.666667 238.000000
704.000000 239.333333
698.333333 240.666667
693.000000 242.333333
688.333333 243.666667
683.666667 245.333333
679.333333 247.000000
675.000000 249.000000
670.666667 251.000000
666.000000 253.000000
661.000000 255.000000
656.333333 257.333333
652.000000 260.000000
648.333333 262.666667
644.666667 265.333333
641.666667 268.000000
638.666667 271.000000
636.333333 274.333333
634.000000 277.666667
632.000000 281.333333
630.000000 284.666667
628.333333 288.333333
627.000000 292.333333
626.000000 296.666667
625.000000 301.666667
624.000000 306.666667
623.333333 312.333333
622.666667 317.666667
622.000000 323.333333
621.333333 329.000000
620.666667 335.000000
620.333333 341.000000
620.000000 347.333333
620.000000 353.666667
620.333333 360.000000
621.000000 366.333333
621.666667 372.333333
622.333333 378.333333
624.000000 386.333333
626.333333 395.000000
629.333333 403.666667
632.000000 410.666667
635.000000 417.666667
638.333333 425.000000
642.000000 432.000000
646.333333 439.333333
651.000000 447.000000
655.666667 455.000000
660.333333 462.666667
664.666667 470.333333
669.333333 478.333333
674.000000 487.000000
679.333333 496.000000
685.000000 505.000000
691.333333 514.333333
697.666667 523.666667
704.000000 533.333333
709.666667 543.000000
715.000000 552.666667
720.333333 562.000000
726.000000 571.000000
732.000000 579.666667
738.000000 588.000000
743.666667 596.000000
749.333333 604.000000
754.666667 611.666667
760.000000 619.000000
765.000000 626.000000
770.000000 633.000000
775.000000 640.000000
780.000000 647.333333
785.000000 654.333333
790.000000 661.333333
795.000000 668.000000
800.000000 675.000000
804.666667 682.000000
809.000000 689.333333
813.000000 696.666667
817.000000 704.000000
821.333333 711.000000
825.666667 718.000000
830.333333 725.333333
835.000000 732.333333
839.666667 739.000000
844.333333 745.333333
848.666667 751.666667
852.666667 757.666667
856.000000 762.666667
859.000000 767.000000
861.666667 771.000000
864.000000 775.000000
866.333333 778.666667
868.333333 782.000000
870.333333 784.666667
871.333333 787.000000
872.333333 788.666667
872.666667 790.000000
873.333333 791.000000
873.666667 792.000000
874.000000 792.333333
874.000000 791.666667
874.000000 789.333333
