551.333333 332.333333
551.000000 325.000000
549.666667 317.333333
548.333333 309.666667
547.000000 302.000000
546.000000 294.000000
545.000000 285.666667
543.666667 277.000000
542.000000 268.000000
539.666667 258.666667
536.666667 249.333333
533.333333 240.000000
529.666667 231.333333
525.666667 223.000000
521.333333 215.333333
516.333333 208.333333
511.000000 202.000000
504.666667 196.333333
498.333333 191.000000
491.666667 186.000000
484.666667 181.333333
477.000000 177.000000
468.666667 173.333333
460.333333 170.000000
452.000000 167.333333
444.000000 165.000000
436.000000 163.333333
427.666667 161.666667
419.333333 160.333333
408.333333 159.000000
391.666667 158.000000
369.000000 157.666667
346.000000 158.333333
329.333333 160.000000
319.333333 162.000000
313.000000 164.000000
307.333333 166.000000
302.333333 168.333333
298.333333 171.000000
294.666667 174.000000
291.333333 177.666667
288.333333 182.000000
285.666667 187.333333
283.333333 193.000000
281.000000 199.333333
279.000000 206.333333
277.666667 214.000000
276.666667 222.000000
276.333333 230.333333
276.000000 239.333333
276.000000 249.000000
276.000000 258.666667
276.333333 268.000000
276.666667 276.666667
277.000000 285.333333
277.333333 294.000000
277.666667 302.666667
278.333333 311.333333
278.666667 319.666667
279.333333 328.000000
280.000000 336.333333
281.000000 345.000000
282.333333 353.666667
283.666667 362.000000
285.333333 370.000000
287.000000 377.666667
289.000000 385.333333
291.333333 392.666667
294.333333 400.000000
298.000000 407.000000
302.333333 414.000000
307.333333 420.666667
312.666667 427.333333
318.333333 433.666667
324.000000 440.666667
330.000000 447.666667
336.666667 455.333333
344.000000 463.000000
352.333333 471.000000
361.000000 479.000000
370.000000 487.666667
379.666667 497.000000
390.000000 507.000000
400.666667 517.000000
410.666667 527.333333
419.666667 537.666667
427.666667 548.000000
435.000000 557.333333
442.000000 566.000000
448.666667 573.666667
455.000000 581.000000
461.000000 588.333333
467.000000 596.000000
472.666667 604.000000
478.333333 611.666667
484.333333 619.333333
491.333333 627.333333
499.000000 636.000000
506.666667 644.666667
514.000000 653.000000
521.000000 660.666667
528.000000 668.000000
535.333333 675.000000
543.000000 681.666667
550.666667 688.000000
558.000000 694.333333
565.333333 701.000000
573.000000 708.333333
581.333333 715.666667
589.666667 722.666667
597.666667 729.333333
605.000000 735.666667
612.000000 742.000000
619.000000 747.666667
626.000000 753.333333
633.000000 758.333333
640.333333 763.333333
647.333333 767.333333
653.333333 771.000000
658.000000 773.666667
661.333333 776.000000
664.000000 777.666667
666.000000 779.000000
667.333333 780.000000
668.333333 781.000000
669.666667 780.333333
671.000000 778.333333
