593.333333 389.000000
592.666667 387.000000
592.333333 384.666667
591.666667 382.000000
591.333333 378.666667
591.000000 375.333333
591.000000 371.666667
590.666667 368.333333
590.666667 364.666667
590.333333 361.000000
590.333333 356.666667
589.666667 352.000000
589.000000 347.000000
588.000000 341.666667
586.666667 336.000000
585.333333 329.666667
583.666667 323.000000
582.000000 316.000000
579.666667 309.000000
577.000000 302.333333
574.000000 295.333333
570.666667 288.333333
566.666667 281.000000
562.000000 274.000000
556.666667 267.000000
551.000000 260.333333
545.333333 254.333333
539.333333 248.333333
533.000000 242.666667
525.666667 236.666667
518.333333 231.333333
510.666667 226.000000
503.333333 221.000000
495.666667 216.000000
488.333333 211.333333
480.666667 206.666667
472.666667 202.333333
464.000000 198.000000
455.333333 194.000000
447.000000 190.000000
438.333333 186.333333
429.000000 183.000000
419.333333 180.333333
410.000000 178.333333
395.666667 177.666667
381.333333 178.333333
367.333333 180.000000
359.666667 182.333333
353.000000 184.666667
347.333333 187.333333
342.333333 189.666667
338.000000 192.333333
334.333333 194.666667
331.000000 197.000000
328.000000 199.000000
325.333333 201.000000
322.666667 203.000000
320.333333 205.000000
318.000000 207.666667
316.000000 210.666667
314.333333 214.333333
313.000000 218.333333
312.000000 223.000000
311.333333 228.000000
311.000000 233.333333
311.333333 239.333333
311.666667 246.000000
312.666667 253.000000
314.000000 260.333333
315.666667 267.666667
317.666667 275.000000
319.666667 281.666667
322.000000 288.333333
324.000000 295.000000
326.000000 301.666667
327.666667 308.333333
329.333333 314.333333
330.666667 320.666667
332.000000 326.666667
333.333333 333.333333
334.666667 340.000000
336.333333 347.000000
337.666667 354.333333
339.333333 362.000000
341.000000 369.333333
343.333333 376.333333
345.666667 382.666667
348.333333 389.333333
351.000000 395.666667
354.333333 402.000000
358.000000 408.333333
362.000000 414.666667
366.000000 421.000000
370.000000 427.333333
374.000000 434.333333
378.333333 442.000000
382.666667 450.000000
387.000000 458.000000
391.666667 465.666667
397.000000 473.333333
403.000000 481.000000
408.666667 489.000000
414.000000 497.000000
419.000000 504.666667
423.666667 511.666667
428.333333 518.000000
433.000000 524.000000
438.333333 530.333333
444.666667 537.000000
451.666667 544.000000
459.000000 551.333333
466.000000 558.666667
473.000000 566.333333
481.000000 574.000000
489.333333 582.333333
498.000000 591.000000
506.000000 600.333333
513.666667 609.666667
521.333333 619.333333
529.000000 629.000000
537.333333 639.000000
545.666667 648.666667
554.333333 658.000000
562.666667 667.000000
571.666667 676.333333
581.000000 685.666667
591.000000 695.333333
600.666667 704.333333
610.333333 713.666667
620.333333 723.000000
630.666667 733.333333
641.000000 743.333333
650.666667 753.333333
660.333333 763.000000
669.666667 773.000000
679.000000 783.000000
687.333333 792.666667
695.000000 802.000000
701.666667 810.333333
707.666667 818.333333
712.666667 825.333333
717.000000 832.333333
720.333333 838.333333
723.000000 843.666667
725.000000 847.666667
726.666667 850.666667
727.666667 853.000000
728.000000 854.666667
728.000000 856.000000
728.333333 857.000000
728.666667 858.000000
729.000000 859.000000
729.000000 860.000000
729.000000 861.000000
