718.000000 392.666667
718.000000 388.000000
718.333333 383.000000
719.000000 378.000000
720.000000 372.666667
721.000000 367.000000
722.000000 361.333333
723.666667 355.666667
725.666667 350.333333
728.666667 344.666667
732.000000 339.000000
736.000000 332.666667
740.333333 326.333333
745.000000 319.666667
750.000000 313.333333
754.666667 307.000000
759.333333 301.000000
764.333333 294.333333
770.333333 287.333333
777.000000 279.333333
784.000000 271.333333
791.000000 263.000000
798.333333 255.000000
806.000000 246.666667
814.333333 238.333333
822.666667 229.666667
831.000000 221.666667
838.666667 214.666667
846.000000 209.000000
852.666667 204.000000
859.666667 199.666667
867.000000 196.000000
875.000000 193.333333
883.000000 191.000000
891.000000 189.333333
899.333333 188.000000
908.000000 187.000000
920.333333 186.000000
938.666667 185.000000
972.666667 184.666667
1003.000000 185.333333
1027.000000 187.000000
1035.000000 189.000000
1042.333333 191.000000
1049.666667 193.333333
1056.666667 196.333333
1064.000000 200.000000
1071.000000 204.333333
1078.000000 209.000000
1084.333333 214.333333
1090.333333 220.000000
1095.666667 226.000000
1100.666667 232.000000
1105.666667 238.000000
1111.000000 244.333333
1116.666667 251.000000
1122.333333 258.333333
1127.666667 265.666667
1133.000000 273.000000
1137.666667 280.000000
1142.000000 287.000000
1145.666667 294.333333
1149.000000 302.000000
1151.666667 309.666667
1154.000000 317.333333
1155.666667 324.666667
1157.000000 332.333333
1158.000000 340.000000
1159.000000 348.000000
1159.666667 356.000000
1159.666667 363.666667
1159.333333 371.333333
1158.666667 379.000000
1158.000000 387.333333
1157.000000 396.000000
1155.666667 405.000000
1154.333333 414.000000
1152.333333 423.333333
1150.333333 433.000000
1147.666667 443.333333
1145.333333 453.666667
1142.333333 464.000000
1139.000000 474.000000
1135.000000 484.333333
1131.000000 494.666667
1127.000000 505.000000
1123.000000 514.666667
1119.000000 524.333333
1115.000000 533.666667
1111.000000 543.000000
1107.000000 552.000000
1103.333333 560.333333
1099.333333 568.666667
1095.000000 576.666667
1089.666667 585.333333
1084.333333 594.000000
1078.666667 602.666667
1073.333333 610.666667
1068.000000 618.333333
1063.000000 626.000000
1057.666667 634.000000
1052.333333 641.666667
1047.000000 649.000000
1041.666667 656.000000
1036.000000 662.666667
1030.333333 669.000000
1024.666667 675.333333
1019.333333 681.666667
1013.666667 688.666667
1008.333333 695.333333
1002.666667 702.333333
997.000000 708.666667
991.000000 715.333333
985.000000 722.000000
978.666667 729.000000
972.333333 736.000000
966.333333 743.000000
960.666667 750.000000
955.000000 756.666667
949.000000 763.000000
942.666667 769.000000
936.333333 775.000000
930.000000 781.000000
924.000000 787.000000
918.000000 793.000000
912.000000 799.000000
906.000000 804.666667
900.000000 810.000000
894.000000 815.000000
888.000000 819.666667
882.333333 824.000000
877.000000 827.666667
872.000000 831.333333
867.333333 835.000000
862.666667 838.666667
858.333333 842.333333
853.666667 845.666667
849.000000 849.000000
844.333333 852.000000
840.000000 854.666667
836.000000 857.000000
832.333333 859.000000
829.333333 860.666667
827.000000 862.000000
824.666667 863.000000
