818.666667 392.000000
819.333333 387.666667
820.000000 382.666667
821.333333 377.000000
822.666667 371.333333
824.333333 365.666667
826.000000 360.333333
828.000000 354.666667
830.333333 349.333333
833.000000 344.000000
836.000000 338.333333
839.333333 332.333333
843.000000 326.000000
847.000000 319.666667
850.666667 313.333333
854.333333 307.333333
857.666667 302.000000
861.333333 296.333333
865.000000 290.333333
868.666667 284.000000
872.333333 278.000000
876.333333 272.000000
880.666667 266.333333
885.000000 261.000000
889.000000 256.333333
893.000000 251.666667
897.333333 247.333333
901.666667 242.666667
906.333333 238.000000
911.000000 233.000000
916.666667 228.000000
922.666667 223.333333
929.000000 219.000000
935.000000 215.000000
940.666667 211.333333
946.000000 208.000000
951.000000 205.333333
956.000000 202.666667
961.333333 200.333333
967.000000 198.000000
973.333333 196.000000
979.666667 194.333333
986.000000 193.000000
992.000000 192.000000
1002.666667 191.666667
1013.666667 192.000000
1025.000000 193.333333
1031.666667 195.000000
1038.000000 197.333333
1043.666667 200.333333
1049.333333 204.000000
1055.000000 208.000000
1061.000000 212.333333
1066.666667 217.000000
1072.333333 222.000000
1077.666667 227.000000
1083.000000 232.000000
1088.000000 237.000000
1093.000000 242.000000
1097.666667 247.333333
1102.000000 253.000000
1106.333333 259.000000
1110.666667 265.000000
1115.000000 271.000000
1119.333333 277.000000
1123.666667 283.000000
1128.000000 289.000000
1131.666667 295.333333
1135.333333 302.000000
1138.333333 308.666667
1141.000000 315.000000
1143.000000 321.000000
1145.000000 326.666667
1146.666667 332.333333
1148.333333 337.666667
1149.666667 343.666667
1150.666667 349.666667
1151.000000 356.333333
1151.333333 362.666667
1151.666667 369.000000
1152.000000 375.000000
1152.000000 381.333333
1151.666667 388.000000
1151.000000 395.333333
1150.000000 402.666667
1149.000000 410.000000
1148.000000 416.666667
1147.000000 423.333333
1145.666667 430.000000
1144.000000 436.666667
1141.666667 443.666667
1139.000000 451.000000
1135.666667 458.666667
1132.000000 466.000000
1127.666667 473.000000
1123.000000 480.333333
1117.666667 488.333333
1112.333333 496.666667
1107.000000 505.000000
1102.000000 512.666667
1096.333333 520.000000
1090.000000 527.000000
1083.000000 534.333333
1076.000000 542.000000
1068.666667 550.000000
1061.000000 558.000000
1052.666667 566.000000
1044.000000 574.000000
1035.000000 582.000000
1026.333333 590.666667
1017.333333 599.333333
1007.666667 608.333333
997.333333 616.666667
987.000000 625.000000
977.333333 633.000000
968.000000 641.000000
958.333333 649.000000
948.666667 657.000000
938.666667 664.333333
929.666667 671.333333
920.666667 678.333333
912.000000 686.333333
903.000000 694.666667
894.333333 703.333333
886.000000 711.666667
878.333333 720.000000
871.333333 728.333333
865.000000 736.666667
858.666667 744.666667
852.333333 752.000000
846.000000 758.666667
839.666667 765.333333
833.333333 771.666667
827.333333 778.333333
821.666667 785.333333
816.333333 792.333333
810.666667 799.000000
805.000000 805.333333
799.666667 811.333333
795.000000 816.666667
791.333333 821.000000
788.333333 824.666667
786.000000 828.000000
784.000000 830.666667
782.666667 832.666667
781.666667 834.000000
781.333333 835.000000
780.666667 836.000000
780.333333 837.000000
