838.666667 356.666667
840.333333 351.333333
841.666667 346.333333
843.000000 342.000000
843.666667 337.666667
844.000000 333.000000
844.000000 328.000000
843.333333 322.333333
842.000000 316.000000
839.333333 309.333333
836.333333 302.666667
832.666667 295.666667
829.000000 288.000000
825.000000 280.000000
821.333333 272.333333
817.666667 265.333333
814.000000 259.000000
810.000000 253.333333
805.666667 247.666667
800.333333 242.000000
794.000000 236.333333
787.000000 230.666667
779.333333 225.000000
771.000000 219.333333
761.666667 214.000000
752.000000 209.000000
742.000000 204.666667
732.000000 201.000000
722.000000 198.333333
712.000000 196.000000
702.333333 194.333333
693.000000 193.000000
677.000000 192.666667
657.333333 193.000000
637.000000 194.333333
623.333333 195.666667
612.666667 197.000000
603.000000 198.333333
594.000000 199.666667
586.000000 201.333333
578.333333 202.666667
571.000000 204.333333
564.333333 206.000000
558.333333 208.000000
553.000000 210.333333
548.000000 213.000000
543.333333 216.333333
539.000000 219.666667
535.000000 223.333333
531.000000 227.666667
527.000000 232.666667
523.333333 238.333333
520.000000 244.000000
517.333333 250.333333
515.000000 257.000000
513.333333 264.333333
512.000000 271.666667
511.333333 279.000000
511.333333 285.666667
511.666667 292.333333
512.666667 299.000000
514.000000 306.333333
516.000000 313.666667
518.000000 321.333333
520.000000 329.000000
522.333333 337.666667
525.333333 347.333333
528.666667 357.666667
532.333333 367.666667
536.333333 377.333333
541.000000 386.666667
546.000000 396.000000
550.666667 405.000000
555.333333 414.000000
560.000000 423.000000
564.666667 432.000000
569.000000 441.333333
573.333333 450.666667
577.666667 460.000000
582.666667 469.000000
588.000000 478.000000
594.000000 487.333333
600.000000 496.666667
606.000000 506.000000
612.000000 514.666667
617.666667 523.333333
623.000000 531.666667
628.333333 540.000000
633.666667 548.000000
639.333333 556.000000
645.333333 563.666667
651.333333 571.000000
657.333333 578.000000
663.000000 585.333333
669.000000 593.000000
675.000000 600.666667
681.000000 608.000000
687.333333 614.666667
693.666667 621.000000
699.666667 626.666667
705.000000 632.000000
710.000000 637.000000
715.000000 642.333333
720.000000 647.666667
725.333333 653.000000
731.000000 658.000000
737.333333 663.000000
743.666667 668.000000
750.000000 673.000000
756.000000 678.000000
762.000000 682.666667
768.000000 687.333333
774.333333 691.666667
780.666667 695.666667
786.666667 699.000000
792.333333 702.333333
797.666667 705.333333
803.000000 708.333333
808.000000 710.666667
812.666667 713.000000
817.333333 715.333333
822.000000 717.666667
827.333333 720.000000
832.666667 722.000000
838.000000 723.666667
843.000000 725.000000
847.333333 726.000000
851.000000 727.000000
854.000000 728.000000
857.000000 729.000000
