1009.000000 372.666667
1010.000000 365.333333
1011.000000 358.000000
1012.333333 351.000000
1014.000000 343.666667
1016.333333 335.666667
1019.000000 327.000000
1022.000000 318.333333
1025.666667 309.666667
1029.666667 300.666667
1034.333333 291.000000
1039.000000 281.000000
1044.000000 271.000000
1048.666667 261.666667
1053.333333 252.333333
1058.000000 243.333333
1063.333333 234.333333
1068.666667 226.000000
1074.333333 218.333333
1080.000000 211.000000
1085.666667 204.333333
1091.000000 198.000000
1096.333333 192.000000
1102.000000 186.333333
1108.333333 180.333333
1115.000000 174.666667
1122.000000 169.000000
1128.666667 164.000000
1135.333333 159.333333
1142.000000 154.666667
1149.000000 150.666667
1156.000000 146.666667
1163.333333 143.333333
1170.666667 140.000000
1177.666667 137.000000
1184.333333 134.333333
1190.666667 132.000000
1197.666667 130.000000
1205.000000 128.000000
1212.666667 126.000000
1220.333333 124.333333
1232.000000 123.000000
1244.000000 122.666667
1258.333333 123.000000
1270.333333 124.000000
1282.000000 125.000000
1291.000000 126.000000
1298.000000 127.333333
1305.000000 128.666667
1311.666667 130.333333
1318.000000 132.000000
1323.666667 134.333333
1329.000000 136.666667
1333.666667 139.333333
1338.333333 142.000000
1342.666667 145.333333
1347.000000 149.000000
1351.333333 153.333333
1356.000000 158.666667
1361.000000 164.666667
1365.666667 171.333333
1370.000000 178.000000
1374.000000 185.000000
1378.000000 192.666667
1381.333333 201.333333
1384.000000 210.666667
1386.000000 220.000000
1388.000000 229.333333
1389.666667 239.333333
1391.333333 249.666667
1392.666667 260.333333
1394.000000 270.333333
1394.666667 280.333333
1395.333333 290.000000
1396.000000 300.333333
1396.666667 310.666667
1397.000000 321.000000
1396.666667 331.333333
1396.333333 341.666667
1395.666667 352.333333
1395.000000 362.666667
1394.000000 373.000000
1392.666667 383.000000
1391.333333 393.333333
1389.666667 403.666667
1388.000000 413.666667
1385.666667 423.333333
1383.000000 433.000000
1380.000000 443.000000
1376.666667 452.666667
1373.333333 461.666667
1369.333333 470.000000
1365.333333 478.333333
1360.666667 487.000000
1356.333333 495.666667
1351.666667 504.333333
1347.333333 512.333333
1342.333333 520.333333
1337.000000 528.000000
1331.000000 536.000000
1325.000000 544.000000
1319.000000 552.000000
1313.000000 560.000000
1307.333333 567.666667
1301.666667 575.000000
1296.000000 582.333333
1290.000000 590.000000
1283.666667 598.000000
1277.000000 605.666667
1270.333333 613.000000
1264.000000 620.000000
1258.000000 627.000000
1251.666667 634.333333
1245.333333 641.333333
1238.666667 648.333333
1232.000000 654.666667
1225.333333 661.000000
1218.666667 667.000000
1212.333333 672.666667
1206.000000 678.333333
1199.666667 684.333333
1193.000000 691.000000
1185.666667 698.000000
1178.333333 704.666667
1171.000000 711.000000
1164.333333 717.000000
1157.666667 723.000000
1151.000000 729.333333
1143.666667 735.666667
1136.333333 742.000000
1129.333333 747.666667
1122.666667 753.000000
1116.333333 758.000000
1110.000000 762.666667
1103.666667 767.333333
1096.666667 771.666667
1089.666667 776.000000
1082.666667 780.000000
1076.333333 784.000000
1070.333333 787.666667
1065.333333 790.666667
1061.333333 793.000000
1058.333333 794.666667
1056.000000 796.000000
1054.333333 797.000000
1053.000000 798.000000
1052.000000 798.333333
1051.333333 797.666667
1051.000000 796.000000
1051.000000 793.333333
1051.333333 790.000000
1052.000000 785.666667
