535.000000 399.000000
535.000000 394.666667
535.000000 390.000000
534.666667 384.666667
534.333333 378.666667
533.666667 372.333333
533.000000 365.666667
532.000000 359.000000
530.666667 352.000000
529.333333 345.000000
527.333333 338.000000
525.333333 331.000000
523.000000 324.000000
520.333333 317.000000
517.333333 310.333333
513.666667 304.000000
510.000000 298.333333
505.666667 292.666667
501.000000 287.000000
496.000000 281.000000
491.333333 275.333333
486.666667 269.666667
482.333333 264.666667
477.333333 259.666667
472.333333 255.000000
466.666667 250.666667
461.000000 246.666667
455.333333 243.666667
450.000000 241.000000
445.000000 238.666667
440.000000 236.333333
435.000000 234.333333
430.000000 232.666667
424.333333 231.333333
418.333333 230.000000
408.000000 229.666667
398.333333 230.000000
388.666667 231.000000
383.333333 232.333333
378.000000 234.333333
373.333333 236.666667
369.000000 239.000000
365.000000 241.333333
361.000000 243.666667
357.333333 246.333333
354.000000 249.333333
351.000000 252.666667
348.000000 256.666667
345.333333 260.666667
343.000000 265.666667
341.333333 270.333333
339.666667 275.333333
338.333333 280.333333
337.000000 285.666667
336.000000 291.333333
335.000000 297.000000
334.000000 302.666667
333.000000 308.333333
332.000000 313.666667
331.000000 319.000000
330.000000 324.000000
329.333333 328.666667
328.666667 333.333333
328.000000 338.000000
327.000000 343.000000
326.333333 348.333333
326.000000 354.000000
326.000000 360.000000
326.000000 366.333333
326.000000 372.666667
326.000000 379.000000
326.000000 385.333333
326.333333 391.666667
326.666667 398.333333
327.333333 404.666667
328.000000 411.000000
329.333333 417.000000
330.666667 422.666667
332.000000 428.000000
333.333333 433.000000
334.666667 438.333333
336.333333 443.666667
338.000000 449.333333
340.000000 455.000000
341.666667 461.000000
343.333333 466.666667
345.000000 472.333333
347.000000 478.000000
348.666667 484.000000
350.666667 490.333333
353.000000 496.666667
356.000000 503.000000
359.000000 509.000000
362.000000 515.000000
365.000000 520.666667
368.000000 526.000000
371.000000 531.000000
374.000000 536.000000
377.000000 540.666667
380.000000 545.000000
383.000000 549.333333
386.333333 554.000000
390.333333 559.000000
395.000000 564.000000
400.333333 569.333333
406.000000 575.000000
411.666667 580.666667
417.333333 586.000000
422.666667 591.333333
428.333333 596.666667
434.000000 602.333333
440.000000 608.000000
446.333333 613.666667
452.666667 619.333333
459.000000 624.666667
465.000000 630.333333
471.333333 636.000000
478.000000 642.333333
485.333333 649.333333
493.000000 656.666667
501.000000 663.666667
508.666667 670.333333
516.333333 677.000000
523.666667 684.000000
531.333333 691.333333
539.000000 698.666667
546.666667 706.000000
553.666667 713.000000
560.333333 719.666667
567.000000 726.333333
574.000000 733.333333
580.666667 740.666667
587.333333 748.000000
593.666667 754.666667
600.000000 761.000000
605.666667 766.666667
611.000000 772.333333
615.666667 777.666667
619.666667 783.000000
623.000000 787.666667
626.000000 792.000000
629.000000 796.000000
631.666667 799.666667
633.666667 802.666667
635.333333 805.000000
636.666667 807.000000
637.666667 808.666667
638.000000 810.000000
638.333333 811.000000
639.000000 812.000000
639.666667 813.000000
640.000000 814.000000
640.000000 814.333333
640.333333 813.666667
