829.666667 397.000000
828.333333 395.666667
827.000000 394.333333
826.000000 392.666667
825.000000 391.000000
824.000000 388.666667
823.000000 386.333333
822.333333 383.666667
822.000000 380.666667
822.000000 377.000000
822.000000 373.333333
822.000000 369.666667
822.000000 366.000000
822.333333 362.333333
822.666667 359.000000
823.000000 356.000000
823.000000 353.000000
823.333333 349.666667
823.666667 346.333333
824.333333 342.666667
825.000000 338.666667
826.333333 334.000000
827.666667 328.666667
829.333333 323.000000
831.333333 317.333333
833.666667 311.666667
836.333333 306.333333
839.000000 300.666667
842.333333 295.000000
845.666667 288.666667
849.333333 281.666667
852.666667 274.333333
856.333333 267.000000
860.000000 259.666667
864.333333 252.000000
869.333333 243.666667
875.000000 235.333333
881.000000 227.000000
887.333333 219.000000
893.666667 211.333333
900.000000 204.000000
906.000000 197.000000
912.000000 189.666667
918.000000 182.333333
924.333333 175.333333
931.000000 168.666667
937.666667 162.666667
943.666667 157.000000
949.333333 152.000000
955.000000 147.000000
961.333333 142.000000
968.000000 137.000000
975.333333 132.333333
982.333333 128.000000
989.333333 124.000000
995.666667 120.000000
1002.666667 116.333333
1010.000000 113.333333
1018.000000 110.666667
1025.666667 108.333333
1033.000000 106.000000
1039.666667 104.333333
1046.000000 102.666667
1052.333333 101.333333
1059.333333 100.000000
1069.000000 99.000000
1080.666667 98.000000
1092.000000 97.666667
1104.333333 98.000000
1114.666667 99.000000
1125.333333 100.000000
1132.333333 101.333333
1139.000000 103.000000
1145.333333 105.000000
1151.666667 107.333333
1158.333333 110.333333
1165.000000 114.333333
1171.666667 118.666667
1177.666667 123.333333
1183.000000 128.000000
1188.000000 133.333333
1193.333333 139.000000
1198.666667 145.333333
1204.333333 152.666667
1210.000000 160.666667
1216.000000 169.333333
1222.000000 178.000000
1228.000000 187.666667
1233.333333 198.333333
1238.000000 209.333333
1241.666667 220.666667
1245.000000 232.000000
1248.000000 244.000000
1250.666667 255.666667
1253.000000 267.000000
1254.666667 278.000000
1256.333333 289.333333
1257.666667 300.666667
1259.000000 312.000000
1260.000000 323.333333
1261.000000 335.000000
1262.000000 346.666667
1263.000000 358.000000
1263.666667 368.666667
1264.333333 379.333333
1264.666667 390.000000
1264.666667 401.000000
1264.000000 412.000000
1263.000000 423.000000
1262.000000 433.666667
1261.000000 444.000000
1259.666667 454.000000
1258.000000 463.333333
1256.333333 472.000000
1254.666667 479.666667
1253.000000 487.000000
1251.000000 494.333333
1249.000000 502.000000
1246.666667 509.666667
1244.000000 516.666667
1240.333333 523.666667
1236.000000 531.000000
1230.666667 539.333333
1224.666667 547.666667
1218.333333 556.333333
1212.000000 564.666667
1206.000000 573.000000
1199.666667 581.333333
1193.000000 589.666667
1186.000000 598.000000
1179.000000 605.666667
1172.333333 613.000000
1166.000000 619.666667
1160.000000 626.333333
1153.666667 633.333333
1147.333333 640.666667
1140.666667 648.333333
1134.000000 655.666667
1127.000000 663.333333
1120.333333 671.000000
1114.000000 679.000000
1107.666667 687.000000
1101.333333 695.000000
1094.666667 703.000000
1087.666667 710.666667
1080.333333 718.000000
1073.000000 724.666667
1066.000000 731.333333
1058.666667 738.333333
1051.000000 745.666667
1042.666667 752.666667
1034.333333 759.000000
1026.333333 764.666667
1019.000000 770.333333
1011.666667 775.666667
1004.333333 781.000000
996.666667 786.000000
989.333333 791.333333
982.000000 796.333333
975.333333 801.333333
969.000000 805.666667
963.000000 810.000000
957.333333 813.666667
951.333333 817.333333
945.333333 820.666667
939.000000 823.666667
933.333333 826.333333
928.000000 828.666667
923.666667 831.000000
920.000000 833.000000
917.000000 835.000000
914.666667 836.666667
912.666667 838.000000
911.333333 839.000000
910.333333 840.000000
909.666667 841.000000
909.000000 842.000000
908.333333 843.000000
907.666667 844.000000
907.333333 843.666667
907.333333 841.666667
