794.000000 387.000000
794.000000 381.000000
793.666667 374.333333
792.666667 367.333333
791.333333 360.333333
790.333333 353.666667
790.333333 347.333333
790.666667 340.666667
791.000000 334.333333
791.000000 328.000000
791.000000 322.000000
791.000000 316.000000
790.666667 310.333333
790.000000 305.000000
789.000000 300.000000
788.000000 295.333333
786.666667 290.666667
785.333333 286.333333
783.666667 281.666667
782.333333 277.000000
780.666667 272.333333
779.000000 267.666667
777.000000 263.000000
775.000000 258.333333
773.000000 253.666667
770.666667 249.000000
766.333333 242.000000
760.666667 234.666667
754.333333 227.333333
748.333333 221.333333
742.333333 215.666667
735.666667 210.333333
729.000000 205.666667
722.000000 201.333333
714.666667 196.666667
707.000000 192.333333
699.000000 188.000000
691.000000 184.000000
682.666667 179.666667
674.000000 175.000000
664.666667 170.000000
655.333333 165.000000
646.000000 160.000000
636.666667 155.333333
627.000000 151.000000
617.000000 147.000000
607.000000 143.666667
597.666667 141.000000
588.333333 139.333333
579.000000 138.000000
565.333333 137.666667
552.000000 138.000000
539.000000 139.000000
527.000000 141.333333
515.000000 144.000000
503.666667 147.333333
496.000000 150.000000
489.666667 152.666667
484.000000 155.333333
479.333333 157.666667
475.000000 160.000000
471.333333 162.000000
468.333333 163.666667
466.000000 165.333333
463.666667 167.000000
461.333333 169.000000
458.666667 171.333333
456.333333 174.333333
454.000000 178.000000
451.666667 182.333333
449.666667 187.333333
447.666667 193.333333
446.666667 200.000000
446.000000 207.000000
446.000000 214.000000
446.000000 220.666667
446.000000 227.000000
446.333333 233.000000
446.666667 238.666667
447.333333 244.000000
447.666667 249.333333
448.333333 254.666667
449.000000 260.333333
450.333333 265.666667
451.666667 271.666667
453.333333 277.666667
455.333333 284.666667
458.000000 291.666667
461.000000 299.333333
464.000000 306.666667
467.000000 314.333333
469.666667 321.666667
472.333333 329.000000
475.000000 336.000000
478.333333 343.333333
482.000000 350.666667
486.333333 358.333333
491.333333 366.000000
497.000000 374.000000
503.000000 382.000000
509.333333 390.000000
516.000000 398.000000
522.666667 405.666667
528.666667 412.666667
534.333333 419.000000
539.666667 424.666667
545.000000 430.333333
550.000000 435.666667
555.000000 441.000000
560.000000 446.333333
565.000000 452.000000
570.000000 457.666667
575.000000 463.333333
580.000000 468.666667
585.666667 474.333333
591.666667 479.666667
598.000000 485.000000
604.000000 490.333333
610.000000 495.666667
616.000000 501.333333
622.000000 507.333333
628.333333 514.000000
635.000000 521.000000
642.000000 528.000000
649.000000 535.333333
655.666667 543.000000
662.000000 551.000000
667.666667 558.333333
673.333333 565.666667
679.000000 572.333333
684.666667 579.333333
690.333333 586.000000
695.666667 593.000000
701.333333 599.666667
706.666667 606.333333
711.666667 612.666667
716.333333 619.000000
720.666667 625.000000
725.000000 631.000000
729.333333 637.000000
733.666667 642.666667
738.333333 648.000000
742.666667 653.000000
747.333333 658.000000
751.666667 663.333333
756.333333 668.666667
760.666667 674.000000
765.000000 679.000000
769.000000 684.000000
773.333333 689.000000
778.000000 694.333333
782.666667 699.666667
787.000000 704.666667
791.000000 709.333333
795.000000 713.666667
798.666667 718.000000
802.000000 721.666667
805.000000 725.333333
807.666667 728.666667
810.000000 731.666667
811.666667 734.000000
813.000000 735.666667
814.000000 737.000000
815.000000 738.000000
815.666667 739.000000
816.333333 740.000000
