634.333333 386.000000
633.666667 381.333333
633.333333 376.333333
632.666667 371.333333
632.333333 366.000000
631.666667 360.666667
631.000000 355.333333
630.000000 350.000000
629.000000 345.000000
628.000000 340.000000
627.000000 335.000000
626.000000 330.000000
625.000000 325.000000
624.000000 320.000000
623.000000 315.333333
622.000000 311.000000
621.000000 307.333333
620.000000 304.000000
619.000000 301.000000
618.000000 298.000000
617.000000 295.000000
616.000000 292.000000
614.666667 289.000000
613.000000 285.666667
611.333333 282.000000
609.666667 278.333333
607.666667 274.666667
605.333333 271.000000
602.666667 267.000000
600.333333 263.000000
598.000000 259.333333
595.666667 256.000000
593.333333 252.666667
591.000000 249.333333
588.666667 246.000000
586.333333 243.000000
584.000000 240.000000
581.666667 236.666667
579.000000 233.333333
576.333333 230.000000
573.666667 227.000000
570.666667 223.666667
567.000000 220.333333
562.333333 217.000000
557.333333 214.000000
552.333333 211.333333
547.666667 209.000000
543.000000 207.000000
538.333333 205.000000
533.666667 203.333333
529.000000 202.000000
524.000000 201.000000
518.666667 200.000000
507.666667 199.666667
496.666667 200.000000
485.666667 201.333333
480.000000 203.000000
473.666667 205.333333
467.000000 208.000000
460.333333 211.333333
454.000000 215.000000
448.333333 218.666667
443.000000 222.333333
438.000000 226.000000
433.333333 230.000000
428.666667 233.666667
424.333333 237.333333
420.000000 240.666667
416.000000 244.000000
412.000000 247.000000
408.000000 250.000000
404.333333 253.000000
401.000000 255.666667
398.000000 258.000000
395.333333 260.333333
393.000000 262.666667
391.000000 265.333333
389.000000 268.000000
387.333333 271.333333
385.666667 274.666667
384.333333 278.000000
383.000000 281.333333
382.000000 285.000000
381.333333 289.333333
380.666667 293.666667
380.333333 298.000000
380.000000 302.000000
380.000000 306.000000
380.000000 310.000000
380.333333 314.333333
381.000000 318.666667
382.000000 323.333333
383.333333 328.000000
386.000000 334.666667
389.000000 341.666667
392.333333 349.000000
395.000000 355.000000
398.000000 361.000000
401.000000 367.333333
403.666667 373.666667
406.333333 380.333333
408.666667 386.666667
411.333333 393.333333
413.666667 400.000000
416.333333 407.000000
419.000000 413.666667
421.666667 420.000000
424.333333 426.000000
426.666667 431.666667
429.000000 437.000000
430.666667 442.333333
432.333333 447.333333
434.000000 452.333333
435.666667 457.000000
437.333333 461.666667
439.000000 466.333333
441.000000 471.000000
443.000000 476.000000
445.666667 481.333333
448.666667 486.666667
452.333333 492.000000
456.000000 497.333333
460.000000 502.666667
464.000000 508.333333
467.666667 513.333333
471.333333 518.333333
474.333333 522.666667
477.333333 527.000000
480.000000 531.000000
482.666667 535.000000
485.666667 539.333333
489.000000 544.000000
493.000000 549.333333
497.000000 555.000000
501.333333 561.000000
506.000000 567.000000
510.666667 572.666667
515.000000 578.000000
519.000000 583.000000
523.000000 588.000000
526.666667 592.666667
530.000000 597.000000
533.000000 601.000000
536.333333 605.333333
540.000000 610.000000
544.000000 615.000000
548.333333 620.000000
553.000000 625.333333
558.000000 631.000000
563.000000 637.666667
568.000000 644.666667
573.000000 652.000000
578.000000 659.333333
583.333333 666.333333
589.000000 673.333333
595.333333 680.000000
601.666667 687.333333
608.000000 695.000000
614.333333 702.666667
620.666667 710.333333
627.666667 718.000000
634.666667 725.666667
642.000000 733.000000
649.000000 740.000000
655.666667 747.000000
662.000000 753.333333
668.333333 759.333333
674.666667 764.666667
681.333333 770.000000
688.000000 774.666667
694.666667 779.000000
700.666667 783.000000
705.666667 786.666667
710.000000 790.333333
713.666667 793.333333
717.000000 796.333333
719.666667 798.666667
721.666667 800.666667
723.000000 802.000000
724.000000 803.000000
