462.000000 321.333333
460.666667 315.666667
459.333333 310.000000
457.333333 304.000000
455.333333 297.666667
453.000000 291.333333
450.666667 285.000000
448.000000 278.666667
445.000000 272.000000
442.000000 265.333333
439.000000 259.000000
436.000000 253.000000
432.666667 247.000000
429.000000 241.000000
424.666667 235.000000
420.000000 229.000000
415.000000 223.000000
410.000000 217.333333
405.000000 212.000000
400.000000 207.000000
395.000000 202.000000
390.000000 197.333333
384.666667 192.666667
378.666667 188.333333
372.000000 183.666667
364.666667 179.333333
357.333333 175.000000
349.666667 171.000000
341.666667 167.333333
333.333333 163.666667
324.666667 160.666667
316.666667 157.666667
308.666667 155.333333
301.333333 153.000000
293.666667 151.333333
286.333333 149.666667
276.666667 148.333333
265.333333 147.666667
254.000000 148.333333
245.333333 150.000000
239.000000 152.333333
233.000000 155.333333
227.000000 159.000000
221.000000 163.333333
215.333333 168.000000
210.333333 173.333333
205.666667 179.000000
201.666667 185.333333
198.000000 192.000000
195.666667 199.000000
194.000000 206.000000
193.333333 213.000000
193.000000 220.000000
193.333333 227.333333
194.000000 234.666667
195.333333 242.333333
197.333333 250.333333
200.000000 258.666667
203.000000 267.333333
206.333333 276.000000
210.000000 285.333333
214.000000 295.333333
218.000000 305.666667
222.000000 316.000000
226.000000 326.333333
229.666667 337.000000
233.000000 347.666667
236.000000 358.000000
239.000000 367.666667
242.000000 377.333333
245.000000 386.333333
248.000000 395.333333
251.000000 403.333333
254.000000 411.333333
257.000000 418.666667
260.000000 426.000000
263.333333 433.333333
267.000000 441.000000
271.000000 449.333333
274.666667 457.666667
278.333333 466.333333
282.333333 475.000000
286.666667 484.333333
291.666667 493.666667
297.000000 503.000000
303.333333 511.666667
310.000000 520.000000
316.666667 528.000000
323.000000 535.333333
329.000000 542.333333
335.000000 548.666667
341.333333 555.000000
348.000000 561.333333
355.000000 567.333333
361.666667 573.333333
368.333333 579.666667
375.000000 586.666667
382.000000 594.333333
389.000000 602.000000
396.333333 610.000000
404.000000 617.666667
411.666667 625.666667
419.333333 633.333333
427.000000 641.333333
435.000000 649.000000
443.000000 656.666667
451.000000 663.666667
458.666667 670.000000
465.666667 675.666667
472.666667 681.333333
479.666667 687.000000
487.000000 693.000000
494.000000 698.666667
501.000000 704.333333
508.000000 709.666667
514.333333 715.000000
520.333333 720.000000
525.666667 724.666667
531.333333 729.333333
536.666667 733.666667
542.333333 738.000000
547.666667 741.666667
553.000000 745.333333
558.000000 748.666667
562.666667 752.000000
567.000000 755.000000
571.000000 758.000000
574.666667 760.666667
577.666667 763.333333
580.000000 765.333333
582.000000 767.000000
583.666667 768.333333
585.000000 769.666667
586.000000 771.000000
