243.000000 385.000000
283.000000 384.000000
312.000000 382.666667
334.333333 381.333333
357.666667 379.666667
381.000000 378.000000
405.333333 376.000000
430.000000 373.333333
455.000000 370.666667
480.333333 368.000000
506.666667 366.000000
534.000000 364.333333
571.000000 363.000000
628.000000 362.000000
696.000000 361.666667
756.333333 362.000000
797.333333 363.000000
828.000000 364.333333
858.000000 366.000000
888.333333 368.000000
918.666667 370.000000
948.666667 372.000000
978.000000 374.000000
1007.000000 375.666667
1035.666667 377.000000
1064.333333 378.000000
