822.333333 265.000000
822.666667 280.666667
823.000000 296.666667
823.000000 313.000000
823.000000 329.666667
822.666667 346.000000
822.333333 362.333333
822.000000 378.333333
821.666667 394.666667
821.333333 411.666667
821.000000 428.666667
821.000000 445.666667
820.666667 462.333333
820.333333 479.000000
820.000000 495.666667
820.000000 512.333333
820.000000 529.000000
820.333333 545.333333
820.666667 561.333333
821.000000 577.000000
821.333333 592.333333
821.666667 606.666667
822.333333 620.333333
822.666667 633.666667
823.333333 646.333333
823.666667 657.666667
824.000000 668.000000
824.333333 678.000000
824.666667 687.666667
825.333333 697.000000
825.666667 705.333333
826.333333 712.666667
827.000000 718.666667
828.333333 725.000000
