73.666667 604.000000
77.333333 607.666667
81.000000 611.000000
85.333333 614.333333
90.333333 617.666667
96.333333 621.000000
103.000000 623.666667
110.000000 626.000000
117.000000 628.333333
123.666667 630.666667
130.333333 633.000000
137.000000 635.333333
144.333333 638.333333
152.000000 642.333333
160.000000 647.000000
167.666667 652.000000
175.000000 656.666667
182.666667 661.000000
191.333333 665.333333
201.000000 669.666667
210.333333 674.000000
219.000000 678.000000
226.666667 682.666667
234.666667 688.666667
242.666667 696.333333
251.333333 705.000000
259.666667 714.666667
267.666667 725.666667
275.333333 738.000000
282.666667 751.000000
290.000000 765.333333
297.333333 780.000000
304.666667 795.000000
312.000000 809.666667
318.666667 824.333333
325.000000 838.666667
331.333333 852.000000
338.000000 865.000000
345.000000 877.333333
356.333333 897.000000
