584.333333 145.333333
552.000000 144.333333
519.333333 145.000000
487.333333 147.666667
474.000000 151.333333
461.000000 156.333333
447.666667 162.000000
434.666667 168.000000
422.000000 174.333333
410.666667 181.333333
400.000000 189.000000
390.000000 197.333333
380.333333 205.666667
371.333333 214.333333
363.000000 223.000000
355.666667 231.666667
348.666667 241.000000
343.000000 251.000000
338.000000 261.666667
334.333333 272.000000
331.000000 282.666667
328.333333 294.000000
326.333333 305.666667
325.000000 317.333333
324.333333 329.000000
324.333333 341.333333
324.666667 353.333333
325.333333 365.000000
326.000000 376.000000
327.333333 387.333333
329.000000 398.666667
331.000000 410.000000
333.000000 421.000000
335.333333 432.666667
338.000000 444.666667
341.666667 457.000000
346.666667 469.333333
353.000000 482.333333
360.000000 495.666667
367.000000 509.333333
375.000000 523.333333
384.333333 538.000000
395.000000 553.333333
406.000000 568.666667
417.666667 584.000000
430.333333 599.333333
444.000000 614.666667
458.666667 630.000000
474.333333 644.333333
491.000000 657.666667
508.666667 670.000000
526.333333 682.000000
544.666667 693.000000
562.666667 702.666667
580.333333 710.666667
597.333333 717.666667
614.000000 723.333333
630.333333 728.000000
645.333333 731.333333
658.666667 734.000000
670.666667 736.000000
681.666667 738.000000
691.000000 739.666667
698.666667 741.000000
