925.000000 169.000000
936.333333 165.333333
948.666667 162.000000
962.000000 159.333333
976.000000 156.666667
991.000000 154.666667
1006.666667 153.000000
1023.000000 152.000000
1046.000000 151.666667
1070.000000 152.333333
1095.000000 154.333333
1113.666667 157.000000
1133.000000 160.666667
1151.666667 165.000000
1170.000000 170.333333
1187.666667 176.000000
1204.666667 182.333333
1221.333333 189.000000
1237.000000 196.333333
1252.666667 204.000000
1267.333333 212.333333
1281.000000 220.666667
1294.666667 229.333333
1308.000000 238.333333
1320.333333 248.000000
1331.000000 258.666667
1340.666667 269.666667
1350.333333 282.000000
1359.000000 294.666667
1366.666667 308.333333
1372.333333 322.333333
1376.666667 337.000000
1379.666667 352.000000
1381.333333 367.000000
1381.666667 382.666667
1380.333333 398.333333
1377.000000 415.000000
1372.333333 431.333333
1366.333333 448.333333
1360.000000 465.000000
1352.666667 482.000000
1343.666667 499.000000
1333.333333 516.000000
1321.666667 532.666667
1309.000000 548.666667
1295.000000 564.000000
1280.000000 579.000000
1263.333333 593.666667
1245.666667 608.000000
1225.666667 622.000000
1205.000000 636.000000
1182.333333 650.000000
1159.000000 663.666667
1134.333333 677.333333
1109.000000 690.666667
1083.000000 703.666667
1056.333333 716.000000
1029.333333 727.666667
1001.666667 739.000000
975.000000 749.333333
949.333333 758.333333
926.666667 765.666667
908.000000 771.000000
894.000000 775.000000
884.333333 778.000000
877.333333 780.333333
872.666667 782.000000
869.000000 783.000000
866.000000 784.000000
863.666667 784.333333
861.666667 784.000000
