449.333333 353.666667
465.666667 355.333333
482.666667 357.000000
500.666667 359.333333
519.333333 361.333333
538.666667 363.333333
558.666667 365.333333
579.000000 367.333333
600.333333 369.333333
622.000000 371.000000
644.333333 372.666667
667.000000 374.333333
690.333333 375.666667
713.666667 377.333333
737.666667 378.666667
762.000000 380.000000
787.000000 381.333333
812.333333 382.666667
837.666667 384.000000
872.333333 385.000000
907.333333 386.000000
976.333333 386.333333
1043.666667 386.000000
1117.333333 385.000000
1156.000000 384.000000
1185.666667 383.000000
1207.000000 382.000000
1228.000000 381.000000
1247.666667 380.000000
1266.333333 379.000000
1284.333333 377.666667
1302.000000 376.333333
1318.333333 374.666667
1333.000000 373.000000
1347.000000 371.333333
1360.000000 369.666667
1371.666667 368.000000
1381.666667 366.000000
1390.333333 364.000000
1398.000000 362.333333
1404.666667 360.666667
1410.666667 359.333333
1416.666667 358.000000
