1232.000000 142.000000
1165.666667 141.666667
1102.000000 142.000000
1028.000000 143.333333
998.666667 144.666667
968.333333 146.333333
944.333333 148.333333
920.000000 151.000000
895.000000 154.333333
870.000000 158.000000
844.666667 162.666667
819.000000 167.666667
793.333333 173.333333
768.000000 178.666667
743.000000 184.333333
718.000000 190.333333
693.000000 197.000000
668.000000 204.333333
643.333333 212.000000
619.666667 219.666667
596.666667 227.000000
574.333333 234.000000
552.000000 241.333333
531.000000 248.666667
511.000000 256.333333
492.000000 263.666667
474.000000 271.000000
457.333333 277.333333
442.000000 283.000000
427.333333 288.000000
414.333333 292.666667
403.666667 296.666667
395.333333 300.000000
388.333333 302.666667
382.666667 304.666667
378.333333 306.000000
375.333333 307.000000
373.333333 307.333333
372.666667 306.666667
373.333333 305.333333
375.333333 303.333333
