713.333333 334.000000
711.666667 325.333333
710.000000 316.666667
707.666667 308.000000
705.000000 298.666667
701.666667 288.666667
698.333333 278.000000
694.666667 266.333333
690.000000 249.666667
685.000000 233.000000
680.000000 217.333333
676.000000 207.666667
672.000000 198.666667
667.666667 190.333333
663.333333 182.000000
658.666667 174.000000
654.333333 166.000000
649.666667 158.666667
645.333333 152.000000
640.666667 146.000000
636.333333 139.666667
632.000000 133.000000
628.000000 125.666667
624.000000 118.666667
620.333333 111.333333
617.000000 104.000000
614.000000 95.666667
