609.000000 210.000000
589.666667 213.666667
570.333333 218.333333
551.000000 224.333333
532.333333 231.000000
514.000000 238.666667
496.000000 247.333333
479.000000 257.000000
462.666667 267.333333
447.666667 278.000000
433.333333 289.000000
420.333333 299.666667
408.666667 310.333333
398.000000 321.000000
388.666667 332.000000
380.666667 343.000000
374.333333 353.666667
370.000000 364.000000
367.000000 374.333333
366.333333 385.666667
367.333333 397.666667
370.333333 410.333333
374.333333 423.333333
379.666667 437.333333
386.000000 451.333333
393.333333 465.000000
401.000000 478.333333
409.000000 491.666667
417.000000 504.333333
425.333333 516.333333
434.333333 528.000000
444.000000 540.000000
453.333333 551.000000
462.000000 561.000000
469.666667 569.333333
477.000000 576.333333
484.000000 582.333333
490.666667 587.333333
497.000000 592.000000
502.666667 595.333333
507.666667 598.333333
511.666667 600.666667
515.000000 602.666667
517.666667 604.000000
520.000000 605.000000
