808.333333 160.333333
806.000000 175.333333
802.666667 191.333333
799.000000 207.666667
795.000000 224.666667
791.000000 241.666667
787.000000 258.666667
783.000000 275.333333
779.333333 292.000000
776.000000 308.333333
773.333333 324.333333
771.000000 340.000000
769.333333 355.333333
767.666667 370.000000
766.333333 384.333333
765.333333 398.333333
765.000000 411.666667
765.000000 424.000000
765.000000 436.000000
765.333333 447.333333
766.000000 457.333333
767.333333 465.666667
768.666667 472.333333
