1109.666667 332.000000
1082.333333 338.000000
1054.000000 344.333333
1024.666667 351.666667
994.666667 359.333333
964.333333 367.000000
934.000000 374.000000
903.000000 381.000000
871.666667 388.333333
840.000000 396.000000
808.000000 404.666667
775.666667 413.333333
743.000000 422.333333
710.333333 431.333333
677.333333 441.333333
644.666667 451.666667
612.333333 462.000000
580.000000 472.000000
547.000000 483.000000
514.000000 494.666667
481.333333 506.666667
450.000000 518.666667
419.333333 531.333333
390.000000 544.666667
