695.000000 195.000000
687.666667 192.000000
680.000000 189.000000
671.000000 186.000000
661.333333 183.333333
651.333333 181.000000
641.666667 179.000000
631.666667 177.000000
621.000000 175.000000
610.000000 173.333333
599.666667 172.000000
585.000000 171.000000
567.000000 170.666667
544.333333 171.333333
525.333333 173.000000
510.000000 175.000000
499.000000 177.000000
488.333333 179.666667
477.000000 183.000000
465.666667 187.000000
455.333333 191.333333
446.333333 196.666667
438.000000 203.000000
430.000000 210.666667
422.000000 218.666667
414.333333 227.666667
407.000000 237.333333
400.666667 248.000000
395.333333 259.000000
391.000000 270.000000
387.333333 281.333333
384.333333 293.333333
382.000000 305.666667
380.333333 318.000000
379.000000 330.666667
378.333333 343.666667
378.000000 356.333333
378.333333 368.333333
379.000000 380.000000
380.666667 392.000000
382.666667 403.666667
385.333333 415.666667
389.000000 428.333333
394.333333 441.666667
401.333333 455.000000
408.666667 468.666667
416.666667 482.666667
425.333333 497.000000
435.333333 511.000000
446.000000 525.666667
457.000000 540.000000
468.000000 553.666667
479.333333 566.333333
491.000000 578.666667
502.666667 591.000000
514.333333 603.000000
526.666667 614.666667
539.000000 626.000000
551.333333 637.333333
564.000000 648.666667
577.333333 659.333333
590.666667 669.000000
603.000000 677.333333
615.666667 685.333333
628.333333 692.666667
640.666667 700.000000
651.666667 706.666667
662.333333 712.666667
673.000000 718.000000
683.000000 722.333333
691.333333 725.666667
697.333333 728.000000
701.666667 729.666667
704.666667 731.000000
