922.333333 723.666667
944.000000 724.333333
965.000000 723.666667
985.666667 721.666667
1000.666667 718.666667
1015.333333 714.333333
1030.000000 708.666667
1044.333333 702.000000
1058.666667 694.333333
1072.666667 685.666667
1085.666667 675.333333
1098.333333 664.000000
1110.666667 651.333333
1122.666667 637.333333
1133.666667 622.000000
1143.666667 605.000000
1153.000000 586.666667
1162.000000 566.666667
1170.333333 545.666667
1177.333333 523.333333
1182.666667 500.666667
1186.666667 477.666667
1189.333333 455.333333
1190.333333 433.666667
1189.666667 413.333333
1187.333333 394.666667
1183.333333 378.000000
1178.000000 363.333333
1172.333333 350.666667
1166.333333 339.000000
1160.333333 328.333333
1153.666667 318.666667
1146.666667 310.333333
1138.666667 303.333333
1130.666667 297.000000
1123.333333 291.666667
1117.333333 287.000000
1112.000000 283.000000
1107.000000 279.666667
1102.666667 276.666667
1098.666667 274.666667
1095.666667 272.666667
1093.000000 271.333333
1090.666667 270.000000
