271.666667 324.333333
273.333333 340.000000
274.666667 356.000000
275.666667 372.666667
276.000000 389.666667
276.000000 407.666667
276.000000 426.000000
275.666667 444.666667
275.333333 464.000000
274.666667 483.333333
274.000000 503.333333
273.000000 523.000000
272.333333 542.666667
272.000000 562.333333
272.000000 581.666667
272.000000 601.000000
272.333333 620.000000
272.666667 638.333333
273.333333 656.000000
274.000000 673.000000
275.000000 689.333333
276.000000 704.666667
277.000000 719.000000
278.000000 733.000000
279.000000 746.000000
280.000000 758.000000
280.666667 769.000000
281.333333 779.666667
282.000000 790.000000
283.000000 799.333333
283.666667 807.666667
284.333333 814.333333
284.666667 819.666667
285.333333 824.000000
