967.666667 116.666667
987.000000 112.666667
1006.000000 110.000000
1026.000000 107.666667
1052.666667 106.333333
1080.666667 106.000000
1108.333333 107.000000
1129.666667 110.000000
1150.666667 114.000000
1172.333333 119.333333
1194.000000 125.333333
1215.333333 132.000000
1236.000000 139.666667
1255.666667 148.000000
1275.333333 157.000000
1294.000000 166.333333
1311.333333 175.666667
1326.666667 185.333333
1341.000000 195.333333
1354.333333 206.000000
1366.000000 216.666667
1376.000000 227.666667
1384.333333 239.000000
1392.000000 251.000000
1398.666667 262.666667
1404.666667 274.666667
1410.000000 287.333333
1414.666667 300.666667
1418.666667 314.333333
1421.333333 328.666667
1422.000000 343.333333
1420.666667 358.000000
1417.666667 372.333333
1413.666667 387.000000
1409.000000 401.666667
1404.000000 416.000000
1398.666667 429.666667
1393.000000 443.000000
1386.000000 455.666667
1378.000000 468.000000
1369.000000 480.000000
1359.666667 492.000000
1349.000000 504.000000
1337.000000 516.333333
1323.666667 529.000000
1309.000000 542.333333
1293.666667 555.000000
1278.000000 567.666667
1261.666667 580.000000
1244.666667 592.333333
1226.000000 604.333333
1207.333333 615.333333
1188.000000 626.333333
1168.000000 637.333333
1146.666667 648.333333
1124.000000 659.000000
1100.000000 669.000000
1075.333333 678.666667
1049.333333 687.333333
1023.666667 694.666667
997.333333 700.666667
971.666667 705.666667
945.666667 709.333333
912.333333 711.666667
867.666667 713.000000
831.666667 714.333333
812.000000 716.000000
