1412.666667 289.333333
1412.333333 303.000000
1412.000000 316.666667
1412.000000 330.000000
1411.333333 344.000000
1410.333333 357.333333
1409.000000 370.000000
1408.000000 382.333333
1407.000000 395.000000
1406.000000 407.000000
1405.000000 419.000000
1404.000000 431.000000
1403.333333 443.333333
1402.666667 454.666667
1402.000000 465.333333
1401.000000 476.333333
1400.333333 487.666667
1399.666667 499.000000
1399.333333 509.333333
1399.000000 519.333333
1399.333333 529.000000
1399.666667 539.000000
1400.333333 548.666667
1401.333333 557.333333
1402.666667 564.666667
1404.333333 570.666667
1406.000000 575.666667
1408.000000 580.000000
1410.000000 583.666667
1412.000000 587.000000
1414.333333 590.000000
1416.666667 593.000000
1419.000000 596.000000
1420.666667 599.000000
1422.333333 601.666667
1423.666667 604.000000
1424.666667 606.000000
1425.333333 607.666667
1426.000000 609.000000
1426.666667 610.000000
