650.666667 140.000000
643.666667 139.000000
637.000000 138.000000
631.000000 136.666667
625.333333 135.333333
619.666667 133.666667
614.333333 132.333333
609.000000 131.000000
604.000000 130.000000
599.666667 129.000000
596.000000 128.000000
592.666667 127.000000
588.666667 126.000000
585.000000 125.000000
579.333333 124.666667
575.000000 125.000000
570.666667 126.000000
569.333333 127.000000
567.666667 128.000000
566.333333 129.000000
564.666667 130.333333
562.666667 131.666667
559.666667 133.333333
556.000000 135.000000
552.000000 137.000000
548.000000 139.333333
544.000000 141.666667
540.000000 144.666667
535.666667 148.333333
529.333333 155.666667
522.000000 164.000000
513.666667 173.000000
506.333333 180.000000
499.000000 187.666667
492.333333 195.666667
485.666667 204.333333
479.333333 213.000000
472.666667 222.333333
466.000000 232.666667
459.333333 244.333333
453.333333 257.333333
448.333333 271.000000
444.000000 285.666667
440.333333 300.333333
436.666667 316.000000
433.333333 331.333333
430.000000 347.000000
427.000000 361.333333
424.000000 375.000000
421.000000 387.666667
418.000000 400.000000
415.333333 411.666667
413.000000 423.000000
411.666667 434.000000
411.000000 444.666667
411.333333 454.666667
412.666667 463.666667
415.000000 472.000000
418.000000 480.000000
421.000000 487.666667
424.333333 495.000000
428.000000 502.000000
432.666667 508.666667
439.000000 515.000000
446.666667 521.000000
455.000000 526.666667
463.000000 532.333333
472.000000 538.333333
482.333333 545.000000
493.333333 552.333333
504.333333 559.666667
516.333333 567.333333
529.333333 575.000000
542.666667 583.000000
555.666667 591.333333
569.333333 599.666667
583.333333 608.000000
596.666667 615.333333
609.333333 622.333333
622.000000 628.666667
634.666667 634.666667
646.000000 639.333333
655.333333 643.000000
662.333333 645.666667
667.666667 648.000000
671.333333 649.666667
674.000000 650.000000
675.333333 649.333333
676.000000 647.666667
675.666667 645.333333
