889.666667 159.000000
890.333333 168.666667
890.666667 178.333333
891.000000 188.666667
891.000000 200.000000
891.333333 211.666667
891.666667 223.666667
891.666667 236.333333
891.333333 250.000000
890.666667 264.333333
890.000000 279.666667
888.666667 295.333333
887.000000 311.666667
885.000000 328.333333
883.000000 345.333333
881.666667 362.333333
880.666667 379.000000
880.000000 396.000000
879.333333 412.666667
879.333333 429.333333
879.666667 445.333333
880.666667 460.666667
881.666667 475.000000
883.000000 489.000000
883.666667 502.000000
884.333333 514.000000
885.000000 524.333333
885.666667 534.000000
886.000000 542.666667
886.000000 550.666667
886.333333 557.333333
886.333333 562.666667
886.333333 566.333333
886.000000 569.000000
886.000000 570.666667
886.000000 572.000000
886.000000 573.000000
