939.000000 185.666667
949.333333 183.000000
961.000000 180.000000
973.666667 177.333333
986.000000 174.666667
999.000000 172.333333
1012.666667 170.000000
1026.666667 168.000000
1041.000000 166.000000
1055.666667 164.000000
1076.000000 162.333333
1107.666667 162.000000
1140.000000 162.666667
1167.666667 164.666667
1185.333333 166.666667
1202.666667 169.333333
1220.333333 172.333333
1237.333333 176.000000
1254.333333 180.000000
1270.666667 184.000000
1286.333333 188.666667
1301.333333 194.333333
1315.333333 201.333333
1327.666667 209.000000
1338.666667 217.333333
1349.333333 226.666667
1359.666667 237.000000
1369.333333 248.000000
1377.666667 259.000000
1384.666667 270.000000
1390.666667 281.666667
1395.666667 294.000000
1400.000000 306.333333
1403.666667 318.666667
1407.000000 331.000000
1409.666667 344.000000
1411.666667 356.666667
1412.333333 368.666667
1411.666667 380.666667
1410.000000 393.000000
1407.666667 405.666667
1404.666667 418.000000
1400.666667 430.666667
1395.666667 443.666667
1389.333333 457.000000
1381.333333 470.333333
1372.000000 484.000000
1361.000000 498.000000
1348.666667 512.000000
1335.000000 526.000000
1320.333333 540.333333
1304.666667 554.333333
1288.333333 568.000000
1270.666667 581.000000
1252.333333 593.666667
1232.666667 605.666667
1212.666667 617.000000
1191.333333 628.000000
1169.666667 638.666667
1147.000000 649.333333
1124.000000 659.333333
1099.666667 668.666667
1075.333333 677.000000
1050.333333 685.000000
1025.666667 692.333333
1000.333333 699.000000
976.000000 705.000000
952.000000 710.666667
929.333333 716.000000
908.333333 720.333333
890.666667 724.000000
877.333333 726.666667
867.666667 729.000000
861.000000 730.666667
856.666667 732.000000
854.000000 732.000000
853.000000 730.333333
