794.000000 202.333333
820.666667 204.333333
847.666667 207.000000
875.333333 210.000000
903.333333 213.333333
931.666667 217.000000
960.333333 221.333333
988.666667 225.666667
1017.000000 230.000000
1045.000000 234.000000
1073.000000 238.000000
1101.000000 242.333333
1128.666667 247.000000
1156.000000 252.333333
1182.666667 258.000000
1209.000000 264.333333
1234.333333 270.666667
1259.333333 276.666667
1283.000000 282.000000
1306.000000 287.333333
1328.000000 293.000000
1349.666667 299.000000
1371.000000 305.000000
1391.000000 311.333333
1410.000000 317.666667
1428.000000 323.666667
1445.000000 329.000000
1460.666667 334.000000
1475.000000 339.000000
1489.000000 344.000000
1504.333333 350.333333
1517.333333 356.333333
1527.333333 362.000000
1533.000000 365.666667
1538.000000 369.000000
1542.666667 371.666667
1547.333333 374.000000
1551.666667 376.000000
1556.000000 378.000000
1560.000000 379.666667
1565.000000 381.000000
