1153.333333 235.333333
1172.333333 237.666667
1191.000000 241.333333
1209.333333 246.333333
1227.000000 252.666667
1244.000000 260.000000
1260.666667 268.000000
1276.333333 276.000000
1291.666667 284.666667
1306.000000 293.666667
1319.666667 303.666667
1332.000000 314.000000
1344.333333 325.333333
1356.333333 337.333333
1367.666667 349.666667
1377.333333 362.000000
1386.000000 374.333333
1393.666667 386.666667
1401.000000 399.000000
1408.000000 411.000000
1414.000000 423.000000
1419.000000 435.333333
1422.333333 447.666667
1424.333333 459.333333
1424.666667 470.000000
1423.666667 480.333333
1421.333333 491.000000
1417.666667 501.666667
1413.000000 512.000000
1407.666667 522.000000
1402.000000 532.000000
1395.333333 542.333333
1387.666667 552.666667
1378.333333 563.333333
1368.000000 574.000000
1355.666667 585.666667
1342.000000 597.333333
1326.333333 609.333333
1309.333333 620.333333
1291.333333 631.666667
1271.666667 642.666667
1251.333333 653.666667
1228.666667 663.666667
1205.333333 673.000000
1180.666667 681.666667
1155.666667 689.666667
1130.000000 696.666667
1103.333333 702.333333
1076.666667 707.000000
1050.000000 710.333333
1025.000000 712.666667
989.333333 713.000000
958.000000 712.000000
931.000000 710.000000
