1074.333333 589.333333
1062.666667 583.000000
1050.000000 575.666667
1037.666667 568.000000
1025.666667 560.000000
1013.333333 552.333333
1000.666667 545.333333
988.333333 538.666667
976.333333 532.000000
964.000000 525.333333
951.333333 519.000000
939.666667 513.000000
929.000000 507.333333
918.333333 502.000000
907.000000 497.000000
895.666667 492.333333
885.333333 488.000000
876.000000 483.666667
866.333333 479.000000
856.333333 474.000000
846.333333 469.333333
837.333333 465.000000
829.333333 461.333333
822.000000 457.666667
815.000000 454.333333
808.333333 451.000000
802.000000 448.333333
796.333333 446.000000
791.000000 444.000000
786.333333 442.333333
782.333333 441.000000
779.333333 440.000000
776.666667 439.000000
