660.000000 157.333333
651.000000 155.666667
642.000000 154.333333
633.000000 153.000000
617.000000 152.666667
600.666667 153.000000
583.333333 154.333333
572.000000 156.000000
560.333333 158.666667
549.000000 161.666667
537.666667 165.666667
525.666667 170.000000
513.666667 175.333333
501.666667 181.000000
490.000000 187.000000
477.666667 194.000000
465.666667 202.000000
453.666667 211.000000
442.333333 220.000000
430.666667 230.000000
419.333333 241.333333
408.333333 253.666667
398.333333 266.666667
389.333333 280.666667
380.666667 295.666667
372.666667 311.333333
364.666667 327.666667
357.666667 344.000000
351.333333 360.666667
346.333333 377.000000
342.000000 393.666667
338.333333 410.000000
335.666667 426.000000
333.666667 441.666667
332.666667 456.333333
332.000000 470.333333
332.333333 484.000000
333.333333 497.333333
335.333333 510.666667
338.666667 524.000000
344.000000 538.333333
351.000000 553.000000
359.333333 568.333333
368.000000 583.666667
378.333333 599.333333
389.666667 614.666667
402.000000 629.666667
414.333333 643.666667
427.333333 656.666667
440.666667 669.000000
454.000000 681.333333
467.666667 693.333333
481.333333 705.000000
494.333333 715.666667
506.666667 726.333333
519.000000 737.000000
532.000000 747.333333
544.333333 757.000000
555.666667 765.333333
565.666667 772.666667
575.333333 779.000000
585.000000 784.333333
594.333333 789.000000
603.000000 793.000000
610.333333 796.666667
618.666667 801.000000
625.666667 804.666667
631.666667 808.000000
634.666667 809.666667
636.666667 811.000000
638.333333 812.000000
