1053.666667 124.000000
1082.333333 123.666667
1110.333333 124.333333
1138.333333 126.000000
1158.666667 128.666667
1179.666667 131.666667
1200.000000 135.333333
1220.333333 139.666667
1239.666667 145.000000
1258.666667 151.666667
1277.000000 159.333333
1294.666667 168.000000
1311.000000 177.666667
1326.000000 188.000000
1340.333333 199.666667
1354.000000 211.333333
1367.000000 223.666667
1378.666667 236.333333
1389.333333 249.666667
1399.333333 262.666667
1408.666667 275.333333
1417.333333 287.666667
1424.333333 300.333333
1429.333333 312.666667
1433.000000 325.000000
1435.000000 337.666667
1436.000000 350.666667
1435.333333 363.666667
1433.333333 376.333333
1429.666667 389.000000
1424.666667 401.666667
1419.000000 414.000000
1412.666667 426.333333
1405.666667 439.333333
1398.000000 452.000000
1389.000000 464.333333
1379.333333 476.000000
1368.666667 488.333333
1358.000000 500.333333
1346.000000 512.000000
1333.666667 523.000000
1320.333333 534.000000
1306.333333 545.333333
1291.000000 556.000000
1274.666667 566.666667
1257.333333 576.666667
1239.333333 587.000000
1220.000000 597.333333
1200.333333 607.333333
1179.000000 617.000000
1157.666667 626.000000
1135.333333 634.666667
1113.333333 643.333333
1090.333333 651.666667
1067.666667 659.666667
1043.666667 666.666667
1019.333333 673.000000
993.666667 679.000000
968.666667 684.333333
943.666667 689.000000
919.666667 692.666667
895.666667 696.000000
873.333333 699.333333
854.000000 702.333333
839.000000 704.666667
828.333333 706.000000
820.666667 707.333333
815.333333 708.666667
