1109.333333 388.666667
1096.333333 391.000000
1082.666667 392.666667
1068.333333 394.333333
1053.000000 395.666667
1036.333333 397.000000
1019.000000 398.000000
995.000000 399.000000
955.000000 399.333333
910.000000 398.666667
872.000000 397.333333
851.666667 396.000000
838.000000 394.666667
824.666667 393.000000
811.333333 391.000000
799.000000 388.333333
788.333333 385.333333
779.333333 381.333333
771.333333 376.333333
764.000000 370.000000
757.000000 363.000000
750.333333 355.333333
744.666667 346.666667
740.333333 336.333333
738.000000 325.333333
737.333333 313.333333
739.000000 300.666667
742.333333 287.000000
747.333333 273.000000
753.000000 258.333333
759.666667 243.333333
767.666667 228.666667
777.333333 214.666667
787.333333 201.000000
797.000000 187.666667
805.666667 175.666667
814.333333 165.333333
823.000000 156.666667
831.666667 149.333333
839.666667 143.333333
846.333333 138.333333
851.666667 134.666667
856.000000 131.666667
859.666667 129.666667
862.666667 127.666667
865.666667 126.333333
