308.333333 529.666667
325.333333 531.333333
343.000000 533.000000
361.666667 534.666667
380.666667 536.000000
400.333333 537.000000
434.333333 537.333333
476.666667 537.000000
527.666667 536.000000
565.333333 535.000000
596.333333 534.000000
628.000000 533.000000
660.000000 532.000000
692.333333 531.000000
716.666667 530.000000
741.000000 528.666667
765.000000 527.333333
789.333333 526.000000
813.333333 525.000000
837.000000 524.000000
859.666667 523.000000
882.333333 522.000000
904.000000 521.000000
925.333333 520.000000
945.666667 519.000000
972.333333 518.000000
1003.333333 517.000000
1072.000000 516.000000
1137.666667 515.000000
1197.000000 514.000000
1214.333333 513.000000
1225.000000 512.000000
1232.333333 511.000000
1239.666667 510.000000
1245.333333 509.000000
1251.000000 508.000000
1256.000000 507.000000
1260.333333 506.000000
1263.666667 505.000000
1265.666667 504.000000
