860.333333 214.000000
862.000000 224.666667
863.000000 236.333333
863.666667 249.000000
864.000000 261.666667
864.000000 274.666667
864.000000 288.333333
863.666667 302.333333
863.000000 316.666667
862.000000 331.333333
861.333333 346.333333
860.666667 360.333333
860.000000 374.000000
859.000000 388.000000
858.000000 402.000000
857.000000 416.000000
856.000000 430.000000
854.666667 444.333333
853.000000 457.666667
850.666667 470.666667
848.333333 483.333333
846.000000 496.333333
844.333333 507.666667
842.666667 518.666667
841.333333 529.000000
840.000000 539.666667
839.000000 549.666667
838.333333 558.666667
837.666667 566.666667
837.333333 573.666667
836.666667 580.333333
836.000000 587.000000
835.000000 594.000000
834.000000 600.666667
833.000000 607.000000
832.333333 612.666667
831.666667 618.000000
831.333333 622.333333
830.666667 626.666667
830.333333 631.000000
829.666667 636.000000
829.333333 640.666667
829.000000 645.000000
828.666667 649.000000
828.333333 653.000000
828.000000 656.333333
828.000000 659.000000
828.000000 661.000000
828.000000 662.666667
828.000000 664.000000
830.000000 662.000000
832.666667 657.666667
