345.000000 244.666667
346.000000 257.333333
346.666667 270.333333
347.000000 284.000000
347.000000 298.000000
347.000000 312.000000
346.333333 327.000000
345.333333 342.333333
344.000000 357.666667
342.666667 372.666667
341.000000 388.000000
339.000000 403.666667
337.000000 419.666667
335.000000 435.666667
332.666667 451.666667
330.333333 467.000000
327.666667 482.333333
325.333333 497.333333
323.000000 512.000000
320.666667 526.333333
318.000000 540.666667
315.333333 554.333333
312.666667 567.000000
310.333333 579.333333
308.333333 591.333333
307.000000 602.333333
306.000000 612.000000
305.000000 620.666667
304.333333 628.666667
304.000000 636.000000
304.333333 643.000000
304.666667 649.333333
305.333333 654.666667
306.000000 658.666667
307.000000 662.000000
307.666667 664.666667
308.333333 666.666667
308.666667 668.000000
