669.000000 302.333333
669.000000 311.333333
669.000000 320.333333
669.000000 329.000000
669.000000 338.666667
669.333333 349.000000
669.666667 359.666667
670.000000 369.666667
670.333333 380.000000
670.666667 391.333333
671.000000 403.666667
671.333333 416.333333
671.666667 430.000000
672.000000 444.000000
672.000000 458.666667
672.000000 473.666667
672.333333 489.666667
673.000000 506.000000
674.000000 522.333333
675.000000 538.666667
676.333333 554.666667
678.000000 570.333333
680.000000 585.666667
682.000000 600.666667
684.333333 615.000000
687.000000 629.000000
690.000000 642.333333
693.000000 654.333333
696.000000 665.000000
698.666667 674.666667
701.000000 684.000000
702.666667 692.333333
704.000000 699.666667
705.000000 705.666667
706.000000 710.333333
706.666667 714.000000
707.000000 716.333333
707.000000 718.000000
707.333333 719.000000
707.666667 720.000000
