545.000000 458.666667
567.666667 455.333333
592.000000 452.000000
616.666667 449.333333
642.333333 446.666667
668.000000 444.333333
694.000000 441.666667
721.000000 439.333333
749.333333 436.666667
778.666667 433.666667
808.666667 430.000000
838.666667 425.666667
869.333333 421.000000
900.000000 416.333333
930.666667 412.000000
961.333333 407.666667
991.333333 403.666667
1020.666667 399.666667
1048.666667 396.666667
1076.000000 393.666667
1102.666667 391.333333
1128.666667 389.000000
1153.000000 387.333333
1176.000000 386.000000
1197.000000 385.000000
1216.333333 384.000000
1233.333333 383.000000
1252.333333 382.000000
1274.666667 381.000000
