1057.333333 170.333333
1076.666667 176.000000
1095.666667 182.000000
1114.666667 188.333333
1133.666667 195.333333
1152.000000 203.000000
1170.000000 211.000000
1187.333333 219.333333
1204.000000 228.000000
1220.000000 238.000000
1235.333333 249.000000
1250.666667 260.666667
1265.000000 272.333333
1277.666667 284.000000
1289.000000 296.333333
1300.000000 308.666667
1310.666667 320.666667
1320.333333 332.000000
1328.333333 343.333333
1334.666667 354.666667
1339.333333 366.000000
1343.000000 377.000000
1345.333333 388.333333
1346.666667 400.000000
1347.000000 411.666667
1346.666667 423.666667
1345.333333 436.000000
1343.333333 448.666667
1340.333333 460.666667
1336.333333 472.666667
1330.666667 485.000000
1324.000000 498.000000
1316.666667 511.000000
1308.333333 525.000000
1298.333333 539.333333
1287.000000 554.000000
1274.666667 569.000000
1261.333333 584.333333
1247.333333 599.000000
1233.000000 612.333333
1218.666667 625.000000
1203.666667 637.666667
1188.666667 649.333333
1173.000000 660.333333
1157.000000 670.666667
1139.666667 681.333333
1121.333333 692.333333
1102.333333 703.666667
1082.000000 715.000000
1061.666667 725.666667
1040.333333 736.333333
1019.333333 746.333333
997.333333 755.666667
975.333333 763.333333
953.666667 769.666667
932.333333 774.666667
912.333333 778.333333
894.000000 781.000000
879.333333 783.000000
868.333333 784.666667
858.333333 786.000000
851.000000 787.000000
844.333333 788.000000
841.000000 789.000000
