840.333333 705.000000
854.333333 707.000000
868.666667 708.666667
882.666667 709.333333
896.666667 709.000000
911.000000 707.666667
925.000000 705.666667
938.666667 703.000000
952.333333 699.333333
966.333333 695.333333
980.000000 690.333333
994.000000 684.666667
1008.333333 677.333333
1023.000000 669.000000
1037.333333 660.000000
1052.333333 650.333333
1067.333333 639.666667
1081.666667 627.666667
1096.000000 615.000000
1110.000000 601.666667
1124.000000 587.666667
1136.666667 573.333333
1149.666667 558.666667
1162.000000 543.666667
1173.666667 528.333333
1184.000000 512.666667
1193.666667 497.000000
1203.333333 481.666667
1213.000000 466.666667
1222.000000 452.333333
1230.000000 438.000000
1236.333333 424.333333
1242.000000 411.333333
1246.333333 399.333333
1250.000000 388.333333
1252.666667 378.000000
1254.666667 368.666667
1256.000000 360.666667
1256.666667 354.333333
1257.000000 349.000000
1256.666667 344.333333
1256.333333 340.000000
1255.666667 336.000000
1255.000000 332.333333
1254.000000 329.000000
1253.000000 326.000000
1252.000000 323.333333
1251.000000 321.000000
1250.333333 319.333333
1249.666667 318.000000
1249.000000 317.000000
