520.666667 162.666667
506.333333 167.000000
492.666667 171.666667
479.000000 177.333333
465.666667 182.666667
453.333333 188.333333
441.333333 194.666667
429.333333 201.666667
417.666667 209.000000
407.000000 216.333333
397.333333 223.666667
388.000000 231.333333
378.666667 239.333333
369.333333 248.000000
360.333333 257.333333
352.666667 266.666667
345.666667 276.333333
339.666667 286.000000
334.000000 296.333333
329.666667 307.000000
326.000000 317.666667
323.000000 328.666667
320.333333 340.000000
318.333333 352.000000
317.333333 363.333333
317.333333 374.333333
318.333333 385.000000
319.666667 396.333333
321.666667 407.333333
323.666667 419.000000
326.333333 431.000000
329.333333 444.000000
332.666667 457.000000
337.000000 470.000000
342.666667 483.333333
350.000000 496.666667
358.000000 510.333333
366.333333 524.333333
375.666667 538.333333
386.333333 552.666667
398.000000 566.333333
411.000000 580.000000
425.000000 593.333333
440.000000 606.333333
455.666667 618.666667
472.333333 630.333333
489.666667 641.666667
507.666667 652.333333
526.000000 662.000000
544.666667 670.666667
563.000000 679.000000
580.666667 686.666667
598.666667 694.333333
616.333333 702.000000
633.666667 709.333333
650.000000 716.333333
665.333333 722.666667
678.666667 728.666667
689.333333 733.666667
697.333333 737.666667
703.333333 740.666667
708.000000 742.666667
