592.666667 526.666667
608.000000 525.000000
623.666667 523.000000
639.333333 521.000000
655.000000 519.000000
670.666667 516.666667
686.666667 514.000000
702.666667 511.000000
718.666667 508.333333
734.666667 505.666667
751.333333 503.000000
768.333333 500.000000
786.666667 497.000000
805.333333 494.000000
824.666667 491.000000
844.666667 488.000000
864.333333 485.000000
885.000000 481.666667
905.333333 478.333333
925.666667 474.666667
945.333333 471.000000
964.333333 467.000000
983.666667 463.000000
1002.000000 459.000000
1019.333333 455.000000
1035.000000 451.333333
1050.333333 448.000000
1065.000000 445.333333
1078.333333 443.000000
1089.666667 441.000000
1100.000000 439.000000
1110.000000 437.333333
1119.333333 436.000000
1127.333333 435.000000
1133.666667 434.000000
1140.000000 433.000000
