292.333333 267.000000
296.333333 276.333333
301.333333 285.666667
307.333333 295.666667
313.666667 305.666667
320.333333 316.000000
327.333333 326.333333
335.666667 337.666667
345.000000 349.333333
355.000000 361.000000
365.000000 372.333333
376.000000 384.333333
387.666667 396.666667
399.666667 408.666667
411.333333 421.000000
423.000000 433.666667
435.000000 446.666667
446.666667 458.666667
458.000000 470.333333
468.666667 481.333333
479.333333 492.333333
490.000000 502.666667
500.333333 512.666667
509.666667 522.000000
518.000000 531.000000
526.333333 540.333333
535.000000 549.666667
543.666667 558.333333
551.333333 565.666667
557.666667 571.666667
562.666667 576.333333
566.333333 579.666667
569.000000 582.000000
570.666667 583.666667
572.000000 585.000000
