695.333333 163.666667
695.000000 173.000000
695.000000 182.333333
695.000000 192.333333
694.666667 203.000000
694.000000 213.666667
693.000000 224.000000
691.666667 234.666667
690.000000 245.666667
688.000000 257.333333
686.333333 268.333333
684.666667 279.666667
683.333333 291.333333
682.333333 303.666667
681.666667 315.666667
681.000000 328.000000
680.333333 340.666667
680.000000 354.000000
680.000000 366.666667
680.000000 379.666667
680.000000 393.000000
680.333333 406.333333
680.666667 419.333333
681.000000 432.666667
681.000000 446.333333
681.000000 459.666667
681.333333 472.333333
681.666667 485.333333
682.000000 498.333333
682.000000 511.000000
682.000000 523.333333
681.666667 535.666667
681.666667 548.000000
681.666667 559.666667
682.000000 571.000000
682.000000 582.000000
682.333333 592.666667
682.666667 603.000000
683.333333 612.333333
683.666667 620.666667
684.333333 628.333333
684.666667 635.333333
685.000000 642.333333
685.333333 648.666667
685.666667 654.666667
686.000000 660.000000
686.000000 664.666667
686.333333 668.666667
687.000000 671.666667
687.666667 674.000000
688.333333 675.666667
688.666667 677.000000
689.000000 678.000000
689.333333 679.000000
689.000000 679.000000
688.000000 678.000000
686.000000 676.000000
684.000000 673.666667
