941.000000 478.000000
925.666667 479.000000
904.666667 480.000000
883.000000 481.000000
861.333333 482.000000
844.666667 483.000000
827.666667 484.333333
810.000000 485.666667
791.666667 487.000000
773.333333 488.000000
755.000000 489.333333
736.333333 490.666667
717.333333 492.000000
697.333333 493.000000
677.666667 494.000000
658.000000 495.000000
638.333333 496.000000
618.666667 497.000000
598.333333 498.000000
578.666667 499.000000
558.666667 500.000000
539.000000 501.333333
519.333333 503.000000
499.333333 505.000000
479.666667 507.333333
459.333333 509.666667
439.333333 512.333333
419.666667 515.000000
400.000000 518.000000
380.666667 521.000000
360.666667 524.000000
341.333333 526.666667
322.333333 529.000000
303.333333 531.333333
284.666667 533.666667
266.333333 536.000000
249.000000 538.333333
232.666667 541.000000
217.000000 544.000000
201.333333 547.333333
185.666667 550.666667
170.333333 554.000000
156.000000 556.666667
142.333333 559.333333
129.333333 561.666667
118.000000 563.666667
108.000000 565.333333
97.000000 566.666667
80.333333 568.000000
