714.333333 628.000000
731.666667 625.666667
749.000000 623.000000
767.333333 619.666667
786.333333 616.000000
805.666667 611.666667
825.000000 607.333333
844.333333 603.000000
863.333333 599.333333
882.333333 596.000000
900.666667 593.000000
919.000000 590.333333
937.000000 587.666667
955.000000 585.000000
972.666667 582.000000
990.666667 579.000000
1008.666667 575.333333
1027.000000 571.333333
1045.333333 567.000000
1063.000000 563.333333
1080.333333 560.333333
1096.666667 558.000000
1112.333333 556.333333
1127.000000 555.000000
1153.000000 554.666667
