401.333333 183.333333
390.000000 188.000000
379.000000 193.333333
368.666667 199.000000
359.000000 205.666667
350.666667 213.000000
343.000000 221.000000
336.333333 229.333333
330.000000 238.333333
324.333333 248.333333
319.666667 258.666667
315.666667 269.666667
312.000000 281.333333
308.666667 293.666667
306.333333 306.333333
305.666667 318.666667
306.000000 331.666667
307.333333 344.666667
309.333333 357.333333
312.333333 369.666667
316.000000 382.333333
320.000000 395.333333
324.333333 408.333333
328.666667 421.000000
333.333333 434.333333
338.333333 447.333333
345.000000 460.000000
352.666667 472.333333
361.000000 484.666667
369.333333 496.666667
378.666667 507.666667
389.000000 517.666667
399.666667 527.000000
409.666667 535.666667
419.333333 543.666667
429.666667 551.666667
441.000000 559.333333
452.666667 567.000000
464.000000 574.333333
476.000000 582.333333
488.333333 591.333333
501.000000 601.000000
514.000000 611.333333
527.666667 622.666667
541.666667 635.000000
555.333333 647.666667
569.666667 660.000000
584.333333 672.333333
599.000000 684.666667
613.666667 696.666667
628.666667 707.666667
643.666667 717.666667
658.666667 726.666667
672.666667 734.333333
685.333333 740.000000
695.000000 744.000000
702.333333 746.333333
