421.000000 226.000000
411.000000 236.333333
402.000000 248.000000
394.000000 259.666667
387.333333 271.666667
381.000000 284.000000
375.666667 296.666667
371.000000 309.666667
367.333333 323.000000
364.666667 337.000000
363.000000 350.666667
362.333333 364.000000
362.333333 377.333333
363.666667 391.000000
366.000000 404.333333
369.000000 418.333333
372.333333 432.666667
376.000000 447.333333
380.666667 462.333333
386.000000 478.000000
393.000000 494.666667
400.666667 512.000000
409.000000 529.333333
417.333333 547.666667
426.333333 565.666667
436.000000 584.000000
446.333333 602.000000
456.666667 620.000000
467.333333 638.000000
478.666667 656.000000
490.666667 673.666667
503.000000 691.000000
515.333333 707.666667
528.333333 723.666667
542.000000 739.000000
556.333333 753.333333
570.666667 766.666667
584.666667 778.333333
598.000000 788.666667
610.666667 798.000000
622.000000 806.000000
631.333333 812.666667
638.666667 817.666667
644.333333 821.666667
648.666667 825.333333
