384.000000 314.000000
387.000000 308.333333
390.333333 302.666667
394.000000 297.000000
398.333333 290.666667
403.333333 283.666667
409.000000 276.000000
415.000000 268.000000
421.333333 260.000000
428.000000 252.333333
435.666667 244.333333
444.333333 236.666667
454.333333 229.333333
465.333333 223.333333
477.666667 218.000000
491.000000 214.000000
506.000000 211.000000
522.000000 209.333333
546.000000 208.666667
571.000000 209.333333
597.333333 211.333333
617.666667 213.333333
637.666667 215.333333
657.333333 216.666667
694.000000 218.000000
729.666667 219.000000
764.000000 220.333333
779.333333 222.000000
794.000000 224.333333
807.666667 226.666667
820.666667 229.333333
832.666667 231.666667
843.000000 233.666667
851.666667 235.000000
858.666667 236.000000
864.666667 237.000000
870.000000 238.000000
