650.333333 293.000000
660.000000 295.000000
671.000000 296.666667
682.333333 298.333333
694.333333 300.000000
706.000000 301.666667
718.666667 303.000000
731.333333 304.000000
744.333333 305.000000
772.666667 305.333333
802.333333 305.000000
832.333333 304.000000
847.666667 303.000000
863.000000 302.000000
878.666667 301.000000
895.000000 299.666667
911.666667 298.333333
929.000000 297.000000
947.000000 295.666667
965.000000 294.333333
983.666667 292.666667
1002.000000 291.333333
1021.333333 289.666667
1041.333333 288.333333
1061.666667 286.666667
1082.666667 285.000000
1103.666667 283.333333
1125.333333 281.666667
1146.333333 280.000000
1167.000000 277.666667
1186.666667 275.333333
1205.666667 272.333333
1223.666667 269.333333
1241.333333 266.000000
1258.000000 263.000000
1273.666667 260.333333
1288.000000 258.000000
1301.666667 256.000000
1314.000000 254.000000
1324.666667 252.000000
1333.666667 250.333333
1341.333333 249.000000
1348.000000 248.000000
1354.000000 247.000000
1359.666667 246.000000
1365.666667 245.000000
1370.000000 244.666667
