991.333333 261.000000
973.666667 264.666667
955.333333 270.333333
937.000000 278.000000
919.333333 287.333333
902.666667 298.666667
887.000000 311.333333
872.000000 326.000000
858.000000 341.666667
846.000000 357.333333
837.000000 372.666667
830.666667 387.333333
826.666667 401.000000
825.333333 412.666667
827.333333 421.666667
833.666667 428.666667
845.000000 433.333333
861.000000 435.333333
881.000000 434.000000
904.000000 428.333333
929.666667 419.666667
957.333333 408.000000
986.000000 394.666667
1014.666667 380.333333
1042.000000 365.666667
1067.000000 351.666667
1089.000000 338.666667
1107.333333 328.000000
1121.666667 319.666667
1131.666667 314.000000
1136.333333 313.000000
1134.333333 317.333333
1124.666667 327.333333
1109.666667 340.000000
1090.333333 355.000000
1068.333333 371.666667
1043.333333 390.666667
1016.333333 411.000000
988.333333 432.666667
959.333333 455.000000
931.000000 477.666667
903.000000 500.333333
877.333333 522.333333
854.666667 542.666667
836.333333 559.666667
822.333333 573.333333
812.000000 584.000000
805.333333 592.000000
801.666667 597.000000
805.000000 599.000000
814.333333 597.666667
831.333333 592.666667
851.666667 584.333333
875.666667 573.666667
902.666667 561.000000
932.000000 546.333333
964.333333 529.333333
998.333333 510.333333
1034.333333 490.000000
1070.666667 468.333333
1106.666667 446.333333
1141.666667 424.333333
1175.000000 403.333333
1206.333333 384.000000
