889.666667 162.000000
885.333333 167.333333
881.333333 172.666667
877.666667 178.000000
874.000000 183.000000
869.666667 188.333333
864.666667 194.333333
858.666667 201.333333
852.000000 209.000000
845.333333 216.666667
838.666667 224.000000
832.000000 230.666667
825.000000 237.666667
817.666667 244.666667
810.000000 252.333333
802.000000 259.333333
794.333333 266.333333
787.000000 272.666667
779.333333 278.666667
771.000000 284.000000
762.000000 289.000000
753.333333 293.666667
745.666667 297.666667
739.000000 301.000000
733.333333 303.666667
728.333333 306.000000
