1505.000000 324.000000
1490.000000 327.666667
1473.333333 331.333333
1455.333333 334.666667
1435.333333 338.000000
1414.000000 341.000000
1391.000000 344.000000
1367.333333 347.000000
1342.000000 349.666667
1316.333333 352.333333
1289.000000 354.666667
1260.666667 357.333333
1231.000000 360.000000
1200.333333 363.000000
1168.666667 365.666667
1136.000000 368.333333
1102.333333 371.000000
1067.333333 374.000000
1031.000000 377.333333
994.000000 380.666667
957.333333 383.666667
920.666667 386.333333
884.000000 389.000000
847.333333 392.333333
811.666667 395.666667
777.000000 399.333333
743.333333 403.333333
710.333333 407.666667
678.333333 412.000000
647.333333 416.000000
617.333333 420.000000
588.333333 423.666667
560.000000 427.000000
532.333333 429.333333
