1076.333333 418.000000
1062.666667 419.000000
1048.333333 420.000000
1033.333333 421.333333
1017.333333 422.666667
1000.333333 424.333333
983.333333 426.000000
966.333333 428.333333
949.333333 430.666667
931.333333 433.333333
913.666667 436.000000
895.666667 439.000000
877.333333 442.000000
858.333333 445.333333
838.333333 449.000000
819.000000 452.666667
799.000000 456.333333
779.666667 459.666667
760.333333 463.000000
740.666667 466.000000
721.666667 469.000000
702.000000 472.000000
683.333333 474.666667
664.666667 477.000000
646.333333 479.000000
628.333333 480.666667
611.000000 482.000000
589.000000 483.000000
568.333333 484.000000
543.666667 485.000000
522.000000 486.000000
500.666667 487.000000
479.666667 488.000000
463.000000 489.000000
446.000000 490.000000
433.333333 491.000000
420.333333 492.000000
404.333333 493.000000
388.333333 494.000000
358.666667 494.333333
327.666667 494.666667
297.000000 494.333333
273.000000 494.000000
257.333333 493.000000
