223.666667 298.666667
230.000000 308.333333
236.333333 318.000000
243.333333 327.000000
251.000000 336.333333
259.000000 346.000000
267.000000 356.000000
275.000000 365.666667
283.666667 375.333333
293.333333 386.000000
303.666667 397.333333
314.000000 410.000000
324.000000 423.000000
334.333333 436.666667
345.000000 450.000000
355.666667 462.666667
365.666667 475.333333
375.333333 487.666667
385.000000 499.666667
395.000000 510.666667
404.666667 520.666667
414.333333 530.333333
423.666667 540.333333
433.333333 550.666667
443.000000 560.666667
452.666667 570.000000
462.000000 579.333333
470.666667 589.000000
479.333333 598.666667
488.000000 607.666667
496.333333 615.666667
504.000000 622.333333
510.666667 628.000000
516.666667 632.666667
521.666667 637.000000
526.000000 640.666667
529.666667 643.666667
532.666667 646.000000
534.666667 647.666667
536.333333 649.000000
