178.000000 596.666667
182.000000 609.666667
186.333333 622.000000
192.000000 634.000000
199.333333 645.666667
208.000000 656.666667
217.333333 666.666667
227.666667 676.333333
239.333333 685.666667
252.000000 694.666667
265.000000 703.000000
279.333333 710.333333
294.666667 717.000000
312.000000 722.333333
329.333333 727.000000
347.666667 730.666667
366.666667 734.000000
387.000000 736.333333
408.666667 738.333333
431.666667 739.666667
474.333333 740.333333
518.666667 740.000000
564.666667 738.666667
603.333333 737.333333
642.000000 736.000000
690.333333 735.000000
747.666667 734.000000
