1121.333333 102.333333
1158.000000 104.666667
1179.333333 108.000000
1200.000000 112.666667
1220.666667 118.000000
1240.333333 124.333333
1259.333333 131.000000
1277.333333 138.333333
1294.666667 146.666667
1311.333333 156.000000
1327.333333 166.000000
1342.666667 176.666667
1357.000000 188.000000
1369.666667 200.000000
1380.666667 212.333333
1390.666667 225.333333
1400.333333 239.000000
1409.333333 253.000000
1417.333333 267.000000
1423.666667 281.666667
1428.666667 296.333333
1432.666667 311.000000
1435.666667 325.666667
1437.666667 340.666667
1438.666667 355.333333
1439.000000 369.333333
1438.000000 383.333333
1436.333333 397.333333
1433.333333 410.666667
1429.333333 423.333333
1423.666667 436.000000
1416.666667 448.666667
1409.333333 460.666667
1401.333333 472.333333
1392.000000 484.333333
1381.333333 496.666667
1370.000000 509.000000
1357.666667 521.000000
1344.666667 532.666667
1330.666667 544.000000
1317.000000 554.666667
1302.333333 564.666667
1287.000000 573.666667
1269.333333 582.333333
1251.000000 591.000000
1230.333333 600.000000
1209.333333 609.000000
1186.000000 617.666667
1162.666667 626.333333
1138.333333 635.000000
1114.000000 644.000000
1088.666667 652.333333
1063.333333 660.000000
1038.000000 666.666667
1013.333333 672.333333
988.666667 677.000000
964.666667 680.333333
941.000000 683.000000
919.000000 685.000000
900.000000 686.666667
879.333333 688.000000
864.000000 688.333333
