544.000000 124.000000
528.666667 123.666667
513.000000 124.333333
497.666667 126.333333
482.333333 129.000000
467.666667 132.333333
453.666667 136.000000
440.333333 140.333333
427.000000 145.000000
414.666667 150.333333
403.000000 156.000000
391.666667 162.333333
380.333333 168.666667
369.333333 175.000000
359.333333 181.333333
350.666667 188.000000
342.666667 195.000000
335.333333 202.666667
328.000000 211.333333
321.000000 221.000000
314.666667 231.666667
309.333333 243.333333
305.333333 256.000000
302.333333 269.333333
300.333333 283.000000
299.000000 297.000000
298.000000 311.000000
297.333333 325.000000
297.333333 338.666667
298.000000 352.000000
299.000000 364.000000
300.666667 375.333333
303.000000 385.666667
306.666667 396.666667
311.000000 407.333333
316.000000 418.666667
321.000000 430.000000
326.000000 442.000000
331.000000 453.666667
336.666667 465.333333
344.000000 477.666667
352.333333 490.666667
361.333333 503.666667
370.000000 516.333333
380.000000 529.000000
390.666667 541.666667
402.000000 553.666667
413.333333 564.666667
425.666667 575.333333
438.666667 586.000000
451.666667 596.666667
465.000000 607.000000
479.000000 617.000000
493.666667 627.666667
509.333333 639.000000
525.333333 650.333333
542.000000 661.000000
558.333333 671.333333
574.666667 682.000000
590.666667 692.666667
606.000000 702.666667
621.000000 711.666667
635.333333 719.666667
648.000000 726.666667
658.000000 732.333333
665.333333 737.000000
670.666667 740.333333
675.000000 743.000000
