838.000000 120.666667
840.333333 132.000000
842.666667 144.000000
845.000000 156.666667
847.000000 169.333333
849.333333 182.333333
851.666667 196.333333
854.000000 210.333333
856.000000 224.666667
858.000000 239.000000
859.666667 253.666667
861.333333 268.333333
862.666667 283.666667
864.000000 299.333333
865.000000 315.000000
866.000000 330.666667
867.000000 346.333333
868.000000 362.000000
868.666667 377.666667
869.333333 393.333333
869.666667 409.666667
870.000000 426.000000
870.333333 442.000000
870.666667 457.666667
871.000000 473.000000
871.000000 488.666667
871.000000 503.333333
871.333333 517.666667
871.666667 531.666667
872.000000 545.666667
872.000000 559.000000
872.333333 571.666667
872.666667 584.333333
873.333333 596.333333
873.666667 607.666667
874.333333 617.666667
874.666667 627.000000
875.333333 635.666667
876.000000 644.000000
876.666667 651.666667
877.333333 658.333333
877.666667 664.000000
878.000000 668.666667
878.333333 672.333333
878.666667 675.000000
879.000000 677.000000
879.333333 678.666667
879.666667 679.333333
