1024.333333 331.333333
1033.000000 340.666667
1041.666667 350.666667
1050.333333 360.666667
1059.666667 370.333333
1069.333333 380.000000
1079.333333 390.666667
1088.666667 401.666667
1098.333333 412.666667
1108.666667 423.666667
1119.333333 435.000000
1130.333333 446.666667
1140.666667 457.333333
1152.000000 467.333333
1163.333333 476.666667
1175.000000 486.000000
1186.000000 495.333333
1197.000000 504.333333
1208.000000 513.000000
1218.333333 520.333333
1227.666667 527.333333
1235.666667 533.666667
1242.666667 539.666667
1249.000000 545.000000
1254.666667 550.000000
1259.333333 554.666667
1263.000000 558.333333
1265.666667 561.000000
1268.000000 563.000000
