317.333333 354.333333
326.666667 361.000000
337.000000 368.000000
348.333333 375.000000
360.000000 382.333333
372.333333 390.000000
385.333333 398.333333
398.666667 406.666667
412.333333 415.000000
426.333333 423.000000
440.666667 431.000000
455.000000 439.333333
470.000000 448.000000
485.333333 457.000000
500.333333 465.666667
515.000000 473.666667
529.666667 481.333333
544.333333 488.666667
558.000000 496.666667
571.666667 504.666667
585.333333 512.666667
598.666667 519.666667
610.666667 526.000000
622.333333 532.000000
633.333333 537.333333
643.666667 542.333333
652.666667 546.666667
660.666667 551.000000
667.666667 555.000000
674.000000 558.333333
680.000000 561.333333
685.666667 563.666667
691.000000 566.000000
695.666667 567.666667
699.333333 569.000000
702.333333 570.000000
