1188.000000 435.000000
1173.666667 432.000000
1158.666667 428.666667
1143.333333 425.000000
1127.666667 421.333333
1111.333333 418.333333
1095.000000 416.000000
1078.000000 414.333333
1061.333333 413.000000
1033.000000 412.666667
1005.666667 413.000000
978.333333 414.000000
962.333333 415.666667
947.000000 417.666667
932.666667 420.333333
919.000000 422.666667
905.666667 425.333333
893.333333 428.000000
882.333333 431.000000
871.333333 434.000000
860.666667 436.333333
850.000000 438.333333
840.666667 440.000000
831.000000 441.666667
823.333333 443.000000
