1308.333333 189.000000
1288.666667 183.666667
1269.000000 177.333333
1249.000000 170.333333
1228.333333 163.000000
1207.666667 155.666667
1186.666667 147.666667
1166.000000 138.666667
1145.333333 129.000000
1124.000000 119.333333
1102.000000 110.000000
1079.000000 101.333333
1055.666667 92.666667
1031.666667 84.333333
1007.000000 76.333333
982.000000 69.333333
956.333333 63.666667
930.333333 59.000000
903.666667 55.666667
877.333333 53.000000
850.000000 51.333333
822.666667 50.000000
795.000000 49.000000
759.000000 48.666667
722.333333 49.333333
685.333333 50.666667
657.000000 52.333333
628.666667 54.333333
600.333333 57.666667
571.333333 62.666667
542.333333 69.000000
513.333333 76.000000
484.666667 83.666667
456.000000 92.333333
427.000000 102.666667
398.000000 114.000000
369.333333 126.000000
341.333333 138.666667
314.000000 152.000000
287.666667 165.666667
262.333333 179.666667
239.000000 193.666667
217.333333 207.666667
