1221.000000 298.000000
1192.666667 299.000000
1173.666667 300.000000
1159.000000 301.333333
1143.666667 302.666667
1128.000000 304.333333
1112.333333 306.333333
1096.666667 309.000000
1081.000000 312.000000
1065.666667 315.000000
1050.333333 318.000000
1035.333333 321.000000
1020.666667 323.666667
1006.000000 326.333333
991.000000 329.000000
975.000000 331.666667
959.000000 334.000000
943.333333 336.000000
928.666667 338.000000
914.000000 340.000000
899.666667 341.666667
886.333333 343.333333
873.666667 344.666667
861.000000 346.000000
849.000000 347.000000
838.333333 348.333333
829.000000 349.666667
819.666667 351.000000
810.000000 352.333333
800.666667 353.666667
792.333333 355.000000
785.333333 356.000000
779.333333 357.000000
774.333333 358.000000
770.333333 359.000000
767.333333 360.000000
765.333333 361.000000
