829.000000 545.333333
837.666667 554.666667
846.333333 564.333333
855.333333 574.666667
865.333333 586.000000
875.666667 597.666667
886.000000 609.000000
896.000000 621.000000
906.666667 633.666667
917.666667 646.666667
928.666667 659.000000
938.666667 671.333333
948.000000 684.000000
957.000000 696.333333
966.000000 707.666667
975.000000 718.000000
983.333333 727.666667
991.000000 737.333333
997.666667 746.000000
1003.666667 754.000000
1009.000000 761.000000
1014.000000 768.000000
1019.333333 774.333333
1024.333333 780.333333
1029.000000 785.333333
1033.000000 790.000000
1036.333333 793.666667
1039.000000 797.000000
1040.666667 799.333333
1042.000000 801.000000
