871.666667 440.000000
873.000000 428.333333
874.333333 417.000000
875.666667 406.000000
876.666667 394.333333
877.333333 382.666667
877.666667 371.000000
877.666667 360.000000
877.000000 349.000000
876.000000 338.000000
875.000000 327.666667
874.000000 318.333333
872.666667 310.333333
871.666667 303.000000
870.666667 296.666667
870.000000 290.666667
869.000000 285.333333
868.333333 280.333333
868.000000 276.000000
868.000000 272.666667
868.000000 270.000000
868.000000 268.000000
868.000000 266.333333
868.000000 264.666667
868.333333 263.333333
868.666667 262.000000
869.000000 261.000000
869.000000 260.000000
869.333333 259.000000
869.666667 258.000000
870.000000 257.000000
870.333333 256.000000
