882.333333 255.333333
866.666667 258.000000
850.333333 261.333333
833.000000 265.000000
815.000000 269.333333
795.666667 274.000000
776.000000 278.666667
755.666667 283.333333
735.000000 288.000000
713.333333 293.000000
691.000000 298.333333
668.000000 304.333333
644.666667 311.000000
621.333333 318.000000
598.000000 324.666667
575.000000 331.333333
552.000000 338.333333
529.333333 346.000000
506.666667 354.000000
484.666667 362.333333
462.666667 370.333333
441.666667 378.333333
420.666667 385.666667
400.000000 393.000000
379.666667 400.000000
360.000000 407.000000
341.333333 414.000000
323.666667 420.666667
306.666667 427.000000
290.333333 432.666667
275.000000 438.000000
261.333333 443.000000
248.666667 448.000000
236.333333 453.000000
224.666667 457.666667
214.666667 461.666667
206.666667 465.000000
200.000000 467.666667
194.333333 470.000000
189.666667 472.000000
185.666667 473.666667
182.666667 475.000000
180.333333 476.000000
178.333333 477.000000
176.666667 478.000000
