1021.333333 143.000000
1047.000000 142.666667
1073.666667 143.000000
1100.666667 144.333333
1121.333333 146.333333
1142.000000 149.333333
1162.333333 153.333333
1183.000000 158.333333
1203.000000 164.333333
1223.666667 171.000000
1243.000000 178.333333
1262.000000 187.000000
1280.333333 197.333333
1298.000000 208.666667
1314.333333 220.333333
1328.666667 232.333333
1342.000000 245.333333
1354.666667 258.666667
1366.000000 272.333333
1375.666667 286.000000
1383.333333 300.000000
1389.333333 313.666667
1393.666667 327.333333
1396.666667 341.000000
1398.666667 354.666667
1399.666667 368.333333
1400.000000 382.000000
1399.666667 395.666667
1398.666667 409.000000
1397.000000 422.333333
1394.666667 436.000000
1392.000000 449.666667
1388.333333 463.000000
1383.000000 476.666667
1376.333333 490.666667
1368.666667 505.000000
1360.666667 519.333333
1351.666667 533.666667
1341.666667 548.000000
1330.666667 562.000000
1319.000000 575.666667
1305.666667 589.333333
1291.333333 602.000000
1276.000000 614.333333
1259.666667 626.000000
1242.000000 638.333333
1222.333333 650.333333
1202.333333 662.000000
1181.000000 673.000000
1159.666667 684.333333
1136.666667 695.333333
1114.000000 705.666667
1090.333333 715.000000
1067.666667 723.333333
1044.333333 730.666667
1022.000000 737.000000
1000.000000 742.666667
979.000000 747.666667
959.000000 752.000000
942.000000 755.333333
928.666667 758.000000
919.000000 759.666667
911.666667 761.000000
907.000000 762.000000
902.333333 762.333333
