796.333333 334.000000
841.000000 335.000000
862.000000 336.000000
883.333333 337.000000
904.000000 338.000000
925.000000 339.000000
945.666667 340.000000
966.000000 341.000000
986.000000 342.000000
1011.666667 343.000000
1037.000000 344.000000
1068.333333 345.000000
1099.333333 345.333333
1141.000000 345.000000
1180.333333 344.000000
1212.000000 343.000000
1235.000000 342.000000
1251.333333 340.666667
1266.666667 339.333333
1276.000000 338.000000
1284.000000 337.000000
1290.333333 336.000000
1296.000000 335.000000
1301.333333 334.000000
1305.666667 333.000000
