519.000000 190.000000
500.333333 191.333333
486.333333 193.000000
472.666667 195.666667
459.666667 199.000000
447.666667 203.000000
436.000000 207.666667
424.333333 213.000000
413.666667 219.000000
403.666667 225.000000
395.000000 231.666667
386.666667 239.000000
379.000000 247.333333
371.000000 256.333333
363.666667 265.666667
357.000000 275.333333
351.666667 285.666667
347.000000 296.666667
343.666667 308.000000
341.000000 319.000000
339.000000 330.666667
337.666667 343.000000
336.666667 355.333333
336.666667 367.000000
337.000000 378.000000
338.000000 389.000000
339.666667 399.666667
341.666667 409.666667
345.000000 419.333333
349.000000 429.000000
354.666667 439.000000
361.000000 449.000000
368.333333 458.666667
376.333333 468.666667
386.000000 479.000000
396.666667 490.333333
408.333333 501.666667
421.000000 513.666667
434.666667 525.666667
449.333333 538.333333
465.000000 551.000000
481.333333 564.000000
499.000000 577.000000
517.000000 589.666667
535.333333 602.333333
553.666667 614.666667
571.666667 627.333333
589.333333 639.666667
606.666667 651.666667
623.333333 662.333333
639.000000 672.000000
656.333333 682.666667
