758.666667 321.333333
759.000000 330.333333
759.333333 340.000000
759.666667 350.333333
760.000000 360.666667
760.333333 371.333333
760.666667 382.666667
761.000000 394.666667
761.000000 407.333333
761.000000 420.000000
761.333333 433.333333
761.666667 447.000000
762.000000 460.666667
762.000000 475.000000
762.000000 489.333333
762.333333 504.333333
762.666667 519.333333
763.000000 535.000000
763.333333 550.666667
763.666667 566.333333
764.000000 582.000000
764.333333 597.333333
764.666667 612.666667
765.333333 627.333333
766.000000 642.000000
766.666667 655.666667
767.333333 668.666667
768.000000 681.000000
769.000000 693.000000
770.000000 704.000000
771.000000 714.333333
772.000000 723.666667
773.333333 733.000000
774.666667 741.666667
776.000000 750.000000
777.333333 757.666667
778.666667 764.333333
780.000000 770.000000
781.000000 774.666667
782.000000 778.666667
783.000000 782.000000
784.000000 785.000000
785.000000 787.666667
786.000000 790.000000
787.000000 791.666667
787.666667 793.000000
