1086.333333 564.000000
1073.666667 561.666667
1060.333333 559.000000
1046.666667 556.333333
1032.666667 553.666667
1018.000000 551.333333
1002.666667 549.000000
986.666667 547.000000
970.000000 545.000000
953.000000 543.000000
935.000000 541.333333
917.666667 539.666667
892.333333 538.333333
839.000000 537.666667
784.333333 538.333333
736.000000 539.666667
715.333333 541.000000
694.666667 542.333333
675.000000 544.000000
656.000000 545.666667
637.333333 547.333333
619.333333 549.000000
601.333333 551.000000
584.333333 553.000000
567.666667 555.000000
552.000000 557.000000
536.666667 558.666667
521.666667 560.333333
507.333333 561.666667
493.666667 563.333333
480.000000 564.666667
466.666667 566.333333
454.333333 567.666667
439.666667 569.000000
425.666667 570.000000
410.333333 571.000000
396.333333 572.000000
