1162.333333 247.000000
1158.000000 252.666667
1153.000000 260.000000
1148.000000 267.333333
1142.333333 275.666667
1136.000000 284.333333
1128.666667 294.333333
1121.333333 304.666667
1113.666667 315.000000
1105.666667 325.333333
1096.666667 336.333333
1087.333333 348.000000
1078.000000 359.666667
1069.000000 370.666667
1059.333333 381.666667
1049.000000 392.666667
1038.333333 404.000000
1027.666667 415.000000
1017.000000 426.000000
1005.666667 437.000000
994.333333 448.000000
983.333333 458.333333
972.666667 468.333333
961.666667 477.666667
950.666667 486.666667
940.333333 495.000000
931.333333 503.000000
923.333333 510.666667
916.333333 517.333333
910.000000 523.333333
902.333333 529.666667
895.333333 535.333333
889.000000 540.333333
