1029.666667 229.666667
1020.666667 228.333333
1006.333333 227.000000
985.666667 226.000000
963.333333 225.666667
933.333333 226.000000
907.333333 227.000000
880.000000 228.000000
862.666667 229.000000
844.333333 230.333333
825.666667 232.000000
806.000000 234.000000
785.666667 236.000000
765.000000 238.000000
743.333333 240.333333
720.333333 243.000000
696.333333 246.333333
671.666667 250.333333
647.000000 255.333333
621.666667 261.333333
596.000000 267.666667
570.000000 274.000000
544.333333 280.333333
518.333333 287.000000
493.000000 294.666667
467.333333 302.666667
442.666667 311.333333
418.000000 319.666667
394.333333 328.333333
371.000000 337.000000
348.666667 346.333333
327.333333 356.000000
306.666667 365.333333
286.666667 374.000000
267.000000 382.000000
248.333333 390.000000
231.000000 397.666667
215.333333 405.000000
200.333333 412.000000
186.333333 418.666667
173.666667 424.333333
163.333333 429.000000
155.000000 432.666667
148.000000 435.666667
142.666667 438.000000
138.333333 439.666667
135.000000 441.000000
132.666667 441.333333
132.333333 441.000000
134.000000 440.000000
