1107.666667 334.000000
1084.000000 336.000000
1059.000000 338.333333
1033.000000 340.666667
1005.000000 343.000000
976.333333 345.333333
947.000000 348.000000
917.666667 351.333333
888.000000 355.333333
857.333333 360.333333
826.000000 366.000000
793.666667 372.333333
761.666667 379.000000
729.666667 386.666667
698.333333 395.333333
667.000000 404.666667
636.666667 414.000000
607.333333 423.000000
579.333333 432.333333
552.666667 442.000000
527.333333 452.000000
503.333333 461.333333
481.000000 469.666667
460.666667 477.333333
442.000000 484.333333
425.000000 491.333333
409.666667 498.000000
396.666667 504.333333
385.000000 510.000000
