500.000000 204.333333
489.000000 211.666667
478.333333 219.333333
467.666667 227.333333
457.666667 235.000000
448.333333 243.333333
440.000000 252.000000
431.666667 261.333333
423.333333 271.000000
415.000000 281.333333
407.333333 292.333333
400.666667 304.333333
395.000000 317.000000
390.666667 331.000000
387.333333 345.666667
385.000000 361.000000
383.666667 376.333333
383.000000 391.666667
383.333333 407.666667
384.333333 424.000000
386.333333 440.666667
389.333333 457.000000
393.333333 473.666667
398.666667 491.000000
405.000000 509.333333
412.333333 527.333333
420.666667 545.000000
430.666667 562.333333
441.666667 579.666667
453.000000 596.666667
464.666667 613.333333
477.333333 629.666667
490.666667 646.000000
504.333333 662.333333
518.333333 678.333333
532.666667 694.000000
546.666667 709.000000
560.333333 724.000000
573.666667 738.333333
587.000000 751.666667
599.333333 763.000000
610.666667 773.000000
620.333333 781.000000
628.000000 787.333333
633.666667 791.333333
638.333333 794.000000
