1189.000000 644.000000
1176.000000 650.666667
1161.666667 657.333333
1146.666667 663.333333
1130.333333 669.000000
1113.333333 674.000000
1095.333333 678.666667
1076.000000 683.000000
1056.333333 687.000000
1035.333333 691.000000
1014.000000 694.666667
991.666667 698.333333
969.333333 702.000000
946.666667 706.000000
924.333333 709.666667
901.666667 713.000000
879.000000 715.666667
855.666667 718.000000
832.333333 720.000000
808.333333 721.666667
784.333333 723.333333
759.333333 724.666667
734.333333 726.000000
708.333333 727.000000
682.666667 728.000000
648.666667 729.000000
607.666667 730.000000
523.333333 731.000000
412.666667 731.333333
313.000000 731.000000
