527.000000 101.333333
512.000000 103.333333
498.000000 107.000000
483.666667 112.666667
470.000000 119.666667
457.333333 127.666667
446.000000 136.666667
434.333333 147.333333
423.000000 158.666667
411.666667 170.000000
401.666667 181.333333
391.666667 193.333333
381.666667 205.333333
371.333333 217.333333
361.666667 229.000000
353.000000 241.666667
345.666667 254.333333
339.333333 267.333333
334.000000 280.333333
329.333333 293.666667
325.333333 307.000000
322.000000 320.333333
319.333333 334.333333
317.000000 348.333333
315.333333 361.666667
314.333333 374.000000
314.000000 386.333333
314.666667 398.333333
316.000000 410.000000
318.000000 421.000000
320.333333 432.333333
323.000000 443.666667
326.333333 454.666667
330.333333 465.666667
335.333333 477.000000
341.666667 489.333333
349.333333 501.666667
357.666667 514.666667
366.666667 528.000000
376.000000 541.666667
386.666667 555.333333
398.000000 569.000000
410.000000 582.666667
423.000000 596.000000
436.666667 608.666667
451.000000 621.333333
466.000000 634.333333
481.333333 647.000000
497.666667 659.000000
514.333333 670.333333
531.333333 681.333333
548.333333 691.666667
565.000000 700.666667
581.000000 708.666667
595.333333 715.333333
607.000000 720.333333
616.000000 724.000000
622.666667 726.333333
627.333333 728.000000
