1266.666667 428.333333
1266.000000 444.333333
1264.333333 460.333333
1261.666667 476.000000
1257.666667 491.666667
1252.000000 507.333333
1244.333333 523.000000
1234.333333 539.000000
1222.666667 555.000000
1209.000000 571.666667
1194.000000 588.000000
1177.000000 604.333333
1159.333333 619.666667
1140.333333 635.000000
1120.666667 649.333333
1100.000000 663.000000
1078.333333 676.333333
1056.000000 689.333333
1032.666667 701.666667
1008.666667 712.333333
984.000000 722.000000
959.000000 730.333333
934.666667 738.000000
911.000000 744.333333
888.333333 750.000000
867.333333 754.333333
848.333333 758.000000
831.333333 761.000000
816.000000 763.666667
802.333333 766.000000
791.000000 767.666667
781.333333 769.333333
773.666667 770.666667
766.666667 772.000000
760.666667 772.333333
