1312.333333 317.000000
1305.000000 318.000000
1296.000000 319.000000
1286.000000 320.000000
1237.000000 320.333333
1154.000000 320.666667
1060.000000 321.000000
992.000000 322.000000
954.000000 323.000000
909.000000 324.000000
873.333333 325.000000
832.000000 326.000000
806.000000 327.000000
774.333333 328.000000
750.333333 329.000000
726.666667 330.000000
709.333333 331.000000
691.666667 332.333333
674.333333 333.666667
657.666667 335.000000
641.000000 336.000000
625.000000 337.000000
609.333333 338.000000
595.000000 339.000000
580.666667 340.333333
566.666667 341.666667
553.666667 343.000000
542.000000 344.000000
530.666667 345.000000
519.666667 346.000000
507.333333 347.000000
495.666667 348.000000
483.333333 349.000000
