936.333333 190.333333
950.000000 187.666667
964.666667 185.000000
980.333333 182.666667
996.666667 180.666667
1013.333333 179.333333
1031.000000 178.000000
1048.666667 177.666667
1067.000000 178.000000
1085.666667 179.666667
1104.000000 181.666667
1122.000000 184.666667
1139.333333 188.000000
1156.333333 193.000000
1172.333333 199.333333
1187.666667 207.333333
1202.333333 216.000000
1216.666667 225.666667
1230.000000 236.666667
1243.333333 249.000000
1256.333333 261.666667
1268.333333 274.666667
1279.000000 288.000000
1288.000000 301.666667
1296.000000 315.000000
1302.333333 328.666667
1307.666667 342.666667
1311.666667 356.666667
1314.000000 370.000000
1314.666667 383.333333
1314.000000 396.666667
1312.333333 409.666667
1310.000000 422.333333
1307.000000 435.000000
1303.333333 448.000000
1298.666667 460.666667
1292.000000 473.666667
1284.000000 487.000000
1274.666667 501.000000
1265.000000 515.666667
1254.000000 530.666667
1242.000000 545.666667
1229.000000 560.000000
1215.000000 574.333333
1200.333333 588.000000
1185.000000 601.000000
1168.666667 613.000000
1151.666667 624.666667
1134.000000 636.000000
1116.000000 646.666667
1096.666667 656.666667
1076.000000 665.666667
1055.000000 674.000000
1033.000000 682.000000
1011.000000 690.000000
988.000000 698.000000
966.333333 705.666667
945.000000 713.000000
925.000000 720.000000
906.000000 726.666667
887.666667 733.666667
871.000000 740.000000
856.666667 745.666667
845.666667 749.666667
838.000000 753.000000
832.333333 755.333333
828.666667 757.333333
826.000000 758.666667
824.666667 759.333333
824.666667 759.000000
826.333333 757.666667
828.666667 756.333333
832.666667 753.666667
837.333333 750.666667
