677.333333 500.666667
675.666667 517.666667
674.000000 535.000000
672.333333 552.666667
671.000000 570.333333
670.000000 588.666667
669.000000 607.666667
667.666667 626.333333
666.333333 645.000000
665.000000 663.333333
663.666667 681.666667
661.666667 700.333333
659.666667 718.666667
657.666667 736.333333
656.333333 753.000000
654.666667 768.666667
653.333333 783.333333
652.000000 796.666667
651.000000 808.333333
650.000000 818.666667
648.666667 827.666667
647.666667 835.000000
646.666667 841.000000
