611.666667 281.333333
614.666667 291.333333
617.000000 302.333333
618.666667 314.000000
620.000000 326.000000
620.666667 339.000000
621.000000 352.333333
621.000000 365.666667
620.666667 378.666667
620.333333 392.000000
620.000000 405.333333
619.666667 418.000000
619.333333 430.666667
618.666667 443.666667
618.333333 456.333333
617.666667 468.666667
617.333333 481.000000
616.333333 494.000000
615.333333 506.666667
614.000000 519.666667
612.666667 533.000000
611.333333 546.333333
609.666667 558.666667
608.000000 570.666667
606.333333 582.666667
604.666667 594.333333
603.333333 604.666667
602.000000 613.666667
601.000000 622.000000
600.333333 630.000000
599.666667 637.666667
599.333333 645.333333
599.000000 652.333333
599.000000 659.333333
598.666667 665.333333
598.000000 671.333333
597.000000 676.666667
596.000000 682.333333
595.000000 688.000000
594.000000 694.000000
593.333333 699.666667
593.000000 705.000000
593.000000 709.666667
593.000000 714.000000
593.000000 717.666667
593.000000 721.000000
593.000000 723.333333
593.000000 725.333333
593.000000 726.666667
593.000000 728.000000
593.000000 729.000000
593.000000 730.000000
