416.666667 505.666667
457.666667 506.333333
499.333333 507.666667
518.000000 509.000000
536.666667 510.333333
556.000000 512.000000
575.333333 514.333333
595.666667 516.666667
615.666667 519.000000
636.000000 521.000000
656.333333 523.000000
676.333333 524.666667
696.666667 526.333333
716.333333 527.666667
742.666667 529.000000
774.333333 529.333333
811.000000 528.666667
841.000000 527.000000
864.000000 525.000000
880.333333 522.666667
895.666667 520.000000
910.666667 516.666667
925.000000 513.000000
938.000000 509.000000
950.000000 505.000000
962.000000 501.333333
973.333333 498.000000
983.333333 495.333333
991.333333 493.000000
998.000000 491.000000
1003.666667 489.333333
1008.666667 488.000000
1013.000000 487.000000
1018.333333 486.000000
