495.000000 184.000000
481.666667 188.333333
468.666667 193.333333
456.333333 199.000000
445.000000 205.000000
434.000000 211.333333
423.333333 218.000000
413.333333 225.000000
404.000000 232.333333
395.666667 240.333333
387.666667 249.000000
380.666667 258.333333
374.000000 268.333333
368.333333 279.666667
363.333333 292.000000
359.000000 305.333333
355.333333 319.000000
352.000000 333.333333
349.333333 347.333333
347.666667 361.000000
347.000000 374.000000
347.000000 386.666667
347.666667 399.000000
349.333333 410.666667
352.000000 422.333333
355.666667 434.666667
360.000000 447.333333
365.333333 460.000000
371.000000 472.333333
377.666667 485.000000
385.666667 498.000000
395.333333 511.333333
405.666667 525.000000
416.666667 538.333333
428.000000 551.000000
440.000000 563.000000
451.666667 574.333333
462.666667 585.000000
474.000000 595.000000
485.666667 604.333333
497.666667 612.666667
508.666667 620.333333
519.666667 627.666667
531.333333 635.333333
543.333333 642.666667
555.333333 650.333333
567.666667 657.666667
580.666667 664.333333
593.666667 670.333333
606.666667 676.333333
620.000000 683.000000
633.666667 690.333333
646.666667 698.000000
659.333333 706.000000
671.666667 713.666667
683.000000 720.666667
692.333333 726.333333
699.333333 730.666667
704.666667 733.666667
708.000000 735.666667
