125.000000 719.666667
144.333333 722.000000
164.666667 723.666667
185.666667 725.333333
207.333333 727.000000
228.333333 728.666667
250.000000 730.000000
271.333333 731.000000
293.666667 732.000000
316.000000 733.000000
339.000000 734.333333
362.000000 735.666667
385.000000 737.333333
408.000000 738.666667
431.000000 740.333333
454.000000 742.333333
477.000000 745.333333
500.333333 749.000000
523.000000 752.666667
545.666667 756.000000
567.333333 758.666667
589.333333 761.333333
610.666667 763.666667
632.000000 766.000000
653.000000 768.000000
674.000000 769.666667
695.333333 771.000000
724.333333 771.333333
754.000000 770.666667
784.666667 768.333333
808.666667 763.666667
833.666667 757.333333
859.000000 749.000000
884.666667 739.666667
910.333333 728.666667
935.000000 717.333333
959.000000 706.000000
981.666667 695.666667
1002.666667 686.000000
