993.666667 410.666667
957.000000 411.000000
920.000000 412.000000
897.333333 413.000000
878.000000 414.000000
858.333333 415.000000
837.000000 416.333333
815.666667 417.666667
799.333333 419.000000
782.666667 420.333333
766.333333 421.666667
750.000000 423.333333
734.000000 425.000000
718.000000 426.666667
702.333333 428.333333
687.000000 430.000000
671.666667 432.000000
656.333333 434.000000
641.333333 436.333333
626.000000 439.000000
610.666667 441.666667
595.666667 444.666667
580.666667 448.000000
566.000000 452.000000
551.666667 456.000000
538.000000 460.000000
524.333333 464.333333
511.666667 468.333333
500.000000 472.000000
489.000000 475.000000
478.333333 477.666667
468.000000 480.000000
458.666667 481.666667
450.333333 483.000000
442.666667 484.000000
432.666667 485.000000
416.333333 485.333333
400.333333 485.000000
388.000000 484.000000
