1391.000000 78.333333
1391.000000 86.666667
1391.000000 95.666667
1391.000000 105.333333
1391.000000 114.666667
1391.000000 124.333333
1391.000000 134.333333
1391.000000 145.000000
1391.000000 156.000000
1391.000000 167.000000
1391.333333 178.333333
1391.666667 190.333333
1392.000000 202.666667
1392.333333 215.333333
1392.666667 228.000000
1393.333333 241.333333
1393.666667 254.666667
1394.000000 268.000000
1394.333333 281.333333
1395.000000 295.000000
1395.666667 308.333333
1396.333333 321.666667
1396.666667 335.000000
1397.333333 348.666667
1397.666667 361.666667
1398.000000 374.000000
1398.000000 386.000000
1398.000000 397.666667
1398.000000 409.000000
1397.666667 419.666667
1397.333333 430.333333
1396.666667 440.666667
1396.000000 450.666667
1395.000000 459.666667
1394.000000 467.666667
1392.666667 475.000000
1391.333333 481.666667
1389.666667 488.333333
1388.000000 494.666667
1386.000000 501.000000
1384.000000 506.666667
1381.666667 512.000000
1379.333333 516.666667
1377.000000 521.000000
1375.000000 524.333333
1373.000000 527.000000
1371.000000 529.000000
1369.333333 530.666667
1367.666667 532.000000
