409.000000 139.000000
398.333333 143.333333
388.000000 148.333333
378.000000 154.333333
368.000000 161.000000
358.666667 168.000000
350.000000 175.666667
342.333333 184.666667
334.666667 194.666667
327.666667 205.666667
320.666667 217.333333
314.666667 230.000000
309.333333 243.000000
305.000000 256.333333
301.666667 270.333333
298.666667 284.666667
297.000000 299.000000
295.666667 313.000000
295.666667 326.666667
295.666667 340.000000
296.666667 352.333333
298.000000 363.666667
300.666667 373.666667
303.666667 383.000000
307.666667 392.000000
312.000000 401.000000
317.000000 409.666667
322.333333 418.000000
328.000000 426.333333
334.666667 435.333333
342.666667 445.333333
352.000000 456.000000
362.000000 467.333333
372.666667 479.666667
384.333333 492.666667
397.000000 506.666667
410.333333 521.000000
424.666667 535.666667
439.666667 550.000000
455.333333 563.666667
471.000000 577.333333
486.666667 590.333333
502.666667 602.666667
519.000000 613.666667
535.666667 624.000000
553.000000 633.666667
570.000000 643.000000
587.000000 651.666667
603.666667 660.000000
620.000000 667.666667
635.666667 674.666667
649.000000 681.000000
660.000000 686.333333
668.000000 690.666667
674.000000 694.000000
678.000000 696.333333
681.000000 698.000000
