1279.000000 369.000000
1257.000000 377.000000
1233.333333 385.000000
1209.000000 392.666667
1183.333333 400.333333
1156.666667 408.000000
1128.666667 415.666667
1099.666667 423.000000
1070.000000 430.000000
1039.666667 437.000000
1008.666667 444.333333
977.000000 452.000000
945.333333 459.666667
913.333333 466.666667
880.666667 473.333333
847.666667 479.666667
814.666667 486.000000
781.333333 492.666667
747.333333 499.666667
713.000000 507.000000
678.666667 514.000000
643.666667 521.000000
608.666667 528.000000
574.333333 535.000000
540.666667 542.333333
508.000000 549.333333
476.333333 556.000000
447.000000 561.666667
419.000000 566.666667
