913.000000 584.000000
889.333333 585.000000
865.000000 586.333333
840.000000 588.000000
814.333333 590.333333
788.000000 593.333333
760.666667 597.000000
732.666667 601.333333
704.333333 606.000000
675.333333 611.000000
646.666667 616.000000
617.333333 621.000000
588.000000 625.666667
558.666667 630.333333
529.000000 635.333333
499.666667 641.000000
469.666667 647.333333
439.666667 654.000000
409.666667 661.000000
379.666667 667.666667
350.000000 674.000000
320.333333 680.666667
290.333333 688.333333
