634.000000 105.000000
622.333333 101.666667
610.666667 99.000000
599.000000 97.333333
588.000000 96.000000
569.333333 95.666667
550.666667 96.000000
531.666667 97.000000
520.333333 98.000000
509.333333 99.333333
499.000000 101.000000
489.000000 103.000000
478.333333 105.333333
467.666667 108.000000
457.333333 111.333333
448.333333 115.333333
440.000000 120.333333
431.666667 126.333333
423.333333 133.333333
415.000000 142.000000
407.333333 152.000000
400.333333 163.333333
394.333333 174.666667
389.000000 186.666667
384.333333 199.000000
380.333333 212.333333
377.000000 226.000000
374.666667 240.333333
373.000000 255.333333
372.000000 270.666667
371.333333 286.333333
371.000000 302.000000
371.000000 318.000000
371.333333 334.333333
372.000000 349.666667
373.000000 364.333333
374.333333 378.000000
376.000000 392.000000
378.000000 405.666667
380.333333 419.666667
383.000000 433.666667
386.000000 448.000000
390.000000 462.000000
395.333333 476.333333
402.333333 490.666667
409.666667 504.333333
417.333333 517.666667
425.666667 531.000000
435.333333 544.333333
446.000000 556.666667
457.000000 568.000000
469.000000 579.000000
482.000000 590.000000
495.666667 600.666667
509.333333 610.666667
523.666667 620.000000
538.000000 629.000000
552.666667 638.000000
567.000000 646.666667
581.666667 655.000000
595.333333 662.666667
608.333333 669.666667
621.000000 676.000000
633.666667 682.000000
645.333333 687.333333
655.666667 692.000000
664.666667 696.000000
672.000000 699.333333
677.666667 702.000000
682.000000 704.000000
685.333333 705.666667
