760.000000 624.333333
771.333333 634.333333
782.666667 644.333333
794.666667 654.000000
807.000000 663.000000
820.000000 671.333333
832.000000 679.333333
843.000000 686.666667
853.333333 694.333333
863.666667 701.666667
873.666667 708.666667
882.666667 714.666667
891.000000 720.000000
898.333333 724.666667
905.333333 729.333333
912.333333 734.000000
919.333333 739.000000
926.000000 743.666667
932.000000 748.000000
937.666667 752.000000
942.333333 755.333333
946.000000 758.000000
948.666667 759.666667
950.666667 761.333333
952.000000 762.666667
953.000000 764.000000
