607.666667 265.000000
609.333333 276.333333
611.000000 288.666667
613.000000 301.666667
615.000000 315.000000
617.000000 328.666667
619.000000 342.666667
620.666667 356.666667
622.333333 370.333333
623.666667 384.666667
625.000000 399.333333
626.000000 414.333333
627.333333 429.000000
628.333333 444.000000
629.666667 459.000000
630.666667 474.666667
632.000000 490.666667
632.666667 507.333333
633.333333 524.333333
634.000000 541.333333
634.666667 558.000000
635.000000 574.666667
635.000000 591.333333
635.333333 607.666667
635.666667 623.666667
636.000000 639.000000
636.000000 654.000000
636.333333 668.333333
636.666667 682.666667
637.000000 696.333333
637.333333 709.333333
637.666667 721.666667
638.000000 734.000000
638.333333 745.333333
639.000000 755.666667
640.000000 764.666667
641.000000 773.333333
642.000000 781.666667
643.000000 789.666667
643.666667 796.666667
644.333333 802.666667
644.666667 807.666667
645.000000 812.000000
645.000000 815.333333
645.000000 818.000000
645.000000 819.666667
645.000000 821.000000
645.000000 822.000000
645.000000 822.333333
644.666667 822.000000
644.333333 821.000000
644.000000 820.000000
643.666667 819.000000
