667.666667 604.000000
660.333333 611.333333
653.333333 618.000000
647.000000 623.666667
641.333333 629.000000
635.666667 634.333333
630.666667 640.000000
625.333333 646.333333
619.666667 652.666667
612.666667 659.666667
605.333333 666.000000
598.000000 672.333333
591.333333 677.666667
584.666667 683.000000
578.000000 688.000000
571.333333 693.000000
564.333333 698.333333
557.333333 704.000000
550.333333 710.000000
544.333333 715.666667
539.000000 720.666667
534.000000 725.000000
529.333333 728.666667
525.000000 732.000000
521.333333 734.333333
518.333333 736.333333
