955.000000 206.333333
969.666667 205.000000
996.333333 204.666667
1023.333333 205.333333
1051.666667 207.333333
1068.666667 210.333333
1086.000000 214.333333
1103.333333 219.333333
1120.666667 225.000000
1137.000000 231.333333
1152.666667 238.333333
1167.666667 246.666667
1182.000000 256.000000
1196.333333 266.000000
1210.000000 276.000000
1223.000000 286.000000
1235.333333 296.333333
1248.000000 307.000000
1260.333333 317.000000
1271.333333 326.666667
1281.333333 336.333333
1290.333333 347.000000
1298.333333 358.000000
1305.000000 369.000000
1310.666667 380.333333
1315.333333 392.000000
1318.666667 403.666667
1320.333333 415.000000
1320.333333 426.333333
1318.666667 438.333333
1315.666667 450.333333
1312.000000 462.333333
1307.333333 475.000000
1301.666667 488.666667
1294.333333 503.333333
1285.333333 518.666667
1275.000000 534.666667
1264.000000 551.666667
1251.666667 568.333333
1238.666667 585.000000
1224.333333 601.333333
1209.333333 617.666667
1193.666667 633.666667
1177.000000 648.666667
1160.000000 663.000000
1142.000000 677.000000
1123.000000 690.666667
1104.000000 703.666667
1083.333333 715.666667
1063.000000 727.000000
1041.333333 738.000000
1020.333333 748.666667
999.333333 758.333333
978.333333 766.666667
958.333333 774.000000
938.333333 781.000000
919.666667 787.666667
901.666667 794.333333
885.000000 800.666667
869.000000 806.666667
854.000000 812.000000
840.666667 816.666667
829.333333 820.666667
819.666667 824.000000
810.666667 826.666667
802.666667 828.666667
796.000000 830.000000
791.333333 831.000000
787.666667 831.333333
786.000000 831.000000
786.000000 830.000000
788.000000 829.000000
790.666667 827.666667
794.000000 825.666667
