737.333333 265.000000
730.000000 259.000000
722.000000 253.333333
713.000000 248.000000
704.000000 243.333333
695.000000 239.000000
685.666667 234.666667
675.666667 230.000000
665.000000 224.666667
654.333333 219.333333
644.000000 213.666667
633.333333 208.333333
622.333333 202.333333
611.000000 196.333333
600.333333 189.666667
589.666667 182.666667
579.000000 175.000000
568.000000 167.333333
557.666667 159.666667
548.000000 152.333333
538.666667 144.333333
529.333333 136.666667
519.666667 128.666667
511.000000 121.666667
503.000000 115.333333
496.333333 110.000000
490.333333 105.333333
485.000000 101.000000
480.000000 97.333333
475.000000 94.000000
470.333333 91.000000
466.333333 88.333333
462.666667 86.000000
459.333333 83.666667
456.000000 81.333333
453.333333 79.333333
451.000000 77.666667
449.000000 76.333333
447.333333 75.000000
446.000000 74.000000
445.000000 73.000000
