330.333333 354.666667
348.666667 353.333333
367.333333 352.000000
386.666667 351.000000
407.000000 350.000000
427.333333 349.000000
449.333333 348.000000
512.333333 347.666667
577.333333 348.000000
643.000000 349.000000
669.333333 350.333333
696.000000 352.000000
723.333333 354.000000
750.666667 356.666667
778.666667 359.666667
806.333333 363.333333
834.000000 367.000000
861.000000 371.000000
888.000000 375.000000
915.000000 379.000000
941.666667 382.666667
968.000000 386.333333
993.333333 389.666667
1017.666667 393.000000
1041.000000 396.333333
1063.333333 400.333333
1085.333333 405.000000
1106.333333 410.000000
1127.000000 415.000000
1146.666667 420.000000
1165.333333 425.000000
1183.333333 430.000000
1200.333333 434.666667
1216.000000 439.333333
1230.000000 444.000000
1243.333333 449.000000
1256.333333 453.666667
1268.000000 458.333333
1278.000000 462.666667
1286.333333 466.666667
1294.000000 470.000000
1301.333333 473.000000
1308.333333 476.000000
1315.000000 478.666667
1320.666667 481.000000
1326.000000 482.666667
1330.666667 484.000000
