640.666667 165.333333
630.666667 164.000000
620.333333 163.000000
600.666667 162.666667
581.000000 163.000000
561.666667 164.000000
552.000000 165.000000
543.333333 166.666667
535.000000 168.666667
526.666667 171.666667
518.000000 175.000000
509.000000 179.333333
500.666667 184.000000
493.333333 189.333333
486.333333 195.333333
479.333333 202.333333
472.000000 210.333333
465.000000 218.666667
458.333333 227.666667
452.000000 237.333333
446.666667 248.000000
442.333333 259.333333
439.000000 271.333333
436.333333 284.333333
434.333333 298.000000
433.000000 312.333333
432.000000 327.333333
431.333333 343.000000
431.000000 358.000000
431.000000 372.333333
431.333333 385.666667
431.666667 399.000000
432.333333 411.666667
433.000000 424.666667
434.000000 438.333333
435.000000 452.000000
436.666667 466.000000
439.333333 480.000000
443.000000 494.666667
447.666667 508.666667
453.333333 523.000000
460.000000 537.666667
467.000000 552.666667
475.000000 567.333333
484.000000 581.666667
494.000000 595.333333
504.333333 608.000000
515.333333 620.333333
527.333333 632.666667
540.000000 644.666667
552.666667 655.666667
566.000000 666.333333
579.333333 676.666667
592.666667 687.000000
605.666667 697.333333
619.000000 707.333333
632.666667 717.000000
645.666667 726.000000
658.000000 735.333333
670.333333 744.333333
682.333333 752.666667
693.666667 759.666667
703.000000 765.333333
710.333333 769.666667
716.000000 772.666667
720.666667 774.666667
724.333333 775.333333
726.000000 774.333333
725.666667 771.666667
