364.666667 493.000000
380.000000 492.000000
392.000000 491.000000
404.333333 489.666667
416.000000 488.333333
428.666667 487.000000
441.666667 485.666667
455.000000 484.333333
469.000000 483.000000
483.333333 482.000000
504.000000 481.000000
546.333333 480.666667
590.000000 481.000000
628.666667 482.000000
652.666667 483.000000
682.666667 484.000000
719.000000 485.000000
763.000000 485.333333
807.666667 485.000000
853.000000 484.000000
890.666667 483.000000
921.333333 482.000000
950.333333 481.000000
980.666667 480.000000
1012.666667 479.000000
1051.333333 478.666667
1078.000000 479.000000
