1048.000000 285.666667
1047.333333 291.666667
1047.000000 298.666667
1047.000000 305.666667
1047.000000 313.333333
1047.666667 321.000000
1048.666667 329.666667
1050.333333 338.666667
1051.666667 347.666667
1053.333333 356.000000
1054.666667 364.000000
1056.000000 372.000000
1057.000000 380.333333
1057.666667 388.333333
1058.333333 396.333333
1058.666667 404.000000
1059.000000 412.000000
1059.333333 420.000000
1060.000000 430.666667
1060.666667 441.333333
1061.333333 451.666667
1061.666667 459.000000
1062.333333 465.666667
1063.000000 471.666667
1063.666667 477.000000
1064.333333 483.666667
1064.666667 489.666667
1065.000000 495.000000
1065.000000 497.666667
1065.000000 499.666667
1065.000000 501.000000
1065.000000 502.000000
1065.000000 503.000000
