232.000000 464.000000
251.000000 466.666667
271.000000 469.333333
291.000000 471.666667
311.666667 474.000000
332.000000 476.000000
353.000000 478.000000
373.666667 479.666667
394.333333 481.000000
415.333333 482.000000
436.666667 483.000000
458.333333 484.333333
479.666667 485.666667
501.666667 487.666667
523.333333 489.666667
546.000000 492.333333
568.000000 494.666667
590.333333 498.000000
612.000000 501.666667
633.333333 505.666667
654.666667 509.666667
675.333333 513.333333
696.333333 517.000000
717.000000 520.333333
738.333333 523.333333
760.000000 526.333333
782.666667 528.666667
805.666667 530.666667
839.000000 531.333333
873.333333 530.666667
910.000000 528.333333
938.666667 524.666667
968.000000 519.333333
996.333333 513.000000
1024.000000 506.000000
1049.666667 499.000000
