1240.666667 304.000000
1227.000000 302.000000
1213.000000 300.000000
1198.666667 298.333333
1184.000000 297.000000
1169.666667 296.000000
1154.666667 295.000000
1139.666667 294.000000
1124.333333 293.000000
1103.333333 292.000000
1081.333333 291.000000
1047.333333 290.000000
1002.000000 289.666667
951.333333 290.000000
913.000000 291.000000
886.333333 292.333333
865.666667 293.666667
845.000000 295.000000
829.333333 296.000000
813.666667 297.333333
798.333333 299.000000
783.333333 300.666667
768.333333 302.666667
754.000000 304.666667
741.000000 307.000000
729.000000 309.000000
716.666667 311.000000
705.000000 312.666667
694.333333 314.333333
685.333333 315.666667
673.666667 317.000000
662.333333 318.000000
646.333333 318.333333
633.666667 318.000000
621.000000 317.000000
614.666667 316.000000
609.333333 315.000000
605.000000 314.000000
600.333333 313.666667
