1183.666667 407.000000
1176.333333 408.000000
1169.000000 409.000000
1158.000000 410.333333
1146.000000 411.666667
1133.000000 413.000000
1123.333333 414.333333
1113.000000 416.000000
1102.000000 418.000000
1090.000000 420.333333
1078.333333 423.000000
1066.000000 425.666667
1053.333333 428.000000
1040.000000 430.333333
1027.333333 432.666667
1013.666667 435.000000
1000.000000 437.000000
986.000000 439.000000
972.333333 441.333333
958.333333 444.000000
944.333333 447.333333
930.666667 451.000000
916.333333 455.333333
901.666667 460.000000
886.666667 464.666667
871.666667 469.333333
856.666667 473.666667
842.000000 478.000000
827.333333 482.000000
812.333333 486.000000
797.666667 489.666667
783.333333 493.333333
769.000000 497.333333
754.333333 502.000000
740.000000 507.000000
725.333333 512.000000
711.000000 517.000000
697.000000 521.666667
683.666667 526.000000
670.333333 529.666667
657.666667 533.000000
646.333333 536.000000
636.000000 538.666667
626.333333 541.000000
616.666667 543.000000
607.666667 545.000000
599.333333 547.000000
592.333333 549.000000
586.333333 551.333333
581.000000 553.666667
576.333333 555.666667
572.333333 557.333333
569.000000 558.666667
566.666667 560.000000
