464.666667 150.000000
452.000000 152.666667
439.666667 156.333333
427.000000 161.000000
414.666667 166.000000
403.000000 171.333333
391.666667 177.333333
380.333333 183.333333
369.333333 189.333333
360.000000 195.000000
352.000000 201.000000
345.333333 207.666667
339.333333 215.000000
334.333333 223.000000
330.000000 231.333333
326.666667 240.333333
324.000000 250.000000
322.333333 260.333333
321.000000 271.000000
320.333333 282.333333
320.000000 294.000000
320.000000 306.000000
320.333333 318.333333
321.333333 331.333333
322.666667 344.666667
324.333333 358.000000
326.000000 371.000000
328.000000 384.333333
330.000000 397.666667
332.333333 411.000000
335.000000 424.333333
338.333333 437.666667
342.333333 451.000000
347.666667 463.666667
353.666667 476.333333
360.333333 489.000000
366.666667 501.333333
373.000000 513.333333
379.666667 525.000000
387.666667 537.333333
397.000000 549.333333
406.666667 561.333333
416.333333 572.666667
426.666667 584.666667
438.000000 596.333333
449.666667 607.666667
461.333333 618.666667
474.000000 630.000000
487.333333 641.666667
500.666667 652.666667
514.333333 663.666667
528.333333 674.333333
543.000000 685.333333
557.000000 696.000000
571.666667 706.333333
585.666667 715.666667
599.333333 724.333333
612.000000 732.333333
625.000000 739.666667
637.333333 745.666667
647.666667 750.000000
655.666667 753.000000
661.666667 754.666667
666.000000 756.000000
