380.333333 168.000000
379.666667 182.666667
379.333333 198.000000
379.000000 213.333333
379.000000 229.000000
379.000000 244.333333
379.000000 260.333333
379.000000 276.333333
379.333333 292.666667
379.666667 309.333333
380.000000 326.666667
380.000000 344.333333
380.000000 361.666667
379.666667 378.666667
379.333333 395.666667
378.666667 413.666667
378.000000 431.333333
377.333333 449.000000
376.666667 466.333333
376.000000 483.666667
375.333333 500.666667
374.666667 517.666667
374.333333 534.333333
374.000000 550.333333
373.666667 565.666667
373.666667 580.333333
373.666667 594.666667
374.000000 607.000000
374.333333 618.333333
374.666667 628.333333
375.333333 638.333333
375.666667 647.333333
376.333333 655.666667
376.666667 662.333333
377.333333 668.000000
377.666667 672.333333
378.000000 676.000000
378.333333 678.333333
378.666667 680.000000
379.000000 681.000000
379.000000 682.000000
