1316.333333 315.666667
1319.000000 325.333333
1322.000000 335.333333
1324.666667 346.333333
1327.000000 357.666667
1329.333333 369.000000
1331.666667 380.333333
1334.000000 391.666667
1335.666667 403.333333
1337.333333 415.000000
1338.666667 427.333333
1340.333333 440.000000
1341.666667 452.666667
1342.666667 465.333333
1343.333333 478.000000
1344.000000 491.333333
1344.666667 504.666667
1345.333333 518.333333
1345.666667 532.000000
1346.000000 546.000000
1346.000000 559.666667
1346.000000 573.333333
1346.000000 586.666667
1346.000000 599.666667
1346.000000 611.666667
1345.666667 623.000000
1345.333333 633.666667
1344.666667 644.000000
1344.333333 653.333333
1343.666667 662.000000
1343.000000 672.000000
1342.000000 681.666667
1341.333333 691.000000
1340.666667 698.000000
1340.000000 704.333333
1339.000000 710.333333
1338.000000 716.000000
1337.000000 721.666667
1336.000000 727.000000
