1133.000000 143.000000
1159.333333 144.666667
1186.000000 146.666667
1206.000000 149.333333
1226.333333 152.333333
1246.000000 156.333333
1265.333333 161.666667
1284.000000 168.000000
1302.000000 175.000000
1319.333333 182.666667
1336.000000 191.333333
1351.666667 201.000000
1366.000000 211.000000
1378.666667 221.333333
1391.333333 232.666667
1403.333333 245.333333
1414.333333 258.666667
1423.666667 272.333333
1431.666667 286.666667
1438.666667 301.333333
1445.000000 316.333333
1450.666667 331.333333
1455.333333 346.666667
1459.000000 362.000000
1461.333333 376.666667
1463.000000 391.333333
1463.000000 405.333333
1462.000000 419.000000
1459.666667 431.666667
1456.666667 444.333333
1453.000000 456.333333
1448.333333 468.000000
1442.000000 479.333333
1434.000000 491.333333
1424.666667 503.666667
1415.000000 516.333333
1405.000000 529.000000
1394.000000 542.000000
1382.333333 554.666667
1369.000000 567.333333
1354.333333 580.000000
1338.333333 592.666667
1320.333333 605.000000
1301.666667 616.333333
1280.333333 627.333333
1258.333333 638.000000
1234.000000 649.000000
1209.333333 658.666667
1183.333333 667.000000
1156.000000 673.666667
1128.000000 680.000000
1099.000000 686.000000
1070.000000 691.666667
1040.333333 697.000000
1010.000000 701.666667
980.333333 706.333333
951.000000 710.333333
924.333333 714.000000
902.000000 716.666667
885.000000 719.000000
873.000000 720.666667
863.000000 722.000000
856.666667 722.333333
852.666667 722.000000
851.333333 720.000000
