749.000000 319.000000
758.000000 321.000000
767.666667 323.000000
778.000000 324.666667
788.666667 326.000000
799.333333 327.000000
811.000000 328.000000
831.333333 328.333333
857.000000 328.000000
882.666667 327.000000
902.000000 325.666667
917.333333 324.333333
933.333333 322.666667
949.333333 320.666667
965.333333 318.333333
981.000000 315.666667
996.333333 313.333333
1012.000000 310.333333
1027.666667 307.666667
1044.000000 304.666667
1060.000000 302.333333
1076.333333 300.000000
1092.333333 297.666667
1108.666667 295.666667
1124.666667 293.666667
1140.666667 292.000000
1156.000000 290.000000
1170.666667 288.333333
1184.333333 286.666667
1198.000000 285.000000
1211.333333 283.333333
1223.333333 282.000000
1234.000000 280.666667
1244.000000 279.333333
1254.000000 277.666667
1263.666667 276.333333
1272.333333 275.000000
1279.666667 274.000000
1285.333333 273.000000
1290.333333 272.000000
1294.333333 271.000000
1298.000000 270.000000
