556.333333 137.000000
546.666667 138.666667
537.000000 141.000000
526.333333 144.333333
515.333333 148.333333
504.333333 153.000000
493.666667 159.000000
482.666667 165.666667
471.666667 172.666667
461.000000 179.000000
451.333333 185.333333
442.333333 192.333333
432.666667 200.333333
423.000000 209.000000
413.333333 218.000000
405.000000 228.000000
397.333333 239.000000
390.333333 251.000000
384.333333 263.000000
378.666667 275.666667
373.333333 289.666667
367.666667 304.000000
362.333333 318.666667
357.666667 333.333333
353.666667 348.333333
350.666667 362.666667
348.000000 375.666667
346.333333 388.333333
345.000000 400.666667
344.666667 412.666667
345.000000 424.000000
346.000000 435.000000
348.000000 446.333333
351.333333 457.333333
356.000000 468.000000
361.000000 478.666667
366.333333 490.000000
371.666667 501.333333
377.333333 512.333333
382.666667 523.000000
388.333333 533.666667
394.666667 544.000000
401.333333 553.333333
408.000000 561.666667
413.666667 568.666667
419.000000 575.333333
424.000000 582.000000
429.333333 588.666667
435.666667 595.666667
443.333333 603.000000
452.000000 611.000000
461.000000 619.000000
471.333333 627.333333
482.666667 636.333333
495.000000 645.333333
507.666667 654.333333
521.333333 663.000000
535.666667 671.333333
549.666667 679.333333
564.333333 686.666667
579.333333 694.000000
594.666667 700.666667
610.000000 707.000000
624.666667 712.333333
638.000000 717.000000
648.000000 720.333333
655.333333 723.000000
660.666667 724.666667
665.333333 726.000000
