473.000000 157.000000
474.333333 172.000000
475.333333 188.000000
476.333333 205.000000
476.666667 222.666667
477.000000 241.000000
477.000000 260.000000
476.666667 279.333333
476.000000 299.000000
475.333333 319.666667
474.666667 340.000000
474.000000 360.000000
473.333333 379.000000
473.000000 398.000000
472.666667 417.000000
472.333333 435.666667
472.000000 454.000000
472.000000 472.000000
472.333333 489.333333
472.666667 506.333333
473.333333 523.000000
473.666667 539.333333
474.333333 554.333333
475.000000 568.333333
475.666667 582.000000
476.333333 595.000000
476.666667 606.666667
477.333333 617.000000
478.000000 627.000000
478.666667 636.666667
479.000000 645.666667
479.333333 653.666667
479.666667 660.333333
480.000000 665.666667
480.333333 669.666667
480.666667 672.666667
481.333333 674.666667
