634.666667 363.000000
635.333333 369.666667
636.000000 376.000000
637.000000 382.333333
638.000000 389.333333
639.000000 397.000000
640.000000 405.000000
641.333333 413.000000
642.666667 421.000000
644.000000 429.666667
645.333333 439.333333
646.666667 449.666667
648.666667 459.666667
650.666667 469.333333
653.333333 479.000000
655.666667 489.666667
658.000000 500.333333
660.333333 511.333333
662.666667 522.000000
665.333333 533.666667
667.666667 545.333333
670.000000 556.666667
672.000000 567.333333
674.000000 578.000000
676.000000 589.000000
678.000000 599.333333
680.000000 609.000000
682.333333 617.666667
685.000000 626.333333
688.000000 634.666667
691.000000 643.000000
694.000000 650.333333
697.000000 657.333333
700.000000 663.333333
702.666667 669.333333
705.333333 674.666667
707.666667 680.000000
710.000000 685.333333
712.000000 691.000000
713.666667 697.000000
715.000000 702.666667
716.000000 708.000000
717.000000 712.333333
718.000000 716.000000
718.666667 718.666667
719.333333 720.666667
719.666667 722.000000
