314.000000 232.000000
322.666667 236.666667
331.666667 241.666667
341.333333 246.666667
351.666667 252.000000
362.000000 257.333333
372.333333 263.000000
383.333333 269.000000
394.666667 275.000000
406.000000 281.000000
417.333333 287.000000
429.000000 293.333333
441.333333 300.000000
453.333333 307.000000
465.333333 314.000000
477.333333 321.333333
489.666667 329.000000
501.666667 337.333333
513.666667 346.333333
526.000000 356.000000
538.666667 365.333333
550.333333 374.000000
560.666667 381.333333
570.000000 388.000000
579.000000 393.666667
587.000000 398.666667
594.000000 402.333333
599.333333 405.000000
603.666667 406.666667
