814.666667 265.333333
803.333333 273.666667
792.666667 282.000000
782.666667 290.333333
773.333333 299.333333
763.666667 308.666667
754.666667 317.666667
746.333333 326.000000
739.333333 334.000000
733.000000 342.333333
727.666667 350.666667
723.333333 358.666667
720.333333 366.000000
718.333333 372.666667
717.333333 379.000000
717.333333 384.666667
718.000000 390.333333
719.666667 396.666667
722.333333 403.666667
726.666667 410.666667
732.666667 417.333333
739.666667 423.666667
747.333333 430.000000
755.333333 436.333333
765.000000 443.000000
776.000000 450.000000
788.000000 456.666667
801.333333 463.000000
815.666667 469.000000
831.000000 474.666667
847.000000 479.666667
864.000000 484.000000
882.666667 488.000000
902.000000 491.666667
922.333333 495.000000
943.000000 497.666667
964.666667 500.000000
986.666667 501.666667
1023.333333 502.333333
1059.666667 501.666667
1095.333333 500.000000
1115.333333 497.666667
1134.666667 494.666667
1153.000000 490.666667
1171.333333 485.666667
1189.000000 479.333333
1206.000000 472.333333
1222.000000 464.666667
1236.666667 457.000000
1251.000000 448.666667
1264.333333 440.333333
1276.666667 431.666667
1287.666667 423.000000
1298.333333 414.333333
1308.000000 406.333333
1316.666667 399.666667
1323.333333 394.000000
1328.666667 389.666667
1332.333333 386.333333
1335.000000 384.000000
1336.333333 382.333333
1337.333333 381.000000
1337.666667 380.666667
