825.333333 152.666667
826.000000 163.333333
827.000000 171.666667
828.333333 180.000000
829.666667 188.666667
831.000000 197.666667
832.000000 207.000000
832.666667 216.000000
833.333333 224.666667
833.666667 235.666667
834.000000 246.333333
834.000000 257.333333
834.000000 265.666667
834.333333 273.666667
834.666667 281.333333
834.666667 288.666667
834.333333 296.000000
834.000000 303.000000
834.000000 310.000000
834.000000 316.666667
834.000000 322.666667
834.000000 328.000000
834.000000 333.000000
834.333333 337.666667
834.666667 343.666667
835.000000 348.333333
835.000000 352.333333
835.000000 353.666667
835.000000 355.000000
