1013.666667 598.666667
1016.333333 604.000000
1019.666667 609.666667
1023.666667 615.000000
1028.666667 620.333333
1033.333333 624.666667
1038.000000 629.333333
1041.666667 633.666667
1045.333333 638.333333
1048.666667 643.000000
1051.666667 648.333333
1054.000000 653.666667
1056.000000 659.333333
1058.000000 664.666667
1060.000000 670.666667
1062.000000 677.000000
1063.666667 684.333333
1065.333333 691.666667
1067.333333 699.000000
1070.333333 706.333333
1074.000000 713.666667
1078.000000 721.000000
1082.000000 727.666667
1085.666667 734.333333
1088.666667 741.000000
1091.000000 747.666667
1093.000000 754.333333
1095.000000 761.333333
1096.666667 769.333333
1098.333333 778.000000
1099.666667 786.666667
