939.333333 249.666667
940.666667 245.000000
942.000000 239.666667
942.666667 234.000000
943.000000 228.000000
943.000000 221.666667
943.333333 215.666667
943.666667 210.000000
944.000000 205.000000
943.333333 199.666667
942.000000 194.000000
939.666667 188.000000
936.666667 181.666667
933.333333 174.666667
930.000000 167.666667
927.000000 160.333333
924.333333 152.666667
922.000000 144.000000
920.666667 135.333333
919.666667 127.333333
919.333333 120.333333
919.000000 114.333333
919.000000 109.333333
