840.000000 319.666667
834.000000 316.000000
828.000000 312.333333
821.666667 308.666667
815.000000 305.333333
807.666667 301.666667
800.000000 298.333333
792.000000 295.000000
784.333333 292.000000
776.666667 289.000000
768.666667 285.666667
760.000000 282.000000
751.333333 278.333333
743.000000 274.666667
735.333333 271.000000
727.666667 267.000000
719.666667 263.000000
711.333333 259.333333
703.000000 256.000000
695.333333 253.333333
688.333333 251.000000
682.000000 249.000000
676.333333 247.000000
670.666667 245.333333
665.333333 243.666667
660.000000 242.333333
655.333333 241.000000
650.000000 240.000000
645.000000 239.000000
