569.666667 117.666667
554.333333 122.000000
539.333333 127.666667
524.333333 134.000000
510.000000 141.666667
496.666667 150.333333
483.333333 160.000000
469.666667 170.000000
456.333333 180.333333
444.000000 191.333333
431.666667 203.333333
419.666667 215.000000
408.333333 226.666667
397.666667 238.000000
387.333333 249.666667
377.333333 261.333333
368.000000 272.666667
359.333333 284.666667
351.666667 297.000000
345.333333 310.666667
340.666667 325.000000
337.000000 340.333333
334.666667 355.666667
333.000000 371.000000
332.000000 386.000000
331.333333 400.666667
331.000000 415.333333
331.333333 429.666667
332.000000 443.666667
333.000000 456.333333
334.333333 468.666667
336.000000 480.666667
338.666667 493.333333
342.666667 505.333333
348.666667 518.000000
356.000000 531.333333
364.333333 545.666667
373.666667 560.333333
384.666667 575.666667
396.666667 591.666667
410.000000 608.666667
424.000000 626.000000
439.000000 643.666667
454.666667 660.333333
471.000000 676.666667
487.666667 692.000000
505.000000 706.666667
522.333333 719.333333
539.666667 730.666667
557.000000 741.000000
574.333333 750.000000
591.666667 757.666667
608.333333 764.000000
624.333333 769.000000
639.333333 772.666667
652.666667 775.000000
665.000000 777.000000
