573.333333 236.000000
562.666667 243.333333
553.666667 249.666667
546.666667 254.333333
541.666667 258.000000
538.333333 260.333333
536.666667 262.000000
536.000000 262.333333
539.000000 260.666667
545.666667 256.666667
557.666667 250.333333
572.000000 242.333333
589.000000 232.666667
607.333333 222.000000
626.666667 211.000000
646.666667 199.000000
666.000000 186.666667
684.333333 174.666667
700.666667 164.000000
715.333333 155.000000
728.333333 147.333333
738.666667 141.666667
746.000000 137.666667
750.666667 135.000000
753.666667 134.000000
753.333333 136.333333
749.000000 142.333333
740.000000 151.666667
728.000000 162.666667
714.000000 175.000000
698.000000 188.666667
681.333333 202.666667
664.000000 217.000000
646.666667 231.333333
629.666667 245.333333
614.000000 258.666667
600.666667 270.000000
590.000000 279.333333
581.666667 286.666667
575.666667 292.000000
571.666667 295.666667
569.333333 297.666667
569.666667 298.000000
575.000000 295.666667
585.000000 289.666667
599.666667 280.666667
