1226.333333 451.333333
1208.000000 452.666667
1189.000000 454.000000
1169.333333 455.000000
1149.666667 456.000000
1129.000000 457.333333
1108.666667 458.666667
1087.000000 460.333333
1065.333333 461.666667
1042.333333 463.333333
1019.333333 465.000000
995.000000 467.000000
970.666667 469.000000
945.666667 471.000000
921.000000 473.000000
896.000000 475.000000
871.000000 477.000000
845.333333 479.000000
819.666667 481.333333
793.666667 483.666667
767.666667 486.000000
741.333333 488.000000
714.666667 490.333333
688.333333 493.000000
662.000000 496.000000
636.333333 499.333333
610.333333 503.333333
585.000000 507.666667
559.666667 512.000000
535.666667 516.000000
512.000000 520.000000
490.333333 523.666667
470.000000 526.666667
450.666667 529.333333
432.000000 531.666667
414.666667 534.000000
398.333333 535.666667
382.666667 537.000000
