1058.333333 94.333333
1085.666667 97.666667
1106.333333 103.000000
1128.000000 110.000000
1149.000000 118.333333
1170.333333 127.333333
1191.000000 137.333333
1211.333333 148.333333
1231.666667 160.000000
1251.333333 172.666667
1271.333333 186.333333
1290.666667 201.000000
1309.000000 216.333333
1326.000000 232.333333
1341.666667 248.666667
1356.333333 265.666667
1369.000000 282.666667
1379.333333 300.333333
1387.666667 318.333333
1394.333333 336.333333
1399.666667 354.000000
1403.333333 371.333333
1406.000000 388.666667
1407.333333 405.666667
1408.000000 422.333333
1407.333333 438.333333
1405.666667 454.000000
1402.666667 469.000000
1398.666667 484.666667
1393.666667 500.333333
1387.000000 516.000000
1378.666667 531.000000
1369.000000 545.666667
1358.000000 560.000000
1345.666667 574.333333
1331.666667 588.333333
1315.666667 602.000000
1298.333333 614.666667
1279.000000 627.000000
1259.000000 639.333333
1237.000000 651.333333
1214.000000 662.666667
1189.333333 673.333333
1164.333333 683.666667
1138.333333 693.666667
1112.000000 703.000000
1084.666667 711.666667
1056.333333 719.333333
1027.666667 725.666667
998.666667 731.000000
970.333333 735.666667
942.000000 739.666667
913.666667 742.333333
886.000000 744.000000
848.000000 744.333333
814.000000 744.000000
786.333333 743.000000
