749.333333 755.666667
758.000000 747.333333
767.333333 739.000000
776.666667 730.333333
786.000000 721.000000
795.333333 711.333333
805.000000 702.000000
815.666667 692.333333
827.000000 682.000000
838.666667 670.666667
850.333333 659.666667
862.000000 648.666667
874.000000 638.333333
885.666667 627.666667
897.333333 617.333333
909.000000 607.000000
921.000000 597.666667
933.000000 588.666667
945.333333 579.666667
958.333333 570.333333
971.666667 561.000000
985.000000 552.333333
1000.666667 541.333333
1014.333333 531.333333
1025.333333 522.666667
1031.000000 518.000000
1035.333333 514.333333
1038.666667 511.000000
1040.666667 508.333333
1042.000000 506.000000
1042.666667 504.333333
1042.000000 500.333333
1040.333333 496.333333
