1045.333333 220.333333
1068.000000 216.666667
1090.333333 214.333333
1113.333333 213.666667
1135.666667 214.333333
1157.333333 216.333333
1178.666667 219.666667
1199.000000 224.333333
1219.333333 230.000000
1238.666667 237.000000
1257.000000 245.333333
1274.666667 255.666667
1291.666667 267.333333
1308.000000 280.666667
1323.000000 295.000000
1337.000000 310.666667
1350.666667 327.666667
1363.000000 345.333333
1373.666667 362.666667
1382.666667 380.000000
1390.333333 397.000000
1396.333333 414.000000
1401.000000 430.333333
1404.000000 445.666667
1405.666667 460.000000
1405.666667 472.666667
1404.666667 485.000000
1402.333333 497.333333
1399.000000 509.333333
1395.000000 520.666667
1389.666667 531.666667
1382.666667 543.000000
1374.000000 554.333333
1363.666667 565.000000
1351.333333 575.000000
1337.000000 585.000000
1320.666667 595.666667
1303.000000 606.000000
1283.000000 616.333333
1262.333333 626.000000
1239.666667 636.666667
1216.333333 647.333333
1191.333333 658.000000
1166.333333 667.666667
1140.666667 677.000000
1115.000000 686.000000
1088.666667 694.666667
1062.333333 703.333333
1036.000000 711.000000
1010.333333 718.000000
985.333333 723.666667
962.000000 729.000000
939.666667 733.666667
919.333333 737.666667
901.333333 740.666667
887.000000 743.000000
875.666667 745.000000
866.666667 746.666667
859.666667 748.000000
