1207.000000 584.333333
1195.000000 579.666667
1182.333333 573.333333
1168.666667 566.000000
1154.333333 557.666667
1139.000000 549.000000
1123.333333 539.666667
1107.333333 529.666667
1091.000000 519.666667
1074.333333 509.666667
1057.666667 500.666667
1041.333333 492.000000
1025.000000 484.333333
1008.666667 477.333333
993.000000 471.000000
978.000000 465.333333
963.333333 460.000000
949.000000 455.333333
936.333333 451.333333
925.333333 447.666667
914.333333 444.000000
903.333333 440.333333
893.000000 437.000000
884.333333 434.000000
877.333333 431.333333
871.666667 429.000000
867.000000 427.000000
863.333333 425.333333
860.000000 423.666667
857.666667 422.333333
855.666667 421.000000
854.666667 420.000000
