1391.000000 219.000000
1363.333333 224.000000
1334.666667 229.000000
1305.666667 233.666667
1276.000000 238.333333
1245.666667 243.000000
1214.333333 248.000000
1182.333333 253.333333
1149.333333 259.000000
1116.333333 265.000000
1082.333333 271.000000
1047.666667 277.000000
1012.333333 283.000000
977.000000 289.000000
942.333333 295.333333
908.000000 302.333333
873.666667 310.000000
839.333333 317.666667
805.333333 325.333333
771.333333 333.333333
737.000000 342.333333
703.000000 352.000000
670.000000 362.000000
638.333333 371.666667
