1006.666667 337.333333
1018.333333 346.333333
1030.000000 355.666667
1041.666667 365.333333
1053.666667 374.666667
1066.000000 384.333333
1077.666667 394.000000
1090.000000 404.333333
1103.000000 414.333333
1116.666667 424.333333
1130.666667 434.333333
1145.666667 445.000000
1161.333333 455.333333
1177.666667 465.000000
1194.000000 474.000000
1210.666667 483.333333
1227.666667 492.666667
1244.333333 502.000000
1260.000000 510.666667
1274.666667 518.666667
1289.000000 526.333333
1303.000000 533.333333
1316.000000 540.666667
1327.333333 547.333333
1338.333333 554.000000
1348.666667 560.000000
1358.666667 565.666667
1367.666667 570.666667
1375.666667 575.000000
1382.666667 579.000000
1388.666667 582.666667
1394.333333 585.666667
1399.333333 588.000000
1404.000000 590.000000
1408.000000 591.666667
1411.333333 593.000000
1414.333333 594.000000
1415.666667 594.333333
1415.000000 594.000000
1412.000000 592.666667
