415.000000 445.666667
405.333333 456.333333
397.000000 466.000000
389.333333 474.666667
382.666667 482.333333
377.333333 488.666667
373.666667 493.333333
371.333333 496.333333
370.000000 498.000000
372.333333 497.000000
379.000000 492.666667
390.333333 484.333333
403.333333 473.333333
418.333333 460.666667
434.666667 446.333333
452.666667 431.000000
470.666667 414.666667
488.333333 398.333333
504.666667 382.666667
519.666667 368.666667
533.000000 357.000000
544.333333 347.666667
553.000000 341.000000
559.666667 336.333333
564.000000 333.666667
566.666667 334.666667
565.333333 340.333333
560.666667 350.000000
552.666667 361.333333
542.666667 373.666667
530.666667 387.333333
517.333333 402.333333
503.666667 418.333333
489.666667 435.000000
475.333333 451.333333
461.666667 467.000000
449.000000 481.666667
437.333333 495.666667
426.666667 507.666667
417.666667 517.666667
410.666667 525.000000
406.000000 530.333333
403.000000 533.666667
404.666667 534.333333
410.333333 531.000000
421.333333 523.333333
434.333333 512.666667
449.333333 499.666667
466.333333 485.000000
