883.000000 175.333333
908.000000 176.666667
933.333333 178.333333
959.000000 179.666667
985.000000 181.333333
1011.333333 182.666667
1037.666667 184.333333
1065.000000 186.000000
1092.333333 187.666667
1120.333333 189.333333
1148.000000 190.666667
1176.333333 192.333333
1205.333333 194.000000
1234.333333 196.000000
1263.000000 198.333333
1291.000000 201.000000
1318.000000 204.000000
1344.000000 207.333333
1368.333333 210.666667
1391.333333 214.333333
1412.666667 218.000000
1432.333333 221.333333
1450.000000 224.666667
1465.000000 227.333333
1478.000000 230.333333
1489.000000 232.333333
1498.333333 234.000000
