991.666667 151.000000
1008.000000 149.333333
1036.333333 148.666667
1065.333333 149.000000
1094.666667 150.666667
1112.333333 153.000000
1129.666667 156.333333
1147.000000 160.333333
1164.333333 165.000000
1181.333333 170.333333
1197.666667 176.000000
1213.666667 182.000000
1228.666667 188.666667
1243.666667 196.666667
1257.666667 205.666667
1271.000000 215.666667
1282.666667 226.000000
1294.000000 237.666667
1304.666667 250.000000
1314.666667 262.666667
1323.000000 275.666667
1329.666667 289.000000
1334.333333 302.666667
1337.666667 316.333333
1339.333333 330.000000
1339.333333 344.000000
1338.000000 357.666667
1335.000000 371.333333
1330.333333 385.000000
1324.000000 398.666667
1317.000000 412.666667
1310.000000 427.000000
1302.333333 441.666667
1293.333333 456.000000
1283.333333 469.666667
1272.666667 483.666667
1262.000000 497.000000
1250.000000 510.333333
1237.333333 522.666667
1223.666667 535.000000
1209.333333 547.000000
1194.000000 558.333333
1177.333333 569.333333
1160.000000 580.000000
1142.000000 590.666667
1123.333333 601.000000
1104.333333 610.666667
1084.333333 620.333333
1064.333333 629.333333
1043.666667 638.333333
1023.333333 646.666667
1003.000000 654.666667
982.666667 662.000000
962.666667 668.333333
943.333333 673.666667
924.666667 678.000000
907.000000 681.666667
890.000000 684.666667
874.000000 687.000000
859.000000 689.000000
846.000000 690.666667
834.333333 692.000000
825.333333 693.000000
819.000000 693.333333
817.000000 692.666667
