910.000000 181.333333
932.000000 177.333333
954.333333 174.000000
977.666667 171.666667
1000.666667 170.000000
1032.333333 170.000000
1064.333333 171.666667
1096.333333 175.333333
1120.000000 180.333333
1142.333333 186.666667
1163.333333 194.333333
1183.333333 204.000000
1201.666667 215.000000
1218.000000 227.666667
1231.666667 241.333333
1243.333333 257.000000
1253.333333 274.000000
1262.000000 292.000000
1269.000000 310.666667
1274.333333 329.666667
1277.333333 348.666667
1277.666667 367.666667
1275.666667 386.666667
1272.000000 406.333333
1267.333333 425.666667
1262.000000 444.333333
1255.333333 463.000000
1247.000000 481.666667
1236.666667 500.666667
1224.666667 519.666667
1211.000000 538.333333
1195.666667 557.000000
1178.000000 575.333333
1159.000000 593.333333
1138.333333 611.333333
1117.000000 628.333333
1094.000000 644.666667
1071.000000 659.666667
1046.666667 674.000000
1022.333333 687.333333
996.333333 699.666667
971.000000 710.333333
945.333333 719.666667
921.000000 727.666667
896.666667 734.666667
874.000000 740.666667
853.000000 746.000000
834.000000 751.333333
817.666667 756.333333
804.333333 760.333333
794.666667 763.000000
788.000000 765.000000
783.000000 766.666667
