615.000000 254.000000
650.000000 255.000000
677.666667 256.000000
706.000000 257.000000
735.333333 258.000000
765.333333 259.666667
796.000000 262.333333
826.666667 266.000000
857.333333 270.000000
887.666667 274.333333
918.000000 279.000000
948.000000 284.000000
977.333333 289.000000
1006.000000 294.000000
1033.666667 299.000000
1061.000000 304.666667
1087.333333 310.666667
1113.000000 316.666667
1137.666667 322.000000
1161.333333 327.000000
1184.333333 331.666667
1206.666667 336.000000
1228.333333 339.666667
