1132.666667 455.000000
1107.666667 456.000000
1082.000000 457.333333
1055.000000 459.000000
1027.333333 461.333333
998.666667 464.000000
970.000000 467.000000
941.333333 470.000000
912.000000 473.000000
883.000000 476.000000
853.666667 478.666667
824.333333 481.333333
795.000000 484.000000
765.000000 487.000000
735.000000 490.000000
704.333333 493.666667
673.666667 497.666667
642.666667 502.666667
611.666667 507.666667
580.333333 513.000000
549.333333 518.000000
518.000000 523.000000
486.666667 528.000000
455.333333 533.333333
