740.333333 467.666667
733.666667 473.000000
726.666667 478.333333
718.666667 483.666667
710.000000 489.000000
701.333333 493.666667
693.333333 498.333333
686.000000 503.333333
678.666667 509.000000
670.666667 515.000000
662.000000 521.000000
653.333333 527.000000
644.666667 533.666667
635.666667 541.000000
625.666667 549.666667
615.000000 558.666667
604.333333 568.000000
593.666667 577.333333
583.000000 586.666667
572.333333 595.666667
562.333333 603.666667
553.333333 611.000000
545.000000 617.666667
537.666667 623.666667
530.333333 629.333333
523.666667 634.333333
