1145.666667 172.666667
1146.000000 181.333333
1146.000000 190.333333
1146.000000 200.333333
1146.000000 210.666667
1146.000000 221.000000
1146.000000 231.000000
1146.333333 241.666667
1146.666667 253.000000
1147.000000 264.666667
1147.000000 276.666667
1147.333333 288.666667
1147.666667 301.333333
1148.000000 314.000000
1148.333333 327.000000
1148.666667 340.333333
1149.333333 353.666667
1149.666667 367.000000
1150.333333 380.333333
1151.000000 394.000000
1151.666667 407.666667
1152.333333 421.000000
1152.666667 434.000000
1153.333333 447.000000
1153.666667 459.333333
1154.000000 471.333333
1154.000000 483.000000
1154.000000 494.666667
1153.666667 505.666667
1153.333333 516.000000
1152.666667 525.666667
1152.000000 535.333333
1151.333333 544.666667
1150.333333 554.000000
1149.333333 562.333333
1147.666667 570.000000
1146.000000 576.666667
1144.000000 583.333333
1141.666667 589.666667
1139.333333 595.333333
1136.333333 600.000000
1133.333333 604.000000
1130.000000 608.000000
1127.000000 611.666667
1124.333333 614.666667
1122.333333 616.666667
1121.000000 618.000000
1120.000000 619.000000
1119.333333 620.000000
