996.333333 221.000000
996.666667 230.333333
997.000000 240.333333
997.333333 251.000000
997.666667 262.000000
998.000000 273.666667
998.333333 286.000000
998.666667 299.000000
999.000000 312.333333
999.000000 326.333333
999.000000 341.000000
999.000000 355.666667
999.000000 370.666667
999.000000 385.666667
999.000000 400.666667
999.000000 415.666667
999.000000 431.000000
999.000000 446.666667
999.000000 462.333333
999.000000 478.000000
999.333333 493.333333
999.666667 508.333333
1000.333333 523.333333
1000.666667 538.333333
1001.333333 552.666667
1002.000000 566.000000
1003.000000 579.000000
1004.000000 591.333333
1005.000000 602.666667
1006.000000 613.000000
1007.000000 623.000000
1008.000000 632.666667
1009.000000 642.000000
1010.333333 650.666667
1011.666667 658.333333
1013.000000 665.000000
1014.000000 670.666667
1015.000000 675.666667
1015.666667 679.666667
1016.333333 683.000000
1016.666667 685.666667
1017.333333 687.666667
1017.666667 689.000000
1018.333333 690.000000
