801.333333 348.000000
802.666667 355.333333
804.000000 362.666667
805.000000 369.666667
806.000000 376.333333
807.000000 382.666667
808.000000 389.333333
809.000000 396.333333
810.000000 403.666667
811.000000 411.000000
812.000000 418.000000
813.000000 424.666667
814.000000 431.333333
815.000000 438.000000
816.333333 445.000000
817.666667 452.333333
819.000000 459.666667
820.333333 466.666667
822.000000 473.333333
824.000000 479.666667
826.000000 486.666667
828.000000 494.000000
830.333333 501.666667
832.666667 509.000000
835.333333 515.666667
838.000000 522.333333
841.000000 528.666667
843.666667 535.000000
846.000000 541.333333
848.000000 548.000000
850.000000 554.666667
851.666667 560.666667
853.000000 566.000000
854.000000 570.666667
854.666667 574.666667
855.333333 577.666667
855.666667 580.000000
856.333333 582.000000
856.666667 583.666667
857.000000 585.000000
857.000000 586.000000
857.000000 587.000000
857.333333 588.000000
857.666667 589.000000
