827.000000 206.000000
827.000000 219.666667
827.000000 234.000000
827.000000 248.666667
827.000000 263.333333
827.000000 278.666667
827.000000 294.333333
827.000000 310.333333
827.000000 326.333333
827.333333 342.333333
827.666667 358.333333
828.333333 374.000000
828.666667 390.000000
829.000000 405.666667
829.333333 421.666667
829.666667 437.333333
830.333333 453.333333
831.000000 469.333333
831.666667 485.666667
832.000000 502.333333
832.000000 519.000000
832.000000 535.666667
832.000000 551.666667
832.000000 567.333333
831.666667 582.333333
831.333333 596.666667
830.666667 609.666667
830.333333 622.000000
829.666667 634.000000
829.333333 645.333333
828.666667 655.333333
828.000000 664.000000
827.000000 671.666667
826.333333 679.000000
825.666667 685.333333
825.000000 691.000000
824.333333 696.000000
823.666667 700.666667
823.333333 704.666667
822.666667 707.666667
822.333333 710.000000
822.000000 711.666667
822.000000 713.000000
