508.333333 261.666667
527.666667 259.333333
547.333333 257.333333
567.333333 255.666667
588.000000 254.333333
609.000000 252.666667
630.000000 251.333333
651.666667 249.666667
673.666667 248.333333
696.333333 247.000000
718.666667 246.000000
742.000000 245.000000
765.666667 244.000000
790.000000 243.000000
813.666667 242.000000
846.000000 241.000000
887.333333 240.000000
938.000000 239.000000
989.000000 238.000000
1031.666667 237.000000
1066.333333 236.000000
1093.000000 235.000000
1119.666667 234.000000
1146.000000 232.666667
1172.000000 231.333333
1198.000000 230.000000
1224.000000 228.666667
1249.666667 227.333333
1275.000000 225.666667
1299.666667 224.333333
1324.000000 223.000000
1347.666667 222.000000
1371.000000 221.000000
1393.666667 220.000000
