532.666667 395.000000
572.333333 394.000000
600.666667 393.000000
623.000000 392.000000
646.333333 391.000000
670.000000 390.000000
694.000000 389.000000
727.000000 388.000000
760.666667 387.000000
804.000000 386.000000
839.000000 385.666667
893.333333 385.333333
1028.666667 385.000000
1167.666667 384.000000
1284.333333 383.000000
1307.000000 382.000000
1321.666667 381.000000
1335.000000 380.000000
1347.666667 379.000000
1359.333333 377.666667
1369.333333 376.333333
1377.333333 375.000000
1383.666667 374.000000
1388.333333 373.000000
1392.000000 372.000000
1382.333333 369.333333
1368.333333 366.666667
