893.333333 191.333333
899.000000 188.666667
905.333333 186.000000
913.666667 182.666667
923.333333 179.000000
934.000000 175.000000
944.333333 171.333333
956.333333 167.666667
969.333333 164.333333
983.333333 161.333333
998.333333 159.000000
1014.333333 157.000000
1032.000000 155.333333
1049.333333 154.666667
1067.333333 155.000000
1086.000000 156.333333
1104.666667 158.333333
1123.000000 161.333333
1140.666667 165.333333
1157.666667 170.333333
1174.333333 176.000000
1190.000000 182.000000
1205.333333 188.666667
1220.000000 196.666667
1234.000000 206.000000
1248.333333 216.000000
1262.666667 226.333333
1276.666667 237.333333
1290.666667 249.333333
1304.000000 261.666667
1316.666667 274.333333
1328.000000 287.666667
1337.666667 301.666667
1346.333333 316.333333
1353.000000 331.333333
1358.666667 346.333333
1362.666667 361.000000
1365.333333 376.000000
1366.000000 391.333333
1365.000000 407.000000
1362.333333 421.666667
1359.000000 436.666667
1354.666667 450.666667
1349.333333 464.666667
1342.000000 478.333333
1333.000000 492.666667
1323.000000 507.000000
1312.666667 521.666667
1301.333333 536.333333
1289.000000 551.000000
1276.000000 565.666667
1262.000000 581.000000
1247.333333 596.333333
1231.333333 611.000000
1214.333333 625.333333
1196.333333 639.666667
1177.000000 654.000000
1157.000000 668.333333
1135.666667 683.000000
1114.000000 697.000000
1091.333333 710.000000
1068.666667 721.333333
1045.666667 732.000000
1023.333333 741.333333
1000.666667 749.666667
978.000000 756.333333
955.333333 761.333333
932.666667 764.666667
910.666667 766.666667
889.666667 768.000000
871.333333 769.000000
850.333333 769.333333
