1113.666667 173.666667
1133.666667 174.333333
1153.333333 176.333333
1173.000000 179.000000
1192.000000 182.333333
1210.666667 186.666667
1229.666667 192.000000
1248.333333 198.333333
1267.333333 205.666667
1286.000000 214.000000
1304.333333 222.666667
1321.666667 231.333333
1338.333333 240.333333
1354.000000 250.000000
1369.000000 260.333333
1382.666667 271.000000
1396.000000 282.000000
1408.000000 293.333333
1418.666667 305.000000
1427.333333 317.333333
1435.000000 330.333333
1441.333333 344.000000
1446.666667 358.333333
1450.666667 372.666667
1454.000000 387.333333
1456.666667 402.000000
1458.666667 417.000000
1459.666667 431.333333
1460.000000 445.000000
1459.666667 457.333333
1457.333333 472.666667
1453.666667 487.666667
1448.000000 503.333333
1442.333333 516.666667
1435.333333 530.666667
1428.000000 545.000000
1419.666667 558.666667
1410.666667 572.666667
1400.666667 586.666667
1390.000000 600.333333
1378.666667 613.000000
1367.000000 624.666667
1354.333333 636.333333
1340.666667 647.333333
1325.666667 657.666667
1309.666667 666.666667
1293.000000 674.666667
1275.000000 682.000000
1256.000000 689.000000
1235.666667 696.000000
1215.333333 702.666667
1194.000000 709.333333
1172.000000 715.666667
1149.666667 722.000000
1127.333333 728.333333
1105.333333 735.000000
1082.666667 742.000000
1060.333333 748.666667
1038.000000 755.000000
1016.666667 760.666667
996.000000 765.666667
975.666667 769.666667
956.333333 772.666667
937.666667 775.000000
920.000000 776.666667
903.333333 778.000000
883.333333 778.333333
867.666667 778.000000
