1133.333333 196.666667
1145.000000 198.000000
1159.333333 199.000000
1172.666667 200.000000
1188.000000 201.000000
1200.333333 202.000000
1212.000000 203.000000
1220.000000 204.000000
1226.000000 205.000000
1231.666667 206.333333
1237.000000 208.000000
1241.666667 210.000000
1246.000000 212.333333
1249.666667 214.666667
1253.000000 217.000000
1255.666667 219.000000
1258.000000 221.000000
1259.666667 222.666667
1261.000000 224.333333
1262.000000 225.666667
1263.333333 227.333333
1264.666667 228.666667
1266.333333 230.333333
1267.666667 232.000000
1269.666667 234.000000
1271.666667 236.333333
1274.333333 239.000000
1277.000000 242.333333
1280.000000 246.666667
1283.000000 252.000000
1285.666667 258.000000
1287.666667 264.333333
1289.333333 270.666667
1290.666667 277.000000
1292.000000 283.000000
1292.666667 289.666667
1293.000000 297.000000
1293.000000 305.333333
1293.000000 313.666667
1292.666667 322.333333
1292.000000 331.333333
1291.333333 341.000000
1290.666667 351.333333
1290.000000 361.333333
1289.000000 370.666667
1288.000000 379.333333
1286.666667 388.000000
1285.000000 397.000000
1282.000000 406.000000
1278.000000 415.000000
1273.000000 424.000000
1267.666667 433.333333
1262.333333 442.666667
1256.666667 452.333333
1250.666667 461.333333
1243.333333 470.333333
1235.000000 478.666667
1226.333333 486.666667
1218.000000 494.333333
1209.666667 501.666667
1200.000000 509.333333
1189.333333 516.666667
1177.666667 524.000000
1165.000000 531.333333
1151.333333 539.333333
1136.666667 548.000000
1121.000000 557.000000
1104.666667 565.666667
1087.666667 574.000000
1070.000000 581.666667
1051.666667 589.000000
1032.000000 595.666667
1012.666667 601.666667
992.333333 607.000000
972.333333 611.333333
952.333333 615.333333
932.666667 618.666667
913.333333 622.000000
894.666667 624.666667
876.666667 627.333333
860.666667 629.666667
847.333333 631.666667
837.333333 633.000000
830.333333 634.000000
824.333333 635.000000
