460.000000 148.333333
445.666667 151.666667
431.333333 156.000000
417.666667 161.000000
405.000000 166.666667
392.666667 172.666667
380.333333 179.000000
368.666667 184.666667
358.000000 190.333333
348.333333 196.000000
339.000000 202.333333
330.333333 209.000000
322.333333 216.000000
315.333333 222.666667
309.000000 229.666667
303.666667 236.666667
299.000000 244.333333
295.666667 252.000000
293.000000 260.000000
291.333333 268.000000
290.333333 276.333333
290.333333 285.333333
291.333333 295.333333
292.666667 305.666667
294.666667 316.666667
297.000000 328.000000
300.333333 340.000000
304.333333 352.000000
309.000000 363.666667
314.000000 375.333333
319.000000 387.000000
324.000000 398.666667
329.000000 409.333333
334.000000 419.666667
339.000000 430.333333
345.000000 441.666667
352.000000 453.000000
359.666667 464.000000
367.333333 475.333333
375.333333 487.000000
384.666667 499.000000
395.333333 511.333333
407.000000 524.333333
420.000000 538.000000
433.333333 552.333333
447.333333 566.666667
462.000000 581.333333
477.666667 595.666667
493.666667 609.333333
510.000000 622.000000
526.666667 634.000000
543.666667 645.333333
561.333333 655.666667
578.666667 664.666667
596.666667 672.666667
614.000000 680.000000
630.666667 686.333333
645.666667 691.666667
658.666667 695.666667
670.000000 698.666667
679.000000 700.666667
688.666667 701.333333
