184.666667 342.333333
186.000000 357.333333
187.333333 373.000000
188.666667 388.666667
190.000000 404.666667
190.666667 421.000000
191.333333 437.333333
192.000000 454.000000
192.666667 470.666667
193.333333 487.666667
193.666667 505.333333
194.000000 523.000000
193.666667 540.333333
193.333333 557.333333
192.666667 574.333333
192.333333 591.000000
192.000000 607.333333
192.000000 623.666667
191.666667 640.000000
191.333333 655.666667
191.000000 670.666667
191.000000 685.333333
191.000000 699.666667
191.000000 712.666667
191.000000 725.666667
191.000000 738.333333
191.000000 750.666667
191.000000 762.000000
191.000000 773.333333
191.000000 784.666667
191.000000 795.333333
191.000000 805.000000
191.000000 813.333333
191.000000 821.333333
191.333333 828.666667
191.666667 836.000000
192.000000 842.666667
192.000000 848.666667
192.000000 853.666667
192.000000 858.000000
192.333333 861.333333
192.666667 864.000000
193.000000 865.666667
193.000000 867.000000
194.000000 867.333333
195.666667 866.666667
