1158.666667 321.666667
1159.333333 335.333333
1159.666667 349.333333
1160.000000 363.000000
1160.000000 376.000000
1160.000000 389.666667
1160.333333 402.666667
1160.666667 415.666667
1161.000000 428.000000
1160.666667 441.333333
1160.333333 454.000000
1160.000000 466.000000
1159.666667 477.666667
1159.333333 490.000000
1159.000000 502.333333
1159.000000 514.000000
1159.333333 525.666667
1159.666667 538.000000
1160.000000 550.333333
1160.000000 561.333333
1160.333333 571.666667
1160.666667 581.666667
1161.000000 592.333333
1161.333333 602.333333
1162.000000 611.333333
1162.666667 619.000000
1163.333333 626.000000
1164.000000 632.666667
1165.000000 639.000000
1166.333333 644.666667
1168.000000 650.000000
1169.666667 655.000000
1171.000000 659.666667
1172.000000 663.666667
1173.333333 667.000000
1174.333333 670.000000
1175.333333 672.666667
1176.000000 675.000000
1176.666667 677.000000
1177.333333 678.666667
1177.666667 680.000000
1178.000000 681.000000
