1077.666667 165.000000
1098.333333 160.666667
1119.000000 157.333333
1139.333333 155.000000
1166.333333 154.000000
1193.000000 154.333333
1219.000000 156.333333
1238.000000 159.333333
1257.000000 163.333333
1276.000000 168.000000
1294.333333 173.333333
1312.000000 178.666667
1329.333333 184.333333
1346.000000 190.000000
1361.666667 196.333333
1379.333333 206.000000
1395.666667 216.333333
1410.333333 226.666667
1419.333333 234.000000
1428.333333 246.000000
1435.666667 259.333333
1441.666667 274.000000
1445.000000 285.666667
1447.333333 297.666667
1449.000000 310.333333
1449.666667 327.000000
1449.333333 344.000000
1448.000000 361.000000
1445.333333 373.666667
1441.666667 386.666667
1436.666667 400.000000
1431.000000 414.000000
1424.333333 428.333333
1416.666667 442.333333
1407.333333 456.333333
1397.333333 469.666667
1386.333333 482.666667
1374.666667 495.000000
1362.000000 506.666667
1348.333333 518.000000
1334.333333 528.333333
1319.333333 538.666667
1303.666667 549.000000
1287.000000 559.666667
1269.000000 570.000000
1250.000000 580.666667
1229.000000 592.333333
1207.333333 605.000000
1184.333333 618.000000
1161.000000 631.666667
1136.333333 645.333333
1111.333333 658.666667
1086.000000 670.333333
1061.000000 681.000000
1035.666667 690.666667
1010.666667 699.666667
986.000000 707.000000
963.000000 712.666667
941.333333 716.333333
921.333333 718.666667
903.666667 719.333333
889.000000 719.000000
878.000000 718.000000
869.666667 716.666667
864.000000 715.000000
860.333333 713.000000
857.666667 709.666667
