566.000000 421.666667
556.000000 431.000000
547.333333 440.666667
539.000000 450.666667
531.333333 460.666667
524.000000 470.000000
516.666667 479.000000
509.666667 488.666667
503.000000 498.333333
497.666667 507.666667
493.333333 516.000000
490.333333 524.000000
488.333333 532.000000
487.666667 540.000000
488.333333 548.333333
490.666667 556.333333
494.333333 564.000000
499.333333 571.000000
505.333333 577.666667
512.000000 584.333333
519.333333 591.333333
528.333333 599.000000
538.333333 606.666667
549.333333 613.666667
561.000000 619.666667
574.000000 625.000000
588.000000 630.000000
603.333333 634.666667
619.666667 638.666667
637.000000 642.000000
655.000000 645.000000
673.333333 647.666667
693.000000 650.000000
712.666667 651.666667
741.000000 652.333333
770.000000 651.666667
799.333333 650.000000
821.666667 647.666667
843.333333 645.000000
864.666667 642.000000
885.333333 638.333333
905.333333 634.333333
924.333333 629.000000
942.666667 623.000000
960.333333 615.333333
977.000000 607.333333
992.666667 598.666667
1007.333333 589.666667
1021.333333 579.666667
1033.666667 569.333333
1044.666667 559.000000
1055.333333 548.666667
1065.666667 538.000000
1075.666667 527.333333
1084.000000 517.666667
1091.000000 509.000000
1096.000000 501.666667
1100.000000 495.666667
1102.666667 491.000000
1104.666667 487.666667
1105.666667 485.000000
1106.000000 483.333333
