1028.333333 515.666667
1006.000000 531.666667
985.333333 547.000000
966.333333 560.666667
949.666667 572.333333
936.000000 582.333333
926.000000 590.333333
919.000000 596.000000
914.333333 599.666667
912.000000 601.666667
913.333333 601.666667
919.666667 598.666667
932.000000 592.000000
948.333333 582.000000
968.666667 569.333333
991.000000 554.000000
1016.000000 536.333333
1043.000000 516.333333
1072.666667 495.000000
1103.666667 472.333333
1135.333333 449.000000
1166.666667 425.000000
1197.666667 402.000000
1227.000000 380.000000
1254.000000 360.000000
1278.333333 342.000000
1299.000000 327.333333
1315.333333 316.000000
1327.000000 308.000000
1335.000000 302.666667
1340.333333 299.666667
1343.000000 299.333333
1341.000000 302.666667
1333.333333 309.333333
1319.333333 318.333333
1300.666667 328.333333
1278.000000 340.000000
1251.666667 352.666667
1222.333333 366.666667
1190.666667 382.000000
1157.333333 398.666667
1123.000000 416.666667
1088.000000 434.666667
1053.333333 453.000000
1019.000000 471.333333
986.000000 489.666667
954.666667 507.333333
926.000000 524.333333
900.000000 540.000000
877.000000 554.000000
858.000000 565.000000
843.333333 573.000000
833.333333 578.666667
827.000000 582.000000
825.333333 581.000000
829.000000 574.333333
839.666667 561.000000
856.666667 542.666667
878.666667 520.333333
904.666667 494.666667
934.333333 466.000000
967.000000 435.000000
1001.000000 402.666667
1035.666667 370.666667
1070.333333 339.333333
1104.333333 310.333333
1136.333333 284.000000
1166.333333 261.000000
1194.000000 241.666667
