152.000000 385.000000
152.666667 397.333333
153.333333 410.333333
153.666667 423.333333
154.000000 437.000000
154.000000 450.666667
153.666667 464.000000
153.000000 478.333333
151.666667 493.666667
150.333333 511.000000
148.666667 528.333333
147.000000 545.333333
145.000000 561.666667
142.666667 578.000000
140.333333 594.333333
137.666667 610.333333
135.333333 626.000000
133.000000 641.333333
131.000000 656.000000
128.666667 670.333333
126.000000 684.666667
123.666667 698.333333
121.333333 711.333333
119.333333 723.666667
117.333333 735.666667
116.000000 747.000000
115.000000 757.000000
114.333333 766.000000
114.000000 774.000000
114.333333 781.666667
115.000000 789.000000
116.333333 795.666667
118.000000 801.333333
119.666667 806.333333
121.333333 810.333333
122.666667 813.666667
