581.333333 65.000000
576.000000 73.666667
570.666667 82.666667
565.000000 92.333333
559.000000 103.000000
553.333333 114.000000
547.666667 124.666667
542.000000 136.000000
536.333333 148.000000
531.000000 160.333333
526.000000 172.000000
520.666667 183.000000
515.000000 194.333333
509.000000 205.666667
503.333333 217.000000
498.000000 228.000000
493.000000 239.000000
488.333333 250.000000
484.000000 260.666667
480.000000 270.666667
476.000000 280.000000
471.666667 289.333333
467.000000 299.333333
462.333333 309.666667
458.000000 319.333333
454.666667 327.333333
451.666667 333.666667
449.333333 338.333333
