1058.666667 474.666667
1036.666667 483.333333
1014.333333 492.000000
990.333333 501.000000
965.666667 509.666667
939.666667 518.000000
912.333333 526.333333
884.000000 535.000000
855.000000 544.333333
825.000000 553.666667
794.333333 562.666667
762.666667 571.333333
730.666667 580.333333
698.333333 589.666667
666.000000 599.333333
633.333333 608.666667
600.333333 618.000000
567.000000 626.666667
533.666667 636.000000
499.666667 645.666667
465.333333 656.000000
431.333333 665.666667
397.666667 675.333333
364.666667 685.000000
332.333333 695.000000
301.000000 704.333333
271.000000 712.666667
242.333333 720.000000
