654.666667 183.000000
654.000000 195.000000
652.666667 208.000000
651.000000 221.333333
649.000000 235.666667
647.000000 250.333333
645.000000 265.666667
643.000000 281.333333
641.000000 297.333333
639.000000 313.333333
637.333333 329.666667
636.000000 345.666667
635.000000 361.000000
634.000000 376.000000
633.333333 391.333333
633.000000 406.000000
633.000000 419.666667
633.333333 433.000000
634.000000 446.666667
635.333333 459.000000
637.333333 469.666667
640.000000 479.333333
643.000000 489.333333
646.333333 499.000000
649.666667 507.666667
653.333333 514.666667
656.666667 520.333333
