949.000000 69.666667
948.666667 78.666667
948.333333 88.000000
947.666667 98.000000
947.000000 108.333333
946.000000 118.333333
945.000000 128.666667
944.000000 139.000000
942.666667 150.000000
940.666667 160.666667
938.000000 171.333333
935.000000 182.333333
932.333333 194.000000
930.333333 206.000000
928.666667 218.000000
927.333333 230.000000
926.000000 242.666667
925.000000 255.333333
924.333333 268.333333
923.666667 281.666667
923.333333 295.333333
923.000000 309.333333
923.000000 323.333333
923.000000 337.666667
923.333333 351.666667
923.666667 365.000000
924.000000 378.000000
924.000000 391.000000
924.333333 403.666667
924.666667 416.000000
924.666667 428.333333
924.666667 441.000000
924.666667 453.333333
925.000000 465.000000
925.000000 476.000000
925.333333 487.000000
925.666667 497.666667
926.000000 507.666667
926.333333 517.000000
926.666667 526.000000
927.333333 534.333333
927.666667 542.333333
928.333333 550.000000
929.000000 557.333333
930.000000 563.666667
931.000000 568.666667
932.000000 573.000000
932.666667 576.666667
933.333333 579.666667
933.666667 582.000000
934.333333 583.666667
934.666667 585.000000
935.000000 586.000000
935.000000 587.000000
933.333333 587.333333
931.333333 587.000000
928.333333 586.000000
926.000000 585.000000
