497.000000 118.000000
483.666667 117.666667
470.666667 118.000000
458.333333 119.666667
446.666667 122.333333
434.666667 126.333333
422.333333 131.000000
410.666667 136.000000
400.000000 141.666667
389.333333 148.000000
378.333333 155.666667
367.333333 163.666667
357.333333 172.333333
348.000000 181.000000
339.000000 190.333333
329.666667 200.333333
320.666667 210.666667
312.333333 221.333333
305.333333 232.000000
299.666667 243.333333
295.000000 254.666667
291.333333 266.666667
288.666667 278.333333
286.666667 290.333333
285.666667 301.666667
285.000000 313.000000
285.333333 324.333333
286.000000 336.000000
287.333333 348.000000
289.333333 359.333333
292.000000 370.333333
295.333333 381.000000
299.666667 392.333333
305.000000 403.666667
311.000000 415.333333
317.333333 427.000000
324.333333 439.333333
332.666667 451.666667
342.333333 464.333333
353.000000 477.666667
364.333333 491.666667
377.000000 506.333333
391.000000 521.333333
407.000000 536.666667
424.000000 552.000000
442.000000 567.333333
461.000000 582.666667
480.333333 597.000000
500.666667 610.666667
520.666667 623.666667
541.000000 636.666667
561.000000 648.666667
580.666667 659.333333
600.333333 669.000000
619.000000 677.666667
636.666667 686.000000
653.333333 693.666667
668.333333 700.666667
680.666667 706.000000
689.666667 710.000000
696.000000 712.333333
700.666667 714.000000
