1099.000000 167.666667
1127.000000 169.333333
1143.666667 171.000000
1160.333333 173.333333
1177.666667 176.333333
1194.666667 180.000000
1211.666667 184.000000
1228.666667 188.000000
1245.333333 192.666667
1261.333333 198.333333
1276.666667 205.666667
1291.666667 214.000000
1306.333333 222.666667
1320.000000 231.666667
1332.333333 241.000000
1344.000000 251.666667
1354.666667 262.333333
1364.333333 273.333333
1372.666667 284.333333
1379.333333 296.333333
1384.666667 308.333333
1388.666667 320.333333
1392.000000 332.333333
1394.333333 345.000000
1395.666667 357.666667
1396.333333 370.000000
1396.333333 382.333333
1396.000000 395.333333
1394.666667 408.333333
1392.666667 422.000000
1389.666667 436.000000
1385.333333 450.666667
1379.000000 465.666667
1371.000000 480.333333
1361.666667 495.000000
1351.333333 508.333333
1339.666667 521.333333
1327.333333 533.666667
1314.000000 546.000000
1300.000000 557.333333
1285.000000 568.000000
1269.000000 578.000000
1252.333333 587.666667
1234.666667 597.333333
1216.000000 606.666667
1196.333333 616.000000
1175.333333 625.000000
1154.000000 634.000000
1131.333333 643.000000
1108.333333 651.666667
1084.666667 659.666667
1061.333333 666.666667
1037.666667 672.666667
1014.333333 677.333333
990.666667 681.000000
968.000000 684.333333
946.000000 687.666667
925.000000 691.000000
906.000000 694.000000
890.333333 696.666667
879.000000 699.000000
871.000000 701.000000
865.333333 703.000000
861.666667 704.666667
859.000000 706.000000
857.333333 707.333333
856.000000 709.000000
855.000000 711.000000
854.333333 712.666667
853.666667 714.000000
