1214.333333 294.000000
1216.333333 286.333333
1219.000000 278.333333
1222.333333 269.666667
1226.000000 261.333333
1229.666667 252.666667
1233.333333 244.000000
1236.666667 234.666667
1240.333333 225.000000
1244.000000 214.666667
1248.333333 203.333333
1253.000000 191.333333
1258.000000 179.000000
1263.000000 167.000000
1268.000000 154.666667
1273.000000 142.333333
1278.000000 130.000000
1282.666667 118.333333
1287.000000 107.000000
1290.666667 96.000000
1294.000000 85.666667
1296.666667 76.666667
1299.000000 69.666667
1300.666667 64.333333
1302.000000 60.333333
1303.000000 57.333333
1303.666667 55.333333
1304.000000 54.000000
1305.000000 53.000000
