312.000000 358.666667
312.333333 370.333333
312.666667 382.333333
313.000000 395.000000
312.666667 407.666667
312.000000 420.333333
311.333333 433.666667
310.666667 447.000000
310.000000 460.333333
309.000000 474.000000
308.000000 488.333333
307.000000 503.000000
306.000000 517.333333
305.333333 532.333333
304.666667 547.000000
304.000000 561.333333
303.333333 575.000000
302.666667 589.000000
302.333333 602.333333
302.000000 615.000000
302.000000 627.333333
302.000000 639.666667
302.000000 651.333333
302.000000 662.333333
302.000000 672.666667
302.000000 683.000000
302.000000 693.000000
302.000000 702.333333
302.000000 710.666667
302.333333 718.000000
302.666667 724.333333
303.000000 730.333333
303.000000 735.666667
303.333333 740.666667
303.666667 745.000000
304.333333 748.666667
304.666667 752.000000
305.333333 754.666667
305.666667 757.000000
306.333333 758.666667
306.666667 760.000000
307.333333 760.333333
307.333333 760.000000
307.000000 759.000000
306.000000 758.000000
305.000000 757.000000
304.000000 755.666667
