1065.333333 411.333333
1055.333333 412.666667
1044.333333 414.000000
1033.000000 415.333333
1021.000000 417.000000
1008.000000 418.666667
994.000000 420.000000
979.000000 421.333333
963.333333 422.666667
947.000000 424.000000
930.000000 425.333333
912.666667 426.666667
894.333333 428.333333
876.000000 429.666667
856.666667 431.333333
836.333333 432.666667
815.333333 434.333333
793.666667 435.666667
772.000000 437.333333
749.333333 439.000000
726.666667 441.000000
703.000000 443.000000
680.333333 445.000000
657.333333 447.000000
635.666667 449.666667
614.000000 452.666667
593.000000 456.000000
573.333333 459.000000
554.333333 462.000000
536.000000 465.000000
518.000000 468.000000
500.000000 471.000000
483.000000 474.000000
466.000000 476.666667
449.333333 479.000000
432.666667 481.333333
416.333333 483.666667
400.333333 486.000000
384.333333 488.000000
369.333333 490.000000
355.000000 492.000000
341.333333 493.666667
327.666667 495.333333
315.666667 496.666667
305.333333 498.333333
295.666667 499.666667
286.666667 501.000000
278.000000 502.000000
270.333333 503.000000
263.666667 504.000000
257.000000 505.000000
