523.000000 590.333333
528.000000 582.666667
533.666667 574.333333
540.000000 565.666667
547.000000 557.333333
554.000000 549.333333
561.000000 541.666667
568.000000 533.666667
575.333333 525.000000
583.333333 516.333333
591.666667 508.000000
600.000000 500.333333
607.666667 493.000000
615.666667 485.666667
623.666667 478.000000
632.333333 470.333333
640.666667 463.333333
648.333333 457.000000
654.666667 451.666667
659.666667 447.666667
663.333333 445.000000
666.000000 443.333333
668.000000 442.000000
