854.333333 397.333333
858.666667 402.000000
863.333333 407.333333
866.333333 412.000000
869.666667 417.333333
872.333333 423.333333
875.000000 429.666667
877.000000 437.000000
879.000000 445.000000
881.000000 454.000000
882.666667 462.666667
884.000000 472.000000
885.000000 482.333333
885.666667 494.000000
886.000000 506.000000
885.666667 518.666667
885.333333 532.333333
884.666667 546.666667
884.000000 561.666667
883.000000 577.000000
882.333333 593.000000
881.666667 610.000000
881.333333 627.333333
881.000000 644.666667
881.000000 662.333333
881.000000 680.000000
881.333333 698.000000
882.000000 715.666667
883.000000 732.666667
884.666667 749.333333
886.333333 764.666667
888.666667 779.666667
890.666667 793.000000
