1113.666667 552.000000
1109.333333 557.000000
1103.666667 563.000000
1097.000000 570.333333
1090.000000 577.666667
1082.666667 585.000000
1075.333333 591.666667
1067.333333 598.333333
1059.000000 605.333333
1049.333333 613.666667
1039.666667 622.666667
1029.666667 631.666667
1019.333333 640.333333
1008.333333 649.000000
997.000000 658.000000
986.666667 667.000000
977.000000 675.666667
968.000000 684.000000
959.000000 691.666667
950.000000 699.000000
941.333333 706.000000
933.000000 713.333333
925.333333 720.666667
917.666667 728.000000
910.333333 735.000000
903.333333 741.666667
897.000000 747.666667
891.333333 753.000000
886.000000 758.000000
881.333333 763.000000
877.000000 767.666667
873.333333 772.000000
870.333333 776.000000
868.000000 779.666667
