349.666667 523.666667
367.666667 522.000000
386.333333 520.000000
406.000000 517.333333
425.666667 514.333333
446.666667 511.000000
467.666667 508.000000
489.666667 505.000000
511.333333 502.333333
533.000000 500.000000
554.333333 498.333333
575.333333 497.000000
610.666667 496.666667
651.666667 497.000000
699.000000 498.000000
744.000000 499.000000
782.666667 499.333333
820.000000 499.000000
844.666667 498.000000
868.666667 497.000000
887.000000 496.000000
905.000000 494.666667
922.666667 493.333333
940.000000 491.666667
956.666667 490.333333
972.333333 488.666667
987.000000 487.333333
1001.000000 485.666667
1014.333333 484.000000
1026.333333 482.000000
1036.666667 480.000000
1045.666667 478.000000
1053.666667 476.000000
1060.666667 474.000000
1067.000000 472.000000
1072.666667 470.000000
1078.000000 468.333333
1082.000000 467.000000
