286.333333 463.000000
329.333333 462.666667
374.000000 463.000000
420.000000 464.000000
444.666667 465.000000
469.666667 466.333333
504.666667 467.666667
540.000000 469.000000
586.666667 470.000000
625.000000 471.000000
664.666667 472.333333
694.666667 474.000000
724.666667 476.333333
754.666667 479.000000
784.666667 482.000000
815.000000 485.333333
844.666667 489.333333
873.666667 494.000000
902.000000 499.000000
929.333333 504.000000
956.000000 509.000000
981.666667 514.333333
1007.000000 519.333333
1031.333333 524.333333
1054.666667 528.333333
1077.000000 532.000000
1098.333333 534.666667
