994.666667 554.000000
976.333333 557.000000
957.666667 559.666667
938.333333 562.333333
919.333333 564.666667
899.666667 567.333333
879.666667 569.666667
859.333333 572.000000
838.000000 574.000000
816.666667 576.000000
794.000000 578.333333
771.333333 580.666667
747.333333 583.333333
723.000000 586.333333
698.000000 590.000000
672.666667 594.000000
647.333333 598.000000
621.333333 602.333333
595.666667 607.000000
569.333333 612.000000
543.666667 616.666667
517.333333 621.000000
491.666667 625.000000
465.666667 629.000000
440.333333 633.333333
414.666667 638.000000
389.666667 643.000000
365.000000 648.333333
341.333333 654.000000
317.666667 659.666667
295.333333 665.000000
274.333333 669.666667
254.666667 673.666667
236.000000 677.000000
218.666667 679.666667
202.000000 682.333333
186.333333 684.333333
171.333333 686.333333
158.333333 687.666667
146.000000 689.000000
131.000000 689.333333
