467.333333 425.333333
503.000000 420.333333
539.333333 415.666667
576.000000 411.333333
613.000000 408.000000
650.333333 405.333333
688.000000 403.000000
763.000000 402.000000
837.666667 402.333333
911.666667 404.666667
947.666667 408.000000
982.666667 412.333333
1016.000000 417.333333
1048.333333 422.666667
1079.000000 428.666667
1109.000000 435.333333
1137.000000 443.666667
1164.333333 453.000000
1190.000000 462.666667
1215.000000 473.000000
1238.000000 484.333333
1259.000000 497.000000
1278.000000 510.333333
1294.666667 525.000000
1309.333333 540.666667
1321.000000 557.666667
1329.666667 575.000000
1335.000000 593.333333
1336.666667 612.000000
1334.333333 631.000000
1328.333333 650.333333
1318.666667 669.666667
1306.000000 689.000000
1289.666667 708.666667
1270.000000 728.333333
