1013.333333 120.666667
1030.666667 118.666667
1053.000000 118.000000
1075.666667 118.333333
1098.333333 120.000000
1114.666667 122.666667
1130.666667 125.666667
1146.000000 129.333333
1161.666667 132.666667
1176.666667 136.333333
1192.000000 140.000000
1207.000000 144.000000
1221.666667 148.666667
1235.666667 154.333333
1249.666667 161.000000
1263.666667 168.000000
1276.333333 175.000000
1288.666667 182.333333
1300.666667 190.333333
1312.000000 199.000000
1322.000000 208.333333
1330.333333 217.666667
1338.000000 227.333333
1344.333333 237.333333
1350.000000 248.333333
1354.666667 259.666667
1358.333333 271.666667
1361.333333 284.000000
1364.333333 297.000000
1367.333333 309.666667
1370.000000 322.666667
1371.333333 336.333333
1371.666667 350.333333
1371.000000 364.333333
1369.000000 378.000000
1366.333333 392.000000
1362.333333 405.666667
1358.333333 418.666667
1353.666667 431.333333
1349.000000 444.000000
1343.333333 456.333333
1336.333333 467.666667
1328.000000 478.333333
1318.666667 489.000000
1308.333333 500.000000
1296.333333 511.000000
1283.000000 521.666667
1268.666667 532.666667
1253.666667 543.666667
1237.666667 555.000000
1220.333333 565.666667
1202.666667 576.000000
1184.000000 586.666667
1165.000000 597.333333
1144.333333 608.000000
1123.333333 618.000000
1101.666667 627.666667
1079.666667 637.000000
1057.666667 646.000000
1035.333333 654.666667
1013.666667 662.666667
991.000000 669.333333
969.000000 675.000000
947.666667 680.000000
927.000000 684.666667
907.333333 689.000000
889.000000 692.666667
874.000000 696.000000
861.333333 698.666667
851.333333 701.000000
843.666667 703.000000
838.666667 704.666667
835.000000 706.000000
832.333333 707.000000
830.333333 708.000000
828.666667 709.000000
827.333333 710.000000
826.000000 711.000000
