1105.333333 182.666667
1127.000000 187.333333
1148.333333 192.000000
1170.666667 198.000000
1192.000000 205.000000
1213.000000 213.333333
1233.333333 221.666667
1252.666667 230.333333
1271.000000 239.666667
1288.000000 250.333333
1304.000000 262.000000
1318.666667 274.000000
1332.000000 286.666667
1344.666667 299.666667
1356.333333 313.000000
1366.666667 326.333333
1375.000000 340.000000
1382.000000 353.666667
1387.666667 366.666667
1392.666667 379.333333
1396.333333 392.333333
1398.666667 405.666667
1399.666667 419.000000
1400.000000 432.000000
1399.333333 445.000000
1398.000000 458.000000
1395.666667 470.333333
1392.333333 482.666667
1388.000000 494.666667
1382.333333 506.666667
1376.000000 518.000000
1368.666667 528.666667
1360.666667 539.666667
1350.666667 550.333333
1339.333333 561.000000
1326.333333 571.000000
1312.000000 581.000000
1296.333333 591.000000
1279.333333 600.666667
1261.000000 609.666667
1241.000000 617.666667
1219.666667 625.000000
1197.666667 632.333333
1174.666667 639.666667
1150.666667 647.000000
1126.000000 653.666667
1100.333333 659.666667
1074.666667 665.333333
1048.333333 670.333333
1022.666667 674.666667
996.666667 678.333333
971.666667 681.666667
946.666667 685.000000
923.333333 688.000000
901.333333 691.000000
882.666667 693.666667
867.666667 696.000000
856.666667 697.666667
849.000000 699.000000
