977.000000 325.666667
987.666667 338.000000
998.000000 351.000000
1008.333333 363.333333
1019.000000 375.666667
1029.666667 388.000000
1040.000000 400.333333
1050.000000 412.000000
1061.000000 423.333333
1072.000000 435.333333
1083.333333 447.333333
1094.333333 459.000000
1106.000000 470.000000
1117.666667 480.666667
1129.000000 491.333333
1140.000000 502.000000
1151.333333 512.333333
1162.333333 521.666667
1172.666667 530.000000
1181.333333 537.666667
1189.000000 545.000000
1196.000000 551.666667
1202.666667 558.000000
1208.666667 563.666667
1214.000000 568.666667
1218.666667 572.666667
1223.000000 576.000000
1226.333333 578.666667
1229.000000 580.666667
1231.000000 582.000000
1232.666667 583.000000
1233.666667 584.000000
