713.333333 337.000000
732.333333 338.000000
751.666667 339.000000
771.666667 340.000000
792.666667 341.333333
813.000000 342.666667
833.666667 344.333333
853.666667 345.666667
874.333333 347.333333
895.333333 349.000000
916.333333 350.666667
937.666667 352.000000
958.000000 353.000000
997.000000 353.333333
1034.333333 353.000000
1070.666667 352.000000
1087.666667 351.000000
1104.000000 349.666667
1119.666667 348.000000
1134.333333 346.333333
1149.000000 344.666667
1163.000000 343.000000
1175.666667 341.333333
1186.666667 339.666667
1197.000000 338.000000
1207.000000 336.333333
1216.333333 334.666667
1224.666667 333.333333
1231.666667 332.000000
1238.333333 331.000000
1244.333333 330.000000
