1153.000000 363.333333
1133.333333 357.333333
1113.333333 351.666667
1093.000000 345.333333
1072.333333 338.666667
1051.000000 331.000000
1029.000000 323.000000
1006.666667 315.000000
983.666667 306.666667
960.666667 298.333333
937.333333 289.333333
914.000000 280.333333
890.000000 271.333333
866.000000 263.333333
841.666667 256.000000
817.000000 249.333333
791.666667 243.333333
765.666667 238.333333
739.333333 234.333333
712.333333 231.333333
685.333333 229.333333
658.000000 228.000000
621.666667 227.666667
585.000000 228.000000
548.333333 229.333333
521.000000 231.333333
494.000000 234.000000
466.666667 237.666667
439.000000 242.666667
411.000000 249.666667
383.333333 258.333333
356.000000 268.000000
329.000000 278.666667
302.000000 290.666667
275.333333 304.000000
249.000000 318.333333
223.333333 333.666667
198.333333 349.666667
174.333333 366.000000
145.000000 388.000000
