1289.666667 417.000000
1277.333333 421.000000
1263.000000 425.000000
1247.333333 429.000000
1230.000000 433.000000
1211.666667 437.000000
1191.666667 441.000000
1170.666667 444.666667
1148.333333 448.666667
1125.333333 452.333333
1101.000000 456.333333
1076.333333 460.333333
1050.000000 464.333333
1023.000000 468.333333
994.666667 472.333333
965.666667 476.333333
936.000000 480.333333
905.666667 483.666667
874.000000 487.666667
840.666667 492.000000
806.000000 497.333333
770.666667 503.333333
734.666667 510.000000
697.333333 516.666667
660.000000 523.000000
623.000000 529.333333
587.333333 535.666667
552.333333 542.333333
518.666667 549.000000
486.000000 556.000000
454.666667 562.333333
424.000000 568.333333
394.666667 573.666667
366.333333 578.666667
339.000000 583.000000
312.333333 587.000000
286.333333 591.000000
