542.000000 130.000000
528.000000 128.000000
514.333333 126.333333
497.000000 125.666667
480.333333 126.333333
464.333333 128.000000
453.333333 130.333333
442.666667 133.000000
432.333333 135.666667
422.000000 138.333333
412.666667 141.666667
404.000000 146.000000
394.000000 153.000000
384.666667 160.333333
376.333333 168.333333
371.000000 174.666667
366.666667 181.666667
363.000000 188.666667
360.333333 196.333333
358.333333 204.333333
357.000000 212.333333
356.333333 220.333333
356.000000 228.000000
356.000000 236.333333
356.000000 245.000000
356.333333 254.333333
357.000000 264.000000
358.000000 274.000000
359.333333 284.666667
360.666667 295.666667
362.666667 307.000000
365.333333 318.333333
368.666667 330.666667
372.666667 344.000000
376.666667 357.666667
381.333333 371.333333
386.333333 385.000000
392.000000 398.666667
398.666667 412.666667
406.000000 427.000000
414.000000 441.333333
422.333333 455.000000
431.666667 468.333333
442.000000 482.000000
453.000000 495.666667
464.333333 509.000000
476.666667 522.666667
489.666667 536.333333
504.000000 550.000000
519.000000 563.333333
534.666667 577.000000
550.333333 590.333333
566.333333 603.000000
582.333333 614.666667
598.333333 626.000000
614.000000 636.666667
629.333333 646.333333
643.666667 654.666667
657.000000 661.333333
669.333333 666.666667
681.000000 670.333333
691.000000 672.666667
