408.666667 211.000000
410.666667 226.333333
413.000000 242.000000
414.666667 258.000000
416.333333 274.666667
417.666667 291.666667
418.666667 308.666667
419.000000 326.000000
419.000000 343.333333
419.000000 360.666667
419.000000 377.333333
419.000000 393.333333
419.000000 409.666667
419.000000 425.666667
418.666667 442.000000
418.666667 457.666667
418.666667 473.666667
419.000000 489.333333
419.000000 504.666667
419.000000 519.666667
419.333333 534.333333
419.666667 548.666667
420.000000 562.000000
420.333333 575.333333
420.666667 588.666667
421.000000 601.333333
421.000000 613.000000
421.000000 624.000000
421.000000 635.000000
421.000000 645.666667
421.000000 655.666667
421.000000 664.666667
421.000000 673.000000
421.000000 681.000000
421.000000 688.666667
421.000000 696.000000
421.000000 702.333333
421.000000 708.000000
421.000000 712.666667
421.000000 716.333333
421.000000 719.000000
421.333333 720.666667
421.666667 722.000000
422.333333 722.333333
424.000000 719.666667
