419.333333 568.666667
435.666667 565.000000
454.333333 560.666667
473.666667 556.333333
495.333333 551.666667
517.666667 547.333333
541.666667 543.000000
565.666667 539.000000
590.666667 535.000000
616.666667 530.666667
643.666667 525.666667
671.333333 520.000000
698.666667 514.000000
726.333333 508.333333
753.333333 503.000000
780.666667 498.333333
807.000000 493.666667
833.000000 489.666667
857.333333 485.333333
881.000000 481.333333
903.000000 477.000000
924.000000 472.666667
943.666667 468.000000
962.333333 463.000000
979.333333 458.333333
995.000000 454.000000
1009.666667 450.333333
1023.333333 447.000000
1035.000000 444.333333
1045.000000 441.666667
1053.666667 439.333333
1062.000000 437.333333
1070.000000 436.000000
1077.000000 435.000000
1083.000000 434.000000
1087.666667 433.000000
1092.333333 432.000000
1096.333333 431.000000
1100.333333 430.000000
