919.666667 531.000000
907.666667 535.000000
894.666667 538.666667
881.000000 542.333333
866.333333 546.000000
850.666667 550.000000
834.333333 554.000000
817.333333 558.333333
800.333333 562.666667
783.333333 566.666667
766.666667 570.000000
749.666667 573.000000
732.666667 575.666667
715.666667 578.000000
699.000000 580.000000
682.666667 581.666667
666.666667 583.000000
642.666667 583.333333
620.666667 583.000000
600.666667 582.000000
591.000000 580.333333
582.333333 578.000000
574.000000 574.000000
566.000000 569.000000
558.333333 563.000000
551.333333 556.666667
545.666667 549.666667
541.000000 540.666667
537.666667 530.333333
535.333333 518.666667
534.666667 506.000000
535.666667 492.000000
538.333333 477.333333
543.000000 462.666667
549.000000 447.333333
556.000000 432.000000
563.333333 417.000000
570.666667 403.000000
578.333333 389.333333
586.000000 377.000000
593.666667 366.666667
601.000000 358.333333
607.333333 351.666667
612.666667 346.333333
617.000000 342.666667
621.000000 340.000000
624.666667 338.000000
629.333333 336.333333
