711.000000 237.333333
748.666667 235.333333
787.666667 234.000000
853.333333 233.666667
919.333333 234.333333
985.000000 236.000000
1023.666667 237.666667
1062.000000 239.666667
1099.666667 242.000000
1137.000000 245.333333
1173.333333 249.666667
1208.666667 255.666667
1242.666667 262.666667
1275.333333 270.333333
1307.000000 278.000000
1337.333333 286.666667
1366.333333 296.333333
1393.666667 307.000000
1419.666667 318.666667
1444.000000 331.333333
1466.333333 345.000000
1486.000000 359.000000
1502.666667 373.333333
1516.333333 388.333333
1527.000000 403.666667
1535.333333 420.000000
1540.666667 436.000000
1543.666667 452.333333
1544.000000 468.333333
1542.333333 485.000000
1537.666667 501.666667
1529.666667 518.333333
1517.666667 535.000000
