1392.666667 538.000000
1378.333333 543.666667
1363.000000 549.000000
1347.000000 554.000000
1330.000000 558.666667
1311.666667 562.666667
1292.333333 566.000000
1271.333333 569.000000
1250.333333 571.666667
1228.000000 574.000000
1205.666667 575.666667
1182.000000 577.000000
1158.666667 578.000000
1134.333333 579.000000
1110.666667 580.000000
1086.333333 581.000000
1045.666667 582.000000
953.000000 582.333333
844.000000 582.000000
752.000000 581.000000
704.666667 580.000000
674.666667 579.000000
638.000000 578.000000
608.666667 577.000000
573.000000 576.000000
539.000000 575.000000
506.000000 574.000000
481.000000 572.666667
462.666667 571.000000
