1175.666667 378.666667
1153.000000 390.333333
1133.333333 401.000000
1116.333333 410.666667
1102.000000 418.333333
1090.666667 424.333333
1082.666667 428.333333
1077.666667 431.000000
1077.000000 431.333333
1083.000000 428.333333
1096.000000 421.333333
1114.333333 411.666667
1136.000000 400.333333
1160.666667 387.333333
1188.000000 373.000000
1218.000000 357.000000
1250.000000 340.000000
1283.000000 322.000000
1316.666667 303.333333
1350.333333 284.666667
1384.000000 266.333333
1415.666667 249.000000
1445.333333 233.000000
1471.666667 219.000000
1493.666667 208.000000
1510.666667 199.333333
1522.666667 193.333333
1531.000000 189.333333
1536.333333 187.333333
1537.666667 187.666667
1532.666667 191.333333
1520.333333 198.000000
1501.666667 206.333333
1478.666667 215.333333
1451.666667 225.000000
1421.000000 235.666667
1387.333333 247.333333
1351.333333 260.000000
1313.666667 273.333333
1275.000000 287.333333
1236.333333 301.666667
1198.666667 315.666667
1162.666667 329.333333
1129.000000 342.666667
1097.666667 355.333333
1069.666667 366.333333
1046.333333 375.000000
1028.666667 381.666667
1016.333333 386.333333
1008.000000 389.666667
1004.333333 387.666667
1007.666667 380.666667
1019.333333 367.333333
1038.333333 351.333333
1062.333333 332.000000
1090.333333 310.666667
1122.000000 287.000000
1157.333333 261.666667
1195.333333 234.666667
1234.666667 207.666667
1274.000000 181.333333
1311.666667 157.000000
1347.333333 135.000000
