725.333333 205.000000
715.666667 200.000000
706.000000 195.333333
696.333333 191.000000
687.000000 186.666667
677.666667 182.333333
667.666667 178.000000
657.333333 173.666667
647.333333 169.000000
637.666667 164.000000
627.666667 159.000000
617.000000 154.333333
606.666667 149.666667
597.000000 144.666667
588.000000 139.333333
578.666667 133.666667
569.333333 128.000000
560.000000 122.333333
551.666667 117.333333
544.333333 113.000000
538.333333 109.000000
532.666667 105.333333
528.000000 102.333333
524.000000 100.000000
520.666667 98.000000
517.666667 96.000000
514.666667 94.333333
512.000000 92.666667
509.333333 91.333333
507.000000 90.000000
