589.333333 331.000000
589.666667 345.333333
590.000000 360.000000
590.333333 374.333333
590.666667 389.000000
591.000000 404.000000
591.000000 419.333333
591.333333 435.000000
591.666667 450.333333
592.000000 465.666667
592.333333 481.333333
593.000000 497.000000
594.000000 513.333333
595.333333 529.666667
596.666667 546.666667
598.333333 563.666667
600.000000 581.000000
602.000000 599.000000
603.666667 617.000000
605.000000 634.666667
606.000000 651.666667
607.000000 668.333333
607.666667 684.333333
608.000000 699.666667
608.000000 714.000000
608.000000 727.666667
607.666667 740.666667
607.000000 752.333333
606.000000 762.666667
604.666667 772.333333
603.333333 781.333333
601.333333 790.000000
599.666667 797.666667
597.666667 804.333333
596.333333 810.333333
595.000000 815.333333
594.000000 819.333333
593.000000 822.000000
592.000000 824.000000
591.333333 825.666667
590.666667 827.000000
