942.000000 195.333333
955.333333 192.000000
969.333333 189.000000
983.000000 186.000000
996.666667 183.000000
1011.000000 180.000000
1025.666667 177.000000
1040.666667 174.333333
1056.000000 172.000000
1072.000000 170.000000
1089.000000 168.333333
1112.333333 167.666667
1136.666667 168.000000
1160.666667 169.666667
1179.666667 172.333333
1198.000000 176.000000
1215.666667 180.000000
1232.666667 184.000000
1249.333333 188.666667
1265.666667 194.000000
1281.333333 200.666667
1296.666667 208.000000
1311.333333 216.000000
1324.666667 224.000000
1337.000000 232.333333
1348.666667 241.000000
1359.333333 250.333333
1368.666667 260.000000
1376.666667 270.000000
1383.333333 280.666667
1388.666667 292.333333
1392.333333 304.333333
1395.000000 316.333333
1396.333333 328.333333
1397.000000 341.000000
1396.666667 353.666667
1396.000000 366.000000
1394.666667 378.333333
1392.666667 391.000000
1389.666667 404.333333
1385.333333 418.000000
1379.666667 432.333333
1372.666667 446.666667
1365.000000 461.000000
1356.333333 475.000000
1347.000000 488.666667
1336.333333 502.333333
1324.666667 515.666667
1311.333333 529.000000
1296.666667 542.000000
1281.000000 554.666667
1264.000000 567.333333
1246.333333 579.666667
1227.000000 592.000000
1207.333333 603.666667
1186.666667 614.666667
1166.000000 625.000000
1144.333333 635.000000
1122.333333 644.666667
1099.333333 654.000000
1076.666667 662.666667
1053.666667 670.666667
1030.666667 678.000000
1007.333333 684.666667
983.666667 691.000000
961.000000 697.000000
938.666667 703.333333
918.000000 709.333333
899.666667 714.666667
885.333333 718.666667
875.000000 722.000000
867.666667 724.333333
862.666667 726.333333
859.333333 727.666667
857.333333 728.333333
