502.000000 358.333333
510.333333 344.333333
520.333333 330.666667
532.333333 317.333333
546.333333 305.000000
562.000000 292.666667
578.666667 280.333333
597.000000 268.333333
616.000000 257.000000
637.333333 246.333333
659.666667 235.666667
684.000000 225.333333
709.000000 215.333333
735.666667 206.333333
763.666667 198.000000
793.000000 190.000000
823.333333 182.000000
854.333333 174.666667
886.000000 168.000000
917.666667 162.333333
949.000000 157.000000
980.000000 152.666667
1011.000000 149.000000
1042.000000 146.333333
1072.666667 144.000000
1103.333333 142.333333
1133.666667 140.666667
1164.333333 139.333333
1195.000000 138.000000
1226.333333 137.000000
1267.666667 136.000000
