515.666667 133.666667
498.000000 132.666667
480.666667 133.333333
464.000000 135.000000
452.333333 137.333333
442.000000 140.666667
432.000000 145.000000
421.666667 150.333333
412.000000 156.000000
403.333333 162.333333
396.000000 169.333333
389.000000 177.000000
382.666667 185.666667
376.666667 195.333333
371.333333 206.333333
366.333333 218.000000
362.000000 231.000000
358.333333 244.666667
355.333333 259.000000
353.000000 273.666667
351.333333 288.666667
350.333333 304.000000
351.000000 320.000000
353.000000 337.000000
356.333333 354.666667
360.333333 372.333333
364.666667 390.333333
369.333333 409.333333
374.333333 428.666667
380.000000 448.000000
386.666667 467.333333
394.333333 486.333333
402.666667 505.000000
411.333333 523.000000
419.666667 540.000000
429.000000 556.333333
439.000000 572.000000
450.000000 587.666667
460.666667 602.666667
472.333333 617.333333
484.333333 632.000000
497.000000 646.666667
509.000000 661.000000
521.666667 675.333333
534.666667 689.333333
548.000000 702.333333
561.333333 714.666667
575.333333 726.666667
589.666667 738.666667
604.000000 749.666667
618.333333 759.333333
632.666667 767.666667
647.000000 775.000000
661.333333 781.666667
675.666667 788.000000
689.333333 793.333333
702.333333 797.666667
715.000000 800.666667
726.666667 802.666667
740.000000 803.333333
