534.000000 235.333333
533.666667 247.000000
533.333333 259.000000
533.000000 271.333333
533.000000 284.000000
533.000000 297.000000
533.000000 310.333333
532.666667 324.000000
532.333333 338.333333
532.000000 352.666667
531.666667 367.000000
531.333333 381.000000
530.666667 395.000000
530.000000 409.000000
529.333333 423.333333
528.666667 437.666667
528.000000 451.666667
527.333333 465.000000
527.000000 478.333333
526.666667 491.333333
526.333333 503.666667
526.000000 515.666667
526.000000 527.333333
526.000000 539.333333
526.000000 550.333333
526.000000 561.000000
526.000000 570.666667
526.000000 580.000000
526.333333 589.000000
526.666667 597.666667
527.000000 605.333333
527.000000 612.333333
527.000000 618.333333
527.000000 623.666667
527.333333 628.000000
527.666667 632.000000
528.000000 635.333333
528.000000 638.333333
528.000000 640.333333
528.000000 642.000000
528.000000 643.000000
528.000000 644.000000
528.000000 645.000000
528.000000 645.333333
528.000000 645.000000
