406.666667 197.000000
425.333333 198.333333
452.666667 199.666667
495.666667 200.333333
548.000000 200.000000
611.666667 199.000000
662.333333 198.666667
725.000000 199.333333
771.333333 200.666667
818.666667 202.000000
848.333333 203.333333
878.666667 205.333333
909.333333 207.666667
940.333333 210.333333
971.333333 213.000000
1002.333333 216.000000
1033.000000 219.000000
1064.000000 222.333333
1094.666667 225.666667
1124.666667 229.000000
1154.333333 231.666667
1183.666667 234.333333
1213.000000 236.666667
1242.000000 239.000000
