1001.000000 423.000000
989.333333 425.666667
977.333333 428.000000
964.333333 430.333333
950.333333 432.666667
936.000000 435.333333
921.000000 438.000000
905.666667 441.000000
889.000000 444.333333
872.333333 448.000000
855.000000 452.000000
837.333333 456.333333
819.333333 461.000000
801.000000 466.000000
782.666667 470.666667
764.666667 475.000000
746.000000 479.000000
727.666667 483.333333
708.666667 488.000000
689.666667 494.000000
671.000000 500.666667
652.666667 508.333333
635.333333 515.333333
618.666667 522.333333
603.666667 528.666667
589.666667 535.666667
576.333333 542.666667
563.666667 550.000000
552.333333 557.000000
542.666667 563.333333
534.666667 569.000000
