530.666667 101.333333
514.666667 103.666667
503.333333 107.000000
493.000000 111.333333
482.666667 115.666667
472.333333 120.666667
462.333333 126.000000
453.666667 132.000000
445.666667 138.666667
438.333333 146.333333
431.333333 155.333333
425.000000 164.666667
418.333333 175.000000
412.000000 186.666667
406.000000 199.666667
401.333333 213.666667
397.333333 228.666667
394.000000 244.666667
391.000000 260.666667
388.333333 276.666667
386.000000 292.333333
384.000000 308.333333
382.333333 324.000000
381.000000 340.000000
380.000000 355.666667
379.000000 371.000000
378.333333 386.000000
378.333333 401.000000
379.000000 416.333333
380.333333 432.000000
382.000000 447.666667
384.666667 462.666667
388.333333 477.333333
393.666667 491.666667
400.000000 506.000000
407.333333 520.000000
415.333333 534.333333
424.333333 548.000000
434.666667 561.000000
446.000000 573.000000
458.333333 585.000000
472.000000 596.666667
486.333333 607.666667
501.666667 618.333333
517.666667 629.000000
534.000000 640.000000
550.666667 651.000000
567.000000 661.666667
583.666667 672.333333
600.000000 683.000000
615.666667 693.333333
630.333333 702.666667
644.000000 710.333333
656.333333 716.666667
668.333333 721.666667
679.666667 725.333333
690.000000 728.000000
698.333333 729.666667
706.333333 731.000000
