1190.666667 322.000000
1178.000000 319.333333
1165.333333 316.666667
1151.666667 314.000000
1137.333333 311.333333
1122.333333 309.333333
1107.000000 307.666667
1091.000000 306.000000
1074.333333 304.333333
1057.333333 302.666667
1039.333333 301.333333
1020.666667 300.000000
1000.666667 299.000000
951.666667 298.666667
902.666667 299.000000
854.000000 300.000000
833.666667 301.000000
813.666667 302.000000
793.666667 303.333333
774.666667 304.666667
756.000000 306.000000
737.666667 307.333333
719.666667 309.000000
702.333333 311.000000
685.666667 313.000000
669.666667 315.000000
654.000000 317.000000
639.000000 319.000000
624.000000 320.666667
609.666667 322.333333
596.000000 323.666667
583.333333 325.000000
567.333333 326.000000
552.666667 327.000000
537.000000 328.000000
