802.000000 344.333333
816.333333 345.666667
831.000000 347.000000
845.333333 348.333333
860.333333 349.666667
875.666667 351.000000
911.000000 351.333333
954.000000 351.000000
1003.666667 350.000000
1046.000000 349.000000
1081.666667 348.000000
1111.000000 347.000000
1128.333333 345.666667
1145.666667 344.333333
1163.000000 343.000000
1181.000000 341.666667
1198.000000 340.333333
1229.333333 339.666667
1258.000000 340.000000
1284.666667 341.000000
1295.333333 342.000000
1305.666667 343.000000
1317.333333 344.000000
1326.666667 345.000000
1334.666667 346.000000
