237.000000 523.333333
256.333333 524.666667
272.000000 526.000000
288.333333 527.000000
305.666667 528.000000
323.000000 529.000000
341.000000 530.000000
366.666667 531.000000
400.333333 532.000000
443.000000 533.000000
487.333333 534.000000
558.666667 535.000000
623.000000 535.333333
697.000000 535.000000
746.666667 534.000000
796.333333 533.000000
829.000000 532.000000
861.333333 530.666667
892.666667 529.333333
923.666667 527.666667
945.666667 526.333333
967.333333 524.666667
988.666667 523.000000
1008.666667 520.666667
1028.333333 518.333333
1046.666667 515.666667
1064.666667 513.000000
1081.666667 510.000000
1098.000000 507.000000
1113.333333 504.333333
1127.333333 501.666667
1140.000000 499.333333
1152.000000 497.000000
1163.333333 495.333333
1173.333333 493.666667
1181.333333 492.333333
1187.666667 491.000000
1192.666667 490.000000
1198.000000 489.000000
