908.000000 186.333333
923.000000 185.666667
939.000000 186.000000
955.666667 187.333333
973.000000 189.333333
991.000000 192.000000
1009.000000 195.666667
1028.333333 200.666667
1047.333333 207.333333
1067.000000 215.333333
1086.666667 224.333333
1106.333333 234.666667
1126.333333 246.333333
1145.666667 259.000000
1164.666667 272.333333
1183.000000 286.333333
1200.666667 301.000000
1217.000000 316.000000
1232.333333 331.666667
1246.333333 347.333333
1259.333333 363.666667
1270.000000 380.333333
1278.666667 397.666667
1285.000000 415.333333
1289.666667 432.666667
1292.333333 450.000000
1293.333333 466.666667
1292.666667 483.000000
1289.666667 498.333333
1284.333333 513.000000
1277.000000 527.000000
1268.666667 541.000000
1258.333333 555.000000
1245.666667 569.000000
1230.666667 583.666667
1214.000000 598.666667
1196.000000 614.333333
1176.000000 630.000000
1155.333333 645.333333
1133.333333 660.000000
1111.666667 674.333333
1089.000000 688.666667
1066.666667 702.333333
1043.333333 715.000000
1021.000000 726.333333
999.333333 737.333333
978.333333 747.333333
958.000000 756.666667
938.666667 764.333333
920.666667 771.333333
904.000000 777.666667
888.666667 783.666667
874.333333 789.333333
860.666667 794.666667
847.666667 799.666667
836.666667 804.000000
827.666667 808.000000
820.666667 811.666667
815.333333 814.666667
811.333333 817.000000
808.333333 818.666667
806.666667 820.000000
805.666667 821.000000
805.333333 821.333333
805.333333 820.666667
805.666667 818.333333
806.666667 815.000000
807.666667 810.666667
