652.333333 535.000000
665.000000 533.666667
678.333333 532.333333
692.000000 530.666667
706.000000 529.000000
720.333333 527.000000
734.666667 524.666667
749.000000 522.000000
763.666667 519.000000
779.000000 515.666667
794.333333 512.000000
810.333333 508.000000
826.333333 504.000000
842.333333 500.000000
858.333333 496.333333
874.666667 492.666667
891.000000 489.333333
907.333333 485.666667
923.000000 482.333333
938.666667 479.000000
954.000000 475.666667
969.333333 472.000000
983.666667 468.000000
997.000000 464.000000
1010.000000 460.333333
1022.333333 457.000000
1033.666667 454.000000
1043.666667 451.000000
1052.666667 448.333333
1061.333333 446.000000
1069.666667 444.333333
1077.666667 443.000000
1084.333333 442.000000
1089.666667 441.000000
1094.000000 440.000000
1097.333333 439.000000
1100.666667 438.000000
