539.000000 165.666667
521.000000 166.000000
508.000000 167.666667
495.000000 169.666667
482.000000 172.666667
469.333333 176.000000
457.333333 180.333333
446.000000 185.000000
435.000000 190.333333
423.666667 196.666667
412.666667 204.333333
402.333333 212.666667
393.000000 222.333333
383.666667 233.000000
374.666667 245.000000
366.333333 257.333333
359.000000 270.333333
352.666667 284.333333
347.333333 298.666667
343.000000 313.666667
339.666667 329.000000
337.000000 344.333333
335.333333 359.333333
334.333333 374.000000
334.333333 388.333333
335.000000 401.666667
336.333333 414.666667
338.333333 428.000000
343.333333 445.000000
350.000000 462.000000
357.666667 479.000000
364.333333 492.333333
371.000000 504.666667
378.666667 516.333333
387.666667 528.333333
397.666667 541.000000
407.666667 553.000000
418.000000 564.333333
429.333333 575.666667
442.000000 587.666667
455.666667 599.666667
470.333333 611.333333
486.000000 623.000000
502.333333 635.333333
519.333333 647.666667
536.666667 659.666667
554.666667 671.333333
572.333333 683.000000
589.333333 694.666667
605.333333 705.333333
620.666667 714.666667
635.000000 722.333333
647.000000 728.333333
656.666667 733.000000
664.000000 736.333333
669.333333 738.666667
