464.000000 454.333333
468.000000 450.000000
472.333333 446.000000
477.333333 441.666667
483.666667 437.333333
490.666667 433.000000
498.333333 429.000000
505.666667 424.666667
513.333333 420.333333
521.333333 416.000000
530.333333 412.000000
540.000000 408.000000
549.666667 404.333333
559.333333 401.000000
568.666667 398.333333
579.000000 395.666667
589.333333 393.666667
599.666667 391.666667
609.000000 390.333333
618.000000 389.000000
627.333333 388.000000
639.000000 387.000000
654.666667 386.666667
668.000000 387.000000
