538.333333 273.000000
582.333333 272.000000
612.333333 271.000000
635.333333 270.000000
658.666667 269.000000
682.666667 267.666667
706.666667 266.333333
731.666667 264.666667
756.666667 263.000000
782.333333 261.000000
807.666667 259.000000
833.333333 256.666667
859.000000 254.333333
885.000000 251.666667
910.666667 249.333333
936.333333 246.666667
961.666667 244.333333
986.666667 241.666667
1011.000000 239.000000
1035.000000 236.000000
1058.666667 233.000000
1082.000000 229.666667
1104.333333 226.666667
1126.000000 223.666667
1146.666667 220.666667
1166.666667 217.333333
1186.333333 214.000000
1205.000000 211.000000
1222.666667 208.333333
