1083.333333 133.666667
1113.333333 133.000000
1143.333333 133.666667
1172.666667 135.666667
1194.000000 138.000000
1214.666667 141.333333
1235.000000 145.333333
1254.000000 150.333333
1272.333333 156.666667
1290.000000 164.333333
1307.000000 173.000000
1322.666667 182.333333
1337.666667 192.666667
1352.000000 203.666667
1365.000000 215.333333
1376.333333 227.666667
1386.333333 240.666667
1396.333333 254.333333
1405.666667 268.000000
1414.333333 282.666667
1421.666667 297.666667
1427.666667 313.000000
1432.333333 328.333333
1435.666667 343.666667
1437.666667 359.000000
1438.666667 374.000000
1438.666667 389.333333
1437.666667 404.666667
1435.333333 420.000000
1431.666667 435.333333
1426.666667 449.333333
1420.333333 463.000000
1413.000000 476.000000
1405.000000 490.000000
1396.666667 504.666667
1387.000000 519.666667
1376.333333 535.000000
1364.666667 549.666667
1352.000000 564.000000
1337.666667 577.666667
1321.666667 591.000000
1304.333333 603.666667
1286.333333 615.666667
1266.666667 627.000000
1246.333333 638.000000
1224.333333 649.000000
1202.000000 659.333333
1178.666667 669.000000
1155.333333 678.000000
1131.666667 687.333333
1107.666667 696.666667
1083.000000 706.000000
1057.666667 715.000000
1032.000000 724.000000
1005.333333 732.666667
978.666667 741.000000
952.000000 749.000000
927.000000 756.333333
905.000000 762.333333
887.333333 766.666667
874.333333 769.666667
864.666667 772.000000
856.000000 772.000000
