764.666667 297.000000
765.333333 302.333333
765.666667 308.333333
766.333333 314.666667
766.666667 321.333333
767.000000 328.000000
767.333333 335.333333
767.666667 344.000000
768.333333 353.333333
769.000000 363.000000
769.666667 372.666667
770.333333 383.333333
771.000000 395.000000
772.000000 406.666667
773.000000 418.000000
774.000000 429.333333
775.333333 441.000000
776.666667 452.666667
778.333333 464.000000
780.000000 475.000000
782.333333 486.666667
785.333333 498.333333
788.666667 509.666667
792.333333 520.666667
795.666667 532.000000
799.333333 543.666667
802.333333 554.666667
805.333333 565.000000
807.666667 574.666667
810.333333 584.333333
812.666667 593.333333
814.666667 602.000000
816.333333 609.333333
817.666667 616.000000
819.333333 621.333333
820.333333 626.000000
821.333333 629.666667
822.000000 633.000000
823.000000 635.333333
823.666667 637.333333
824.333333 638.666667
824.666667 640.000000
825.000000 641.000000
