645.333333 168.333333
634.666667 167.000000
619.333333 166.666667
603.333333 167.333333
589.666667 169.000000
579.333333 171.333333
568.333333 174.000000
557.333333 177.666667
547.333333 181.666667
538.333333 186.333333
529.333333 191.333333
520.000000 197.333333
510.333333 204.000000
501.333333 211.000000
493.000000 218.333333
485.333333 225.666667
477.333333 233.333333
469.333333 241.333333
461.000000 250.000000
453.666667 259.333333
447.000000 269.333333
441.666667 280.666667
437.000000 293.333333
433.000000 306.666667
429.333333 320.666667
426.000000 335.000000
423.333333 349.333333
421.000000 363.000000
419.333333 376.000000
417.666667 389.000000
416.666667 401.666667
416.333333 414.000000
417.000000 426.666667
418.333333 439.666667
420.333333 453.000000
423.000000 466.666667
426.666667 481.000000
431.666667 496.000000
438.666667 511.666667
447.333333 527.666667
457.000000 544.333333
468.333333 560.666667
480.666667 577.333333
494.333333 593.333333
509.000000 610.000000
524.666667 626.666667
541.000000 643.666667
558.000000 660.000000
575.000000 675.666667
592.000000 690.666667
608.666667 704.333333
625.000000 717.000000
641.000000 728.333333
656.000000 738.666667
670.666667 747.666667
684.333333 755.666667
696.666667 762.333333
706.666667 767.666667
714.666667 771.333333
720.000000 774.000000
724.000000 775.666667
