1288.333333 119.333333
1280.000000 128.666667
1272.000000 137.666667
1264.000000 147.666667
1256.000000 157.666667
1247.333333 168.333333
1238.000000 179.333333
1228.333333 191.666667
1218.666667 204.333333
1209.666667 217.000000
1200.666667 229.000000
1192.333333 241.000000
1184.000000 252.333333
1176.333333 262.666667
1169.333333 272.000000
1163.000000 280.666667
1157.333333 288.666667
1151.666667 296.333333
1146.666667 304.333333
1141.666667 312.333333
1137.000000 320.000000
1132.333333 326.666667
1128.333333 333.333333
1125.333333 339.000000
1123.000000 344.000000
1121.333333 347.333333
1120.000000 349.666667
1119.333333 351.000000
1119.000000 352.000000
