604.333333 166.333333
587.333333 166.000000
570.000000 167.000000
552.333333 169.666667
541.666667 173.000000
530.333333 177.000000
518.666667 181.333333
507.000000 186.333333
496.000000 192.333333
484.333333 199.666667
472.666667 208.333333
461.000000 218.333333
450.000000 230.000000
439.000000 243.000000
428.000000 257.666667
417.333333 273.333333
407.333333 290.000000
398.000000 307.666667
389.000000 326.000000
380.333333 345.000000
372.333333 364.000000
365.333333 382.666667
359.000000 401.666667
353.666667 420.666667
349.333333 445.333333
347.333333 469.000000
347.333333 491.333333
349.666667 507.333333
354.000000 523.000000
360.000000 538.333333
367.333333 553.000000
375.666667 566.666667
385.666667 580.000000
396.333333 592.666667
407.333333 605.000000
418.333333 617.000000
430.333333 629.333333
442.666667 642.000000
455.000000 655.333333
467.333333 669.000000
480.333333 683.000000
493.333333 696.666667
506.333333 710.000000
519.666667 723.000000
533.333333 735.333333
546.666667 746.666667
558.666667 756.666667
570.666667 765.333333
582.333333 772.666667
593.333333 778.666667
603.000000 784.000000
611.666667 788.666667
619.666667 793.000000
627.000000 797.000000
633.333333 800.333333
639.333333 803.000000
644.000000 804.666667
648.000000 806.000000
650.666667 807.000000
653.333333 807.333333
