896.666667 97.000000
901.333333 100.666667
905.666667 105.000000
910.000000 110.666667
913.666667 117.000000
917.000000 123.666667
919.666667 130.000000
922.000000 136.333333
924.000000 143.333333
926.000000 152.000000
927.666667 161.333333
928.666667 171.666667
929.333333 182.000000
929.333333 194.000000
929.333333 206.333333
929.000000 219.666667
928.333333 233.666667
927.333333 248.333333
926.000000 263.333333
925.000000 279.000000
924.000000 295.333333
922.666667 312.000000
921.333333 329.000000
919.666667 346.000000
918.333333 362.666667
917.333333 379.000000
916.666667 395.333333
916.000000 411.666667
915.333333 427.666667
915.000000 443.333333
915.333333 458.000000
916.000000 470.666667
917.000000 482.666667
918.333333 494.000000
920.000000 504.000000
922.000000 512.000000
924.000000 518.000000
