1059.666667 259.000000
1033.666667 257.333333
986.000000 256.666667
936.333333 257.000000
884.333333 258.000000
850.333333 259.666667
815.000000 262.000000
778.666667 265.333333
741.666667 269.000000
704.000000 273.000000
666.000000 277.000000
628.000000 281.000000
590.000000 285.000000
552.000000 289.000000
514.000000 293.000000
476.333333 297.666667
439.333333 303.000000
403.000000 309.333333
367.333333 316.000000
332.666667 322.666667
299.000000 329.000000
266.666667 335.000000
235.666667 341.333333
