736.666667 287.666667
728.666667 279.000000
719.333333 269.666667
709.333333 260.333333
699.000000 250.666667
689.333333 240.666667
679.666667 230.000000
670.000000 219.333333
659.666667 208.666667
649.666667 198.000000
640.000000 186.666667
631.333333 175.666667
622.666667 165.333333
613.666667 155.666667
604.333333 146.333333
595.333333 137.000000
587.333333 128.333333
580.000000 120.333333
572.666667 113.333333
565.000000 107.000000
557.666667 101.333333
551.000000 96.333333
545.333333 91.666667
540.333333 87.666667
536.000000 83.666667
532.333333 80.333333
529.333333 76.666667
526.666667 73.666667
524.666667 70.666667
523.000000 68.333333
522.000000 66.333333
521.000000 64.666667
520.333333 63.333333
519.666667 62.000000
518.000000 60.666667
