707.000000 315.666667
739.000000 316.000000
766.333333 317.000000
783.333333 318.333333
800.333333 320.000000
817.666667 322.000000
835.333333 324.000000
853.000000 326.000000
870.666667 328.000000
889.000000 330.000000
907.333333 332.000000
926.666667 334.000000
946.000000 335.666667
965.666667 337.333333
986.000000 338.666667
1006.000000 340.000000
1033.000000 341.000000
1059.333333 342.000000
1086.000000 343.000000
1111.666667 344.000000
1148.000000 345.000000
1192.000000 346.000000
1232.333333 347.000000
1261.666667 348.000000
1279.333333 349.000000
1292.666667 350.000000
1303.333333 351.000000
1314.000000 352.000000
1323.000000 353.000000
