148.666667 752.666667
155.000000 742.000000
161.666667 731.333333
169.666667 719.666667
178.333333 707.333333
187.666667 694.333333
196.333333 682.333333
205.666667 670.666667
214.666667 658.666667
223.666667 646.666667
232.666667 635.000000
241.666667 624.666667
251.333333 614.000000
260.666667 603.000000
270.000000 591.666667
279.333333 581.000000
289.000000 571.000000
298.666667 560.666667
308.000000 550.333333
316.333333 540.333333
323.666667 531.666667
330.333333 524.000000
337.000000 516.000000
344.333333 506.666667
350.333333 498.666667
354.333333 493.000000
356.000000 490.666667
357.000000 489.000000
358.333333 488.000000
