463.666667 128.666667
441.666667 129.333333
421.000000 131.000000
407.000000 133.333333
393.666667 136.000000
380.333333 139.000000
367.666667 142.666667
356.333333 147.333333
346.000000 153.000000
336.000000 159.666667
326.000000 167.333333
316.666667 175.666667
308.000000 184.666667
300.333333 194.000000
293.000000 204.333333
285.666667 214.333333
278.666667 224.333333
271.666667 234.000000
265.666667 244.333333
260.000000 255.333333
255.666667 267.000000
252.000000 279.333333
249.666667 292.333333
248.000000 306.000000
247.333333 320.000000
247.333333 334.000000
248.333333 347.666667
250.000000 359.666667
252.333333 370.666667
255.333333 380.333333
259.000000 389.666667
263.333333 398.333333
268.000000 406.666667
273.000000 415.333333
278.333333 424.333333
284.333333 434.333333
291.666667 445.000000
300.333333 456.333333
310.000000 468.666667
320.666667 482.000000
332.666667 496.333333
346.000000 511.666667
360.666667 527.666667
376.333333 544.333333
393.000000 560.333333
411.000000 576.666667
429.666667 592.000000
450.000000 607.333333
470.333333 621.333333
492.333333 635.000000
514.000000 647.333333
537.333333 658.666667
560.000000 668.333333
583.000000 677.000000
605.000000 684.666667
626.333333 692.000000
647.000000 698.666667
665.333333 704.333333
680.666667 708.666667
692.000000 711.333333
700.333333 713.000000
