703.000000 248.666667
707.333333 235.333333
711.666667 221.666667
715.666667 208.000000
719.333333 194.000000
722.666667 180.333333
726.000000 166.666667
729.666667 153.000000
733.666667 139.333333
738.333333 126.333333
743.000000 113.666667
747.666667 101.333333
752.333333 89.333333
756.666667 78.333333
763.000000 65.666667
769.666667 54.333333
776.666667 44.000000
782.000000 37.333333
787.000000 31.333333
791.666667 25.666667
795.666667 21.000000
799.333333 16.666667
802.333333 13.666667
805.333333 10.333333
