233.000000 584.000000
249.000000 583.000000
272.000000 582.000000
296.000000 581.000000
321.333333 580.000000
341.000000 579.000000
361.666667 578.000000
382.666667 576.666667
404.666667 575.000000
426.666667 573.000000
449.666667 570.666667
472.666667 568.000000
496.666667 565.333333
520.666667 562.666667
545.333333 560.333333
570.333333 557.666667
596.000000 555.333333
622.000000 553.000000
648.000000 551.333333
674.333333 549.666667
700.333333 548.000000
726.666667 546.333333
752.666667 545.000000
779.666667 544.000000
815.000000 543.000000
850.000000 542.000000
884.000000 541.000000
916.666667 540.000000
948.000000 539.000000
985.000000 538.000000
1011.666667 537.000000
1037.666667 536.000000
1055.333333 535.000000
1071.666667 534.000000
1086.333333 532.666667
1100.000000 531.333333
1113.000000 529.666667
1124.333333 528.333333
1133.666667 526.666667
1141.333333 525.000000
1147.333333 523.333333
1151.666667 521.666667
1154.666667 520.333333
1157.000000 519.000000
1158.666667 518.000000
1159.666667 517.000000
1160.000000 515.666667
1159.666667 514.000000
