906.000000 216.333333
907.000000 231.666667
907.666667 247.666667
908.333333 264.000000
908.666667 280.666667
909.000000 297.666667
909.000000 315.666667
909.333333 333.666667
909.666667 351.666667
910.333333 369.333333
910.666667 387.000000
911.000000 405.000000
911.000000 423.000000
911.000000 440.666667
911.000000 458.333333
911.000000 475.666667
911.000000 493.000000
910.666667 509.666667
910.333333 526.333333
910.000000 542.333333
910.000000 558.000000
910.333333 573.333333
910.666667 588.333333
911.000000 602.333333
911.333333 615.000000
911.666667 627.000000
912.333333 638.666667
913.000000 649.666667
914.000000 659.666667
915.333333 668.333333
916.666667 676.333333
918.000000 683.333333
919.333333 690.000000
921.000000 696.000000
922.666667 701.333333
924.333333 706.000000
926.000000 710.000000
927.666667 713.333333
929.333333 716.000000
931.000000 718.000000
933.000000 720.000000
935.000000 721.666667
937.333333 723.000000
939.666667 723.333333
