659.333333 158.000000
650.333333 153.666667
641.666667 150.000000
633.000000 147.333333
623.000000 145.333333
605.333333 145.000000
586.000000 146.000000
566.666667 148.000000
554.000000 150.333333
541.333333 153.333333
528.333333 157.333333
515.000000 162.000000
502.333333 167.333333
489.333333 172.666667
476.666667 178.333333
464.333333 184.333333
453.000000 191.333333
442.333333 199.333333
431.666667 208.666667
421.333333 218.666667
411.333333 229.666667
402.333333 241.333333
394.666667 253.666667
388.000000 266.333333
382.333333 279.666667
377.000000 293.666667
372.333333 308.333333
368.000000 323.666667
364.666667 339.666667
362.000000 356.000000
360.333333 372.666667
359.333333 389.333333
359.666667 406.666667
361.333333 424.000000
364.333333 441.333333
367.666667 458.000000
371.666667 474.333333
376.333333 490.333333
382.333333 505.666667
390.333333 520.333333
399.666667 535.000000
410.000000 549.666667
421.000000 564.000000
433.000000 578.333333
446.000000 592.666667
459.333333 607.000000
473.666667 621.000000
488.000000 634.666667
502.333333 648.000000
517.000000 661.000000
532.333333 674.000000
548.333333 687.000000
564.333333 700.000000
580.333333 713.000000
596.000000 726.333333
611.333333 739.333333
626.333333 751.333333
640.000000 761.666667
651.666667 770.333333
661.333333 777.666667
669.000000 783.333333
674.666667 787.666667
678.333333 790.666667
681.000000 793.000000
682.333333 794.666667
