322.666667 544.666667
332.000000 530.333333
343.000000 516.333333
356.000000 503.000000
370.666667 489.666667
386.666667 476.666667
404.000000 463.666667
422.000000 451.666667
442.000000 439.333333
463.000000 427.333333
485.666667 415.333333
509.666667 404.000000
535.333333 392.666667
562.333333 381.333333
589.666667 370.333333
618.000000 360.666667
646.666667 352.000000
676.333333 344.000000
706.000000 336.333333
736.000000 329.000000
766.333333 322.333333
796.333333 316.000000
826.000000 310.666667
855.333333 306.000000
884.666667 302.000000
914.666667 298.333333
944.666667 295.333333
974.666667 293.000000
1004.333333 291.000000
1034.000000 289.000000
1064.000000 287.000000
1093.666667 285.000000
1123.000000 283.000000
1151.666667 281.000000
