596.333333 122.333333
576.000000 125.000000
559.666667 128.333333
548.000000 131.666667
536.000000 135.666667
525.000000 140.000000
514.333333 145.333333
504.333333 151.000000
494.333333 157.666667
484.666667 165.000000
475.000000 173.000000
465.333333 181.000000
456.333333 190.000000
448.000000 200.000000
440.666667 211.333333
434.000000 223.333333
428.000000 236.666667
422.333333 251.000000
417.666667 266.666667
414.000000 283.333333
411.333333 301.333333
409.000000 320.000000
407.333333 338.666667
406.000000 356.333333
405.333333 373.000000
405.000000 388.666667
405.333333 403.333333
406.000000 417.000000
407.666667 430.000000
410.000000 443.000000
413.333333 455.666667
417.333333 468.333333
422.000000 481.333333
427.666667 494.666667
434.333333 508.000000
442.000000 521.333333
450.000000 534.666667
458.000000 547.333333
466.000000 558.666667
474.666667 569.333333
484.000000 579.666667
494.000000 589.666667
504.000000 599.333333
514.666667 608.666667
526.000000 618.000000
538.000000 626.666667
550.000000 635.333333
562.333333 644.333333
575.333333 653.666667
588.666667 663.000000
601.666667 672.333333
614.000000 682.333333
626.000000 692.666667
637.333333 702.000000
647.666667 710.000000
656.000000 716.333333
663.000000 721.666667
668.333333 725.666667
672.333333 728.666667
675.000000 730.666667
677.000000 732.000000
