688.666667 148.000000
681.666667 146.000000
674.333333 144.333333
666.000000 143.000000
652.000000 142.666667
633.333333 143.000000
614.666667 144.000000
601.333333 145.000000
591.666667 146.000000
581.000000 147.333333
569.666667 149.333333
558.333333 151.666667
548.333333 154.666667
538.333333 158.000000
527.666667 162.666667
516.666667 167.666667
506.333333 173.333333
497.000000 179.000000
488.333333 184.666667
479.666667 190.666667
471.000000 196.666667
462.333333 203.333333
454.333333 210.666667
447.333333 219.000000
441.000000 228.333333
435.333333 238.666667
430.333333 250.333333
426.000000 263.000000
422.000000 276.666667
418.333333 291.333333
415.333333 307.333333
413.000000 324.333333
411.333333 341.333333
410.000000 358.000000
409.333333 374.333333
409.333333 390.333333
410.666667 406.333333
413.000000 421.666667
416.333333 436.666667
420.000000 450.666667
424.666667 464.333333
430.333333 477.666667
437.666667 491.666667
446.333333 506.000000
456.000000 521.666667
466.666667 537.333333
478.333333 553.666667
490.666667 569.666667
502.666667 585.666667
514.333333 600.333333
526.333333 614.000000
538.666667 626.666667
550.333333 638.666667
561.333333 650.000000
572.333333 660.000000
584.000000 669.333333
595.333333 677.666667
606.000000 686.000000
616.333333 694.000000
627.333333 702.000000
638.333333 709.666667
648.666667 717.000000
657.666667 723.666667
666.000000 729.666667
673.000000 734.666667
678.666667 738.333333
682.666667 741.000000
685.666667 743.000000
687.666667 744.666667
