763.333333 213.333333
748.666667 217.333333
733.666667 222.333333
718.333333 227.666667
703.000000 233.666667
688.000000 240.333333
672.666667 248.333333
657.666667 257.333333
642.666667 266.666667
628.333333 276.333333
614.000000 286.333333
600.333333 297.000000
586.666667 307.666667
573.333333 318.000000
560.333333 328.000000
548.333333 338.000000
536.666667 348.000000
525.666667 357.666667
515.000000 367.000000
505.666667 375.333333
497.333333 383.000000
490.000000 389.666667
483.666667 396.333333
478.000000 402.666667
473.333333 409.000000
469.000000 415.333333
465.000000 421.666667
461.333333 428.666667
458.333333 436.333333
456.333333 445.333333
455.333333 454.666667
455.000000 464.000000
455.333333 473.333333
456.333333 483.666667
458.333333 494.333333
461.000000 505.000000
464.333333 514.666667
468.000000 523.666667
472.000000 532.000000
476.000000 540.000000
480.333333 547.666667
484.666667 554.666667
489.333333 560.666667
494.333333 565.666667
499.333333 570.000000
504.000000 573.666667
508.000000 576.666667
511.333333 579.000000
514.333333 580.666667
516.666667 582.000000
519.000000 582.333333
