389.666667 394.666667
393.000000 407.666667
397.666667 419.666667
403.666667 432.000000
410.333333 444.000000
417.000000 455.666667
424.666667 466.000000
433.666667 475.666667
444.000000 485.333333
455.000000 494.666667
467.333333 504.000000
480.666667 512.333333
495.000000 519.666667
510.333333 526.000000
526.666667 532.000000
545.000000 537.666667
563.666667 542.666667
583.333333 547.000000
604.000000 551.333333
626.666667 555.333333
650.666667 559.000000
676.000000 562.000000
702.000000 564.666667
729.333333 566.666667
758.000000 568.000000
787.333333 569.000000
817.333333 570.000000
847.000000 571.000000
886.666667 572.000000
926.000000 573.000000
965.000000 574.000000
993.666667 575.000000
