1087.666667 577.666667
1078.333333 571.000000
1068.333333 564.000000
1057.666667 557.333333
1046.000000 551.000000
1034.666667 545.333333
1023.333333 540.000000
1011.666667 534.666667
999.333333 529.333333
987.000000 524.000000
974.666667 518.666667
961.333333 513.333333
948.000000 508.000000
935.000000 503.333333
922.333333 499.000000
909.333333 495.000000
896.333333 491.000000
884.000000 486.666667
872.000000 482.333333
859.666667 477.333333
848.000000 472.666667
837.333333 467.333333
828.000000 462.333333
819.333333 457.333333
811.000000 453.000000
804.000000 449.333333
798.333333 446.000000
794.333333 443.333333
