988.666667 160.333333
1005.666667 158.000000
1023.000000 156.333333
1046.666667 155.666667
1071.000000 156.333333
1096.000000 158.333333
1114.000000 161.333333
1132.000000 165.666667
1149.333333 170.666667
1166.666667 176.666667
1183.333333 183.000000
1199.666667 190.333333
1215.666667 198.666667
1230.666667 208.000000
1245.666667 218.333333
1260.000000 229.333333
1273.666667 241.333333
1285.333333 254.333333
1296.666667 268.000000
1307.333333 282.000000
1317.333333 296.000000
1325.333333 310.000000
1331.666667 324.666667
1336.666667 339.666667
1340.333333 354.666667
1342.666667 369.000000
1343.666667 383.666667
1343.666667 398.333333
1342.333333 413.000000
1339.333333 427.333333
1334.333333 441.666667
1327.666667 456.333333
1320.000000 471.000000
1311.333333 486.333333
1301.000000 502.000000
1289.000000 518.333333
1275.333333 535.000000
1260.333333 552.000000
1244.000000 569.000000
1226.333333 586.000000
1208.000000 602.333333
1188.333333 617.666667
1168.333333 632.000000
1147.666667 645.333333
1126.333333 657.666667
1103.333333 668.666667
1079.666667 679.000000
1056.000000 688.666667
1032.333333 698.000000
1008.666667 706.666667
985.000000 714.666667
962.666667 721.333333
940.666667 727.333333
920.000000 732.666667
901.000000 737.666667
883.000000 742.333333
867.000000 746.333333
853.000000 750.000000
843.000000 752.666667
835.666667 754.666667
830.333333 756.000000
826.666667 757.000000
824.333333 758.000000
823.333333 758.333333
824.666667 756.666667
