1143.000000 204.666667
1163.333333 207.666667
1183.000000 212.333333
1202.333333 217.666667
1220.666667 223.666667
1238.666667 230.000000
1255.666667 237.666667
1272.333333 246.333333
1288.333333 256.333333
1304.000000 267.000000
1318.666667 278.333333
1332.000000 291.000000
1344.333333 304.333333
1356.000000 318.666667
1366.333333 333.333333
1375.000000 348.000000
1382.000000 362.000000
1387.333333 375.333333
1391.333333 389.333333
1394.000000 403.333333
1395.666667 417.000000
1396.000000 430.333333
1395.333333 443.666667
1393.666667 456.666667
1391.333333 469.666667
1387.333333 483.000000
1381.666667 496.666667
1375.000000 509.333333
1368.000000 521.333333
1360.333333 533.000000
1352.666667 545.000000
1344.000000 556.333333
1334.666667 566.666667
1324.333333 576.000000
1313.333333 585.666667
1301.333333 596.000000
1288.000000 606.333333
1273.666667 616.000000
1258.000000 625.000000
1241.000000 634.666667
1222.333333 645.333333
1203.333333 656.333333
1183.000000 667.000000
1162.666667 676.666667
1142.000000 686.666667
1121.333333 696.666667
1100.333333 706.333333
1078.333333 714.666667
1057.000000 722.000000
1034.666667 728.666667
1013.000000 734.333333
990.000000 739.333333
968.000000 743.000000
945.333333 746.000000
919.333333 747.666667
894.000000 748.333333
873.000000 748.000000
862.666667 747.000000
858.333333 745.666667
