879.000000 176.000000
878.666667 183.333333
878.333333 191.000000
878.000000 199.333333
878.000000 208.000000
877.666667 217.000000
877.333333 226.000000
877.000000 235.333333
876.666667 245.333333
876.333333 256.000000
876.000000 266.666667
876.000000 277.333333
876.000000 288.666667
876.333333 300.333333
876.666667 312.333333
877.333333 324.000000
877.666667 336.333333
878.333333 348.666667
878.666667 360.666667
879.333333 372.000000
880.000000 383.333333
881.333333 394.666667
882.333333 406.000000
883.333333 416.666667
884.666667 427.000000
886.666667 437.333333
888.666667 447.666667
890.333333 457.666667
892.000000 467.000000
894.000000 476.000000
896.000000 484.666667
898.000000 493.333333
900.000000 501.333333
902.000000 509.000000
903.666667 516.000000
905.000000 522.666667
906.333333 529.000000
907.333333 535.333333
908.333333 541.666667
909.000000 548.333333
909.666667 554.666667
910.000000 560.666667
910.000000 565.666667
910.000000 569.666667
910.000000 572.666667
910.000000 574.666667
910.000000 576.000000
910.000000 577.000000
