153.333333 285.666667
152.333333 299.666667
151.666667 314.333333
151.333333 329.333333
151.000000 344.666667
150.666667 360.000000
150.333333 375.333333
150.000000 391.000000
150.000000 406.666667
150.000000 422.666667
150.333333 438.333333
150.666667 454.333333
151.000000 471.000000
150.666667 488.666667
150.333333 508.000000
149.666667 527.333333
149.333333 546.666667
148.666667 565.666667
148.000000 584.000000
147.333333 602.333333
147.000000 620.333333
146.666667 638.000000
146.333333 655.666667
146.000000 672.333333
146.000000 688.666667
146.000000 703.666667
146.000000 718.000000
146.333333 732.000000
146.666667 745.000000
147.333333 756.333333
147.666667 766.000000
148.333333 775.000000
149.000000 783.666667
150.000000 791.666667
150.666667 798.666667
151.333333 805.000000
151.666667 810.000000
152.333333 814.000000
152.666667 817.000000
153.000000 819.666667
153.333333 821.666667
153.666667 823.000000
154.000000 824.000000
