1001.000000 133.000000
1001.000000 138.333333
1001.000000 144.000000
1001.000000 150.666667
1000.666667 158.000000
1000.333333 166.000000
999.666667 174.333333
999.333333 183.000000
998.666667 193.000000
998.333333 203.666667
998.000000 215.000000
997.666667 226.333333
997.333333 238.666667
997.000000 251.333333
997.000000 264.000000
997.000000 276.333333
997.000000 289.333333
997.333333 302.666667
997.666667 316.000000
998.000000 329.333333
998.333333 343.000000
999.000000 356.666667
1000.000000 369.666667
1001.000000 382.333333
1002.000000 395.000000
1003.000000 407.333333
1004.333333 419.000000
1005.666667 430.333333
1007.000000 441.666667
1008.333333 452.666667
1009.666667 462.333333
1011.000000 471.000000
1012.000000 478.333333
1013.000000 485.000000
1014.000000 491.000000
1015.000000 496.333333
1015.666667 501.000000
1016.333333 504.666667
1017.000000 508.000000
1017.666667 510.333333
1018.000000 512.000000
1018.000000 513.000000
