1037.666667 671.000000
1024.666667 667.666667
1010.666667 663.333333
996.333333 658.666667
981.333333 653.666667
965.666667 649.000000
949.666667 644.333333
933.333333 639.666667
917.333333 635.333333
901.333333 631.333333
886.000000 627.333333
870.333333 623.333333
855.333333 619.333333
841.000000 615.666667
827.666667 612.333333
814.333333 608.666667
801.666667 605.333333
790.333333 602.000000
780.666667 599.000000
771.666667 596.000000
763.000000 593.000000
754.666667 590.333333
747.000000 588.333333
740.333333 586.666667
734.666667 585.333333
729.666667 584.000000
