281.000000 405.333333
299.000000 403.000000
317.666667 401.000000
336.666667 399.000000
356.666667 397.000000
376.333333 395.333333
396.333333 393.666667
416.666667 392.333333
437.666667 390.666667
459.333333 389.000000
481.000000 387.000000
503.333333 385.000000
525.666667 382.666667
548.666667 380.333333
571.333333 377.666667
595.000000 375.333333
618.000000 372.666667
641.666667 370.666667
665.000000 368.333333
689.333333 366.333333
713.333333 363.666667
738.000000 361.333333
762.666667 359.000000
788.333333 357.000000
813.666667 354.666667
839.000000 352.666667
864.333333 350.333333
890.000000 348.333333
916.333333 345.666667
942.333333 343.333333
968.333333 341.000000
993.333333 339.000000
1018.000000 337.000000
1042.000000 335.000000
1066.000000 333.000000
1089.666667 330.666667
1113.000000 328.333333
1135.666667 325.666667
1158.000000 323.333333
1180.000000 320.666667
1208.000000 317.666667
