1127.000000 188.000000
1148.333333 195.666667
1168.333333 205.000000
1187.666667 215.333333
1205.666667 226.000000
1222.666667 237.666667
1238.000000 250.333333
1252.333333 263.666667
1265.333333 277.666667
1276.333333 292.000000
1285.000000 306.666667
1291.666667 321.666667
1296.333333 337.000000
1299.333333 352.666667
1301.000000 367.666667
1301.333333 383.333333
1301.000000 399.000000
1299.333333 415.666667
1296.666667 432.000000
1292.666667 448.333333
1287.666667 464.000000
1281.666667 479.000000
1274.666667 493.666667
1267.000000 507.666667
1255.000000 526.666667
1242.000000 545.666667
1227.666667 564.666667
1215.000000 579.333333
1201.000000 594.000000
1185.333333 609.666667
1168.333333 625.000000
1150.666667 640.333333
1132.000000 655.000000
1113.000000 669.000000
1092.333333 682.666667
1071.000000 695.666667
1048.666667 707.333333
1026.000000 717.666667
1002.333333 727.000000
978.333333 735.000000
954.000000 742.000000
930.000000 747.666667
905.666667 752.666667
881.333333 756.666667
857.333333 760.000000
834.333333 763.000000
814.333333 765.333333
798.000000 767.333333
785.666667 768.666667
776.000000 770.000000
767.000000 771.000000
