679.000000 343.000000
680.000000 357.666667
681.000000 372.666667
681.666667 388.000000
682.333333 403.666667
682.666667 420.000000
683.333333 436.333333
683.666667 453.000000
684.333333 469.666667
684.666667 486.666667
685.333333 504.333333
685.666667 522.333333
686.000000 540.666667
685.666667 559.000000
685.000000 577.000000
684.333333 595.000000
684.000000 613.000000
684.000000 631.000000
684.000000 648.000000
684.000000 665.000000
684.333333 681.000000
685.000000 697.000000
685.666667 711.666667
686.333333 726.333333
687.000000 740.000000
688.333333 753.000000
690.333333 764.666667
693.000000 775.666667
695.666667 786.000000
698.333333 795.666667
701.000000 804.333333
703.666667 812.000000
706.000000 818.333333
708.000000 824.000000
709.666667 829.000000
711.000000 833.666667
712.333333 838.000000
713.666667 841.666667
715.000000 845.000000
716.000000 848.000000
717.000000 850.333333
