1220.000000 189.000000
1209.000000 190.333333
1197.000000 191.666667
1184.333333 193.000000
1171.000000 194.000000
1151.666667 195.000000
1125.000000 196.000000
1097.333333 197.000000
1074.000000 198.666667
1056.000000 201.000000
1037.000000 204.333333
1017.333333 208.000000
996.333333 212.333333
975.000000 217.000000
953.000000 222.000000
930.666667 227.000000
908.333333 231.666667
885.333333 236.333333
862.333333 241.000000
839.000000 246.333333
816.333333 252.000000
793.666667 258.000000
771.333333 264.000000
749.000000 270.000000
727.333333 275.666667
705.333333 281.333333
683.666667 287.000000
662.000000 293.000000
641.000000 299.000000
620.000000 305.000000
599.333333 311.000000
579.666667 317.000000
561.333333 322.666667
544.000000 327.666667
527.333333 332.333333
512.000000 337.000000
498.000000 341.666667
485.333333 346.000000
473.000000 350.000000
461.666667 354.000000
451.666667 358.000000
443.333333 361.666667
436.333333 365.000000
430.333333 367.666667
425.000000 370.000000
420.333333 371.666667
416.333333 373.000000
413.333333 374.000000
411.000000 375.000000
408.333333 376.000000
