215.333333 317.000000
220.000000 318.666667
225.000000 320.333333
229.666667 322.000000
234.333333 324.333333
239.666667 326.666667
246.000000 329.333333
253.333333 332.333333
260.666667 335.666667
268.000000 339.000000
275.000000 342.333333
282.000000 346.666667
289.333333 353.000000
297.000000 361.000000
304.666667 370.000000
311.666667 380.333333
317.666667 392.000000
322.666667 405.000000
327.000000 418.666667
330.666667 433.000000
334.000000 447.666667
337.000000 462.333333
340.000000 477.666667
343.333333 492.666667
347.000000 507.333333
351.000000 521.666667
355.000000 536.333333
358.666667 550.333333
362.666667 562.666667
366.666667 574.000000
