754.666667 237.333333
746.666667 225.333333
738.666667 213.666667
731.333333 202.000000
723.666667 190.000000
716.000000 178.333333
707.666667 167.333333
699.333333 156.666667
691.000000 146.000000
683.333333 135.000000
675.666667 124.333333
668.000000 114.666667
659.666667 105.333333
651.666667 96.333333
644.000000 87.000000
637.333333 78.666667
631.333333 71.333333
626.000000 65.333333
621.333333 60.333333
616.333333 56.000000
611.333333 52.000000
606.333333 49.000000
602.000000 46.666667
598.000000 45.333333
594.666667 44.000000
592.000000 43.000000
589.666667 42.000000
587.333333 41.000000
585.333333 40.000000
