584.000000 381.333333
585.000000 396.000000
586.000000 411.000000
587.000000 426.666667
587.666667 442.333333
588.333333 458.000000
588.666667 473.666667
589.000000 489.666667
589.000000 506.000000
589.000000 522.666667
589.000000 539.666667
589.000000 557.000000
589.000000 574.333333
589.000000 591.666667
589.000000 609.666667
589.000000 627.333333
589.000000 644.666667
589.000000 661.333333
589.333333 677.666667
589.666667 693.666667
590.333333 709.000000
591.000000 724.333333
592.000000 739.333333
593.000000 753.666667
594.000000 766.666667
595.000000 779.666667
596.000000 792.000000
597.000000 803.333333
597.666667 813.000000
598.333333 822.000000
598.666667 830.666667
599.333333 839.000000
600.000000 846.666667
601.333333 856.333333
603.000000 864.000000
604.333333 870.000000
605.666667 872.000000
606.666667 873.666667
608.666667 875.000000
