1065.000000 98.333333
1094.000000 97.666667
1123.666667 98.000000
1151.666667 99.666667
1172.666667 102.666667
1192.333333 107.333333
1212.000000 113.666667
1231.333333 121.333333
1250.000000 130.000000
1268.000000 140.000000
1285.666667 151.000000
1302.666667 163.000000
1319.000000 175.666667
1334.666667 189.333333
1350.000000 204.000000
1364.666667 219.666667
1377.333333 235.666667
1389.000000 252.000000
1399.666667 268.666667
1409.333333 285.666667
1417.666667 302.666667
1424.333333 319.666667
1429.666667 336.666667
1433.333333 354.000000
1435.333333 371.666667
1436.000000 389.666667
1435.666667 408.000000
1434.666667 426.333333
1432.333333 443.666667
1428.000000 460.333333
1422.333333 476.000000
1415.666667 492.000000
1408.666667 508.000000
1401.000000 524.666667
1392.000000 541.666667
1382.000000 558.333333
1370.666667 575.000000
1358.666667 591.333333
1345.666667 607.333333
1331.666667 622.666667
1316.000000 637.666667
1299.000000 652.333333
1280.333333 666.666667
1260.333333 680.666667
1239.000000 694.666667
1216.666667 707.000000
1193.666667 718.000000
1170.000000 727.333333
1145.000000 735.666667
1119.333333 742.666667
1093.000000 748.333333
1066.666667 752.666667
1040.333333 755.333333
1014.333333 757.333333
974.666667 758.666667
937.666667 760.000000
904.333333 761.000000
890.000000 762.000000
879.000000 763.333333
871.000000 764.666667
865.000000 766.000000
861.000000 767.000000
858.333333 768.000000
