582.333333 530.666667
575.666667 538.000000
568.333333 545.000000
560.000000 552.333333
551.333333 560.333333
543.000000 569.000000
534.333333 578.333333
524.666667 587.666667
514.333333 596.666667
504.333333 605.333333
494.666667 614.000000
485.000000 623.000000
475.000000 632.000000
465.000000 640.666667
455.333333 649.000000
445.666667 657.000000
436.000000 665.000000
426.333333 673.333333
417.000000 681.666667
408.000000 689.666667
399.000000 697.333333
390.000000 705.000000
381.333333 712.333333
373.333333 719.666667
365.666667 726.666667
358.333333 734.000000
351.000000 740.333333
344.000000 746.333333
337.000000 752.000000
330.333333 757.666667
324.333333 763.000000
