581.333333 127.000000
565.000000 127.000000
548.333333 128.000000
532.333333 130.666667
520.333333 134.333333
509.000000 139.000000
498.333333 144.333333
488.000000 150.666667
478.333333 158.000000
468.666667 166.333333
459.666667 175.000000
450.666667 184.666667
442.666667 195.333333
435.000000 207.333333
428.333333 220.333333
422.000000 235.000000
416.333333 251.000000
411.333333 269.000000
406.666667 287.666667
402.666667 307.666667
399.333333 327.666667
397.000000 347.666667
395.333333 367.666667
394.666667 387.333333
395.333333 407.333333
397.333333 426.666667
400.333333 445.333333
404.666667 462.666667
410.000000 479.333333
416.666667 495.000000
424.333333 510.333333
433.666667 524.666667
444.000000 539.000000
454.666667 552.666667
466.000000 566.666667
478.000000 580.666667
490.666667 595.000000
502.666667 609.333333
514.666667 624.000000
526.666667 639.000000
539.000000 653.333333
551.000000 667.333333
562.666667 680.666667
574.000000 693.333333
585.000000 704.333333
595.333333 713.666667
605.000000 721.000000
613.333333 726.666667
621.666667 731.000000
630.000000 734.666667
639.000000 737.666667
647.333333 740.000000
654.666667 741.666667
661.000000 743.000000
666.666667 744.000000
671.333333 745.000000
675.333333 746.000000
679.000000 746.333333
