443.000000 419.000000
431.333333 412.333333
419.666667 406.000000
408.000000 399.666667
397.000000 393.000000
385.666667 385.333333
374.333333 377.000000
363.333333 368.000000
353.000000 359.333333
343.000000 350.666667
333.000000 342.000000
323.333333 333.333333
314.333333 325.000000
306.666667 317.333333
299.666667 310.666667
293.666667 304.666667
288.000000 299.333333
283.333333 294.333333
279.000000 290.000000
275.000000 286.333333
271.000000 283.000000
267.000000 280.000000
263.333333 277.333333
260.333333 275.000000
257.666667 273.000000
255.666667 271.333333
253.666667 269.666667
252.000000 268.333333
250.000000 267.000000
248.333333 266.000000
247.000000 265.000000
246.000000 264.000000
