1026.333333 176.666667
1025.666667 183.333333
1025.333333 190.000000
1025.000000 197.333333
1025.333333 205.000000
1025.666667 212.666667
1026.333333 220.000000
1026.666667 227.000000
1027.333333 233.666667
1028.000000 240.666667
1029.000000 247.666667
1030.333333 255.333333
1031.666667 263.000000
1033.333333 270.333333
1034.666667 277.333333
1036.333333 283.666667
1037.666667 290.333333
1039.333333 297.666667
1040.666667 305.666667
1042.333333 314.000000
1044.000000 321.666667
1045.666667 329.666667
1047.333333 337.666667
1048.666667 346.666667
1050.000000 355.333333
1051.000000 364.000000
1052.000000 371.666667
1053.000000 379.000000
1054.000000 386.000000
1054.666667 393.000000
1055.333333 400.000000
1055.666667 406.666667
1056.000000 412.666667
1056.000000 417.666667
1056.000000 422.000000
1056.000000 425.333333
1056.000000 428.333333
1056.000000 430.333333
1056.000000 432.333333
1056.000000 433.666667
1056.000000 435.000000
1056.000000 436.000000
1056.000000 437.000000
1056.333333 438.000000
