821.333333 345.000000
884.666667 344.000000
924.000000 343.000000
953.666667 342.000000
982.666667 341.000000
1019.333333 340.000000
1055.000000 339.000000
1089.333333 338.000000
1114.000000 337.000000
1137.333333 336.000000
1159.666667 335.000000
1181.000000 333.666667
1201.000000 332.000000
1220.000000 330.333333
1237.666667 328.666667
1254.000000 327.000000
1268.666667 325.333333
1281.666667 323.666667
1294.000000 322.000000
1305.666667 320.000000
1316.000000 318.333333
1324.666667 317.000000
1331.666667 316.000000
1337.666667 315.000000
1344.666667 314.000000
1354.666667 313.666667
1366.333333 314.000000
