767.333333 694.333333
775.333333 698.666667
784.000000 703.666667
792.666667 708.666667
801.666667 714.000000
811.000000 719.000000
821.333333 724.000000
831.666667 729.000000
842.000000 734.333333
852.000000 740.333333
862.333333 746.666667
873.000000 753.000000
883.666667 759.000000
893.666667 764.666667
903.666667 770.000000
913.666667 775.000000
923.666667 779.666667
933.000000 784.000000
941.333333 788.000000
949.333333 792.333333
956.333333 796.666667
963.333333 801.333333
970.000000 805.666667
976.666667 810.000000
982.666667 813.666667
988.000000 817.000000
992.666667 819.333333
996.666667 821.333333
999.666667 822.666667
1002.000000 824.000000
1004.333333 824.333333
1005.666667 824.000000
1006.000000 822.666667
