1041.333333 136.333333
1062.000000 132.666667
1083.333333 130.333333
1112.333333 130.000000
1141.000000 131.000000
1170.000000 133.333333
1191.000000 136.333333
1212.333333 140.666667
1233.000000 146.000000
1253.333333 152.666667
1273.666667 160.333333
1293.000000 169.000000
1311.666667 178.333333
1329.666667 188.666667
1346.666667 200.000000
1362.333333 212.000000
1376.000000 224.666667
1388.666667 238.333333
1400.666667 252.666667
1411.333333 267.666667
1420.333333 283.000000
1427.666667 298.666667
1433.666667 314.333333
1438.333333 331.000000
1441.333333 347.666667
1443.000000 364.666667
1444.000000 381.333333
1444.333333 398.333333
1443.666667 414.666667
1442.000000 430.333333
1439.333333 445.000000
1433.666667 463.000000
1426.333333 480.000000
1417.333333 496.666667
1409.666667 509.000000
1401.333333 520.666667
1392.333333 532.666667
1382.000000 544.333333
1370.333333 556.000000
1357.000000 567.333333
1342.333333 578.333333
1326.000000 589.666667
1308.666667 600.333333
1290.000000 610.333333
1269.666667 619.000000
1248.333333 627.000000
1225.000000 634.333333
1200.333333 641.333333
1174.333333 647.666667
1147.333333 653.666667
1120.000000 659.000000
1092.000000 663.666667
1063.000000 668.000000
1034.000000 672.000000
1004.333333 676.000000
976.333333 680.000000
949.000000 684.000000
924.333333 688.333333
903.666667 692.333333
887.666667 696.000000
876.333333 698.666667
868.000000 700.666667
862.666667 702.000000
