973.000000 173.666667
1001.666667 174.000000
1030.666667 175.333333
1048.666667 176.666667
1067.333333 178.666667
1086.666667 181.000000
1106.333333 183.666667
1126.000000 186.333333
1145.000000 189.333333
1163.333333 193.333333
1182.000000 198.666667
1199.666667 205.000000
1217.000000 212.333333
1233.333333 220.000000
1249.333333 228.333333
1264.000000 237.000000
1277.000000 246.333333
1289.000000 256.333333
1301.000000 266.333333
1312.333333 276.000000
1322.666667 286.000000
1331.333333 296.666667
1339.000000 307.666667
1345.666667 318.333333
1352.000000 329.333333
1357.666667 341.333333
1363.000000 353.666667
1367.333333 365.666667
1371.000000 377.666667
1373.333333 390.000000
1374.333333 402.666667
1373.666667 415.333333
1371.666667 428.666667
1368.666667 442.666667
1365.000000 456.333333
1360.666667 469.666667
1355.666667 483.333333
1350.333333 497.333333
1344.666667 511.000000
1338.000000 524.000000
1329.666667 537.333333
1320.666667 550.666667
1311.000000 563.666667
1300.000000 576.666667
1287.333333 590.000000
1273.333333 603.666667
1258.000000 617.333333
1241.000000 631.000000
1222.666667 645.000000
1204.000000 658.000000
1184.333333 671.000000
1164.333333 683.000000
1143.333333 695.333333
1122.000000 706.333333
1099.333333 716.333333
1076.333333 725.000000
1052.666667 732.666667
1029.000000 739.666667
1004.333333 745.333333
979.666667 749.666667
955.000000 753.000000
931.333333 755.666667
908.666667 758.000000
887.333333 760.000000
868.666667 761.666667
853.666667 763.333333
842.666667 764.666667
834.000000 766.000000
827.666667 767.000000
