1113.333333 376.000000
1080.333333 377.000000
1051.666667 378.000000
1027.666667 379.000000
1008.666667 380.000000
989.000000 381.000000
963.000000 382.000000
924.000000 383.000000
858.333333 384.000000
785.333333 385.000000
718.333333 386.000000
671.000000 387.333333
630.666667 388.666667
597.000000 390.000000
570.666667 391.000000
550.333333 392.000000
530.666667 393.333333
511.333333 394.666667
492.333333 396.000000
474.000000 397.333333
456.000000 399.000000
438.666667 400.666667
422.000000 402.333333
406.000000 404.000000
390.666667 406.000000
375.666667 408.000000
361.666667 410.000000
349.000000 412.000000
336.666667 414.000000
324.666667 415.666667
313.666667 417.000000
304.666667 418.000000
296.666667 419.000000
