1548.000000 217.000000
1549.666667 226.666667
1551.000000 237.333333
1552.333333 248.666667
1553.666667 260.000000
1555.333333 271.333333
1556.666667 283.333333
1558.333333 296.000000
1560.000000 309.333333
1562.000000 322.333333
1563.666667 335.333333
1565.333333 348.000000
1566.666667 360.333333
1568.000000 372.333333
1569.000000 384.333333
1570.000000 397.000000
1571.000000 410.333333
1571.666667 423.666667
1571.666667 437.000000
1571.333333 450.000000
1571.000000 463.000000
1570.666667 476.000000
1570.000000 488.666667
1569.333333 501.000000
1568.666667 512.666667
1568.000000 523.666667
1567.000000 534.000000
1566.000000 543.333333
1564.666667 552.333333
1563.333333 560.333333
1562.000000 568.333333
1561.000000 575.666667
1559.666667 583.000000
1558.333333 590.000000
1557.000000 597.000000
1555.666667 603.666667
1554.333333 609.666667
1553.000000 615.000000
1552.000000 620.000000
1550.666667 625.000000
1549.333333 629.666667
