1183.666667 155.333333
1166.333333 155.000000
1148.333333 156.666667
1129.666667 161.000000
1111.333333 167.666667
1093.666667 176.333333
1077.333333 187.333333
1062.000000 199.666667
1048.000000 213.000000
1036.000000 226.333333
1027.000000 239.666667
1021.000000 252.333333
1017.666667 263.333333
1017.666667 272.333333
1021.333333 279.666667
1030.333333 285.333333
1044.000000 289.000000
1062.666667 290.000000
1085.000000 288.000000
1110.333333 283.000000
1137.333333 275.666667
1165.666667 266.666667
1195.000000 256.666667
1224.000000 245.666667
1251.333333 234.333333
1275.666667 223.666667
1296.333333 215.000000
1312.666667 208.333333
1324.333333 203.666667
1332.000000 200.666667
1336.333333 199.666667
1335.000000 202.666667
1327.000000 209.333333
1311.666667 219.666667
1291.333333 231.666667
1267.333333 245.333333
1239.666667 261.000000
1209.666667 278.333333
1177.000000 297.333333
1144.000000 317.333333
1111.000000 337.000000
1080.000000 356.000000
1051.000000 374.000000
1025.333333 390.666667
1004.000000 405.000000
987.666667 416.000000
976.333333 424.000000
969.333333 429.333333
965.666667 432.333333
968.333333 434.333333
978.000000 434.000000
994.666667 431.333333
1015.666667 425.000000
1040.000000 416.666667
1068.000000 406.666667
1098.666667 395.000000
1132.000000 381.666667
1168.000000 366.666667
1205.666667 350.333333
1244.333333 333.000000
1295.000000 308.666667
