678.000000 360.333333
676.666667 353.333333
674.333333 345.333333
671.000000 336.666667
666.333333 327.000000
660.333333 316.666667
653.000000 305.666667
644.666667 294.000000
636.000000 282.000000
626.666667 270.333333
616.666667 259.666667
606.333333 249.666667
596.000000 240.000000
585.666667 230.333333
575.000000 221.000000
563.666667 212.333333
552.333333 204.000000
540.666667 196.333333
529.000000 189.000000
517.333333 182.333333
506.666667 176.333333
496.666667 171.333333
487.333333 167.666667
478.000000 165.333333
469.000000 164.000000
460.333333 164.000000
452.333333 165.333333
445.000000 168.333333
438.000000 172.333333
431.333333 177.333333
425.000000 183.333333
419.000000 190.333333
413.666667 198.000000
409.000000 206.000000
405.333333 214.000000
402.666667 221.666667
401.333333 229.666667
401.000000 237.666667
402.000000 246.333333
404.333333 255.333333
408.333333 265.333333
413.000000 276.666667
418.333333 289.333333
424.666667 303.666667
432.333333 319.666667
441.333333 337.000000
451.333333 355.333333
462.000000 374.000000
473.333333 394.000000
485.333333 414.666667
497.666667 436.000000
510.666667 457.000000
524.333333 478.000000
539.000000 499.000000
553.666667 519.333333
568.666667 539.000000
584.333333 557.666667
600.666667 575.666667
617.000000 592.333333
632.666667 607.666667
647.666667 621.333333
661.333333 633.666667
674.333333 644.666667
685.666667 654.666667
695.666667 663.333333
704.000000 670.666667
711.333333 677.000000
717.666667 682.666667
722.666667 687.666667
726.333333 691.333333
729.000000 694.000000
730.666667 695.666667
732.000000 697.000000
733.000000 698.000000
