902.333333 315.333333
824.000000 314.000000
824.000000 313.000000
824.000000 311.666667
824.000000 310.000000
824.000000 308.000000
823.666667 306.000000
823.333333 304.000000
823.000000 302.000000
823.000000 300.000000
823.000000 298.000000
823.000000 296.000000
823.000000 294.000000
823.000000 291.666667
823.000000 288.666667
822.666667 285.000000
822.333333 281.000000
821.666667 276.666667
821.000000 272.000000
820.000000 267.000000
819.000000 262.000000
817.666667 257.000000
816.333333 252.000000
814.666667 247.000000
813.000000 242.000000
810.666667 236.666667
808.000000 231.333333
805.000000 226.000000
802.000000 221.000000
798.666667 216.333333
795.333333 212.000000
792.000000 208.333333
788.666667 204.666667
785.333333 201.333333
781.666667 198.000000
778.333333 195.000000
775.000000 192.000000
771.666667 189.333333
768.000000 186.666667
764.000000 184.000000
760.000000 181.333333
756.000000 178.666667
751.666667 176.333333
747.333333 174.000000
743.000000 172.000000
739.000000 170.000000
735.000000 168.000000
731.000000 166.000000
727.333333 164.000000
724.000000 162.333333
721.000000 160.666667
718.000000 159.333333
715.000000 158.000000
712.000000 157.000000
709.000000 156.000000
705.000000 155.000000
700.000000 154.000000
691.333333 153.666667
682.666667 154.000000
675.333333 155.000000
672.000000 156.000000
669.666667 157.000000
667.000000 158.000000
664.000000 159.000000
660.666667 160.333333
657.000000 161.666667
653.000000 163.333333
649.000000 165.000000
645.000000 167.000000
641.000000 169.000000
637.000000 171.000000
633.333333 173.000000
630.000000 175.000000
627.000000 177.000000
624.000000 179.333333
620.666667 181.666667
617.000000 184.666667
612.666667 188.000000
608.000000 192.000000
603.000000 196.000000
598.000000 200.333333
593.333333 205.000000
589.000000 209.666667
584.666667 214.333333
580.333333 219.000000
576.333333 223.666667
572.666667 228.333333
569.000000 233.000000
565.333333 237.666667
561.666667 242.000000
558.000000 246.333333
554.333333 251.000000
550.666667 255.666667
547.333333 260.333333
544.000000 264.666667
541.333333 269.000000
538.666667 273.000000
536.666667 276.666667
534.666667 280.333333
533.333333 283.666667
532.000000 287.000000
531.000000 290.333333
530.000000 293.666667
529.333333 297.000000
528.666667 300.333333
528.333333 304.000000
528.000000 308.333333
528.000000 313.000000
528.333333 318.333333
528.666667 324.000000
529.333333 330.333333
530.000000 337.000000
531.000000 344.000000
532.000000 351.000000
533.333333 358.000000
534.666667 364.666667
536.333333 371.000000
538.000000 377.000000
540.000000 382.666667
542.000000 388.333333
544.000000 393.333333
546.000000 398.333333
548.000000 403.000000
550.333333 408.000000
553.000000 413.000000
555.666667 418.000000
558.333333 423.333333
561.000000 429.333333
564.000000 436.000000
566.666667 443.333333
569.333333 450.666667
572.000000 458.333333
575.000000 465.666667
577.666667 473.000000
580.666667 480.333333
583.666667 487.333333
587.000000 494.000000
590.000000 500.000000
593.333333 506.000000
597.000000 511.666667
601.000000 517.333333
605.000000 523.000000
609.333333 529.000000
614.000000 535.666667
618.666667 543.000000
623.666667 551.000000
628.666667 559.000000
634.333333 567.333333
640.000000 576.333333
646.333333 585.666667
652.333333 595.000000
658.333333 604.333333
663.666667 613.666667
669.666667 623.000000
675.666667 632.333333
682.000000 641.333333
688.333333 650.333333
694.666667 658.333333
701.000000 666.000000
707.000000 673.333333
713.000000 681.000000
719.333333 689.000000
726.000000 697.000000
733.000000 705.333333
740.333333 714.000000
747.333333 722.666667
754.333333 731.333333
760.666667 740.000000
767.333333 748.333333
773.666667 756.000000
780.000000 763.000000
786.333333 770.333333
792.666667 777.666667
799.000000 785.000000
805.000000 791.666667
810.666667 798.000000
816.666667 804.000000
822.333333 810.000000
828.666667 816.000000
834.666667 822.000000
840.666667 827.666667
846.000000 833.000000
850.333333 837.666667
854.000000 841.666667
856.333333 845.000000
858.333333 847.666667
859.666667 849.666667
860.666667 851.333333
861.333333 852.666667
860.666667 852.000000
