732.333333 368.000000
732.000000 367.000000
731.666667 366.000000
731.333333 365.000000
731.000000 363.666667
731.000000 362.333333
731.000000 360.666667
731.000000 359.333333
731.000000 358.000000
731.000000 357.000000
731.000000 356.000000
731.000000 354.666667
731.000000 353.333333
731.000000 352.000000
731.000000 351.000000
730.666667 349.666667
730.333333 348.333333
730.000000 346.666667
730.000000 345.333333
730.000000 344.000000
730.000000 342.666667
729.666667 341.333333
729.333333 339.666667
729.000000 338.000000
729.000000 336.000000
728.666667 334.000000
728.333333 332.333333
727.666667 330.333333
727.333333 328.333333
726.666667 326.000000
726.333333 324.000000
725.666667 322.000000
725.333333 319.666667
724.666667 317.666667
724.333333 315.666667
723.666667 314.000000
723.000000 312.000000
722.000000 310.333333
721.333333 308.666667
720.666667 307.000000
720.000000 305.333333
719.000000 303.666667
718.000000 302.000000
717.000000 300.333333
716.000000 298.666667
715.000000 297.000000
714.000000 295.333333
712.666667 293.666667
711.333333 292.000000
710.000000 290.000000
708.666667 288.000000
707.333333 286.000000
706.000000 284.333333
705.000000 282.666667
704.000000 281.000000
702.666667 279.333333
701.333333 277.666667
700.000000 276.000000
699.000000 274.333333
698.000000 272.666667
697.000000 271.333333
696.000000 270.000000
695.000000 268.666667
694.000000 267.333333
693.000000 265.666667
692.000000 264.333333
691.000000 262.666667
690.000000 261.333333
689.000000 259.666667
688.000000 258.333333
687.000000 257.000000
686.000000 256.000000
685.000000 255.000000
684.000000 254.000000
683.000000 252.666667
681.666667 251.333333
680.333333 249.666667
679.000000 248.333333
678.000000 246.666667
676.666667 245.333333
675.333333 243.666667
673.666667 242.333333
672.333333 240.666667
670.666667 239.000000
669.333333 237.333333
668.000000 235.666667
667.000000 234.333333
666.000000 233.000000
664.666667 231.666667
663.333333 230.333333
662.000000 228.666667
660.666667 227.000000
659.000000 225.333333
657.000000 223.666667
655.000000 222.000000
652.666667 220.333333
650.333333 218.666667
647.666667 217.000000
645.333333 215.333333
643.000000 214.000000
641.000000 212.666667
639.000000 211.333333
637.000000 209.666667
635.000000 208.333333
632.666667 206.666667
630.666667 205.333333
628.333333 203.666667
626.333333 202.333333
624.000000 201.000000
622.000000 200.000000
620.000000 199.000000
618.000000 198.000000
616.000000 197.000000
614.333333 196.000000
612.333333 195.000000
610.333333 194.000000
607.666667 193.000000
604.000000 192.000000
599.333333 191.000000
593.666667 190.000000
588.666667 189.000000
584.666667 188.000000
582.000000 187.000000
579.666667 186.000000
577.000000 185.000000
574.000000 183.666667
571.000000 182.333333
568.000000 181.000000
565.000000 179.666667
562.333333 178.333333
559.666667 177.000000
557.000000 176.000000
554.000000 175.000000
551.333333 174.000000
548.666667 173.000000
545.333333 172.000000
540.333333 171.000000
529.000000 170.666667
515.333333 171.000000
502.333333 172.000000
495.666667 173.000000
492.333333 174.333333
489.666667 175.666667
487.000000 177.666667
484.333333 179.666667
481.666667 182.333333
479.333333 185.000000
476.666667 188.000000
474.666667 191.000000
472.666667 193.666667
471.333333 196.000000
470.000000 197.666667
469.000000 199.333333
468.000000 200.666667
467.000000 202.333333
465.666667 203.666667
464.000000 205.666667
462.000000 208.000000
460.000000 211.000000
457.666667 214.000000
455.333333 217.333333
452.666667 221.000000
450.333333 224.666667
448.000000 228.000000
446.000000 231.000000
444.333333 233.666667
443.000000 236.000000
442.000000 237.666667
441.333333 239.000000
440.666667 240.333333
440.000000 242.000000
439.000000 244.000000
438.333333 246.000000
437.666667 248.666667
437.000000 251.666667
436.000000 255.333333
435.333333 258.333333
434.666667 261.666667
434.000000 264.666667
433.333333 267.666667
433.000000 270.000000
432.666667 271.666667
432.333333 273.333333
432.000000 275.000000
432.000000 276.666667
432.000000 278.666667
432.000000 280.666667
432.000000 283.333333
432.000000 286.000000
432.000000 289.000000
432.000000 292.000000
432.000000 295.000000
432.333333 297.666667
432.666667 300.000000
433.000000 302.000000
433.000000 304.000000
433.333333 306.000000
433.666667 307.666667
434.333333 309.333333
434.666667 311.000000
435.333333 313.000000
435.666667 315.000000
436.333333 317.000000
436.666667 319.000000
437.333333 321.333333
437.666667 323.666667
438.000000 326.333333
438.333333 329.000000
438.666667 332.000000
439.000000 335.000000
439.333333 337.666667
439.666667 340.000000
440.000000 342.333333
440.333333 344.333333
440.666667 346.333333
441.333333 348.000000
441.666667 350.000000
442.333333 352.000000
443.000000 354.333333
443.666667 357.000000
444.333333 360.333333
445.000000 363.666667
445.666667 367.333333
446.000000 370.666667
446.333333 374.000000
446.666667 376.333333
447.000000 378.333333
447.000000 379.666667
447.333333 381.333333
447.666667 382.666667
448.000000 384.000000
448.333333 385.333333
449.000000 387.000000
450.000000 389.333333
451.000000 392.000000
452.000000 395.000000
453.000000 398.000000
454.000000 401.000000
454.666667 403.666667
455.333333 406.333333
456.333333 408.666667
457.333333 411.000000
458.333333 412.666667
459.000000 414.333333
460.000000 416.000000
461.333333 418.000000
462.666667 420.000000
464.333333 422.333333
465.666667 424.666667
467.333333 427.333333
469.000000 430.333333
470.666667 433.666667
472.333333 437.000000
473.666667 440.000000
475.000000 443.000000
476.000000 446.000000
477.000000 448.666667
478.000000 451.000000
479.000000 453.333333
480.333333 456.000000
482.000000 459.000000
484.000000 462.333333
486.333333 466.000000
488.666667 470.000000
491.333333 474.000000
494.000000 478.333333
497.000000 482.666667
499.666667 487.333333
502.333333 492.000000
504.666667 496.666667
507.000000 501.333333
509.333333 505.666667
511.666667 510.000000
514.000000 513.666667
516.000000 517.333333
518.000000 521.000000
520.000000 524.666667
522.000000 528.000000
524.000000 531.333333
525.666667 534.666667
527.333333 538.000000
528.666667 541.333333
530.333333 544.666667
532.000000 548.333333
534.000000 551.666667
536.000000 555.333333
538.000000 558.666667
540.333333 562.333333
543.000000 566.000000
546.000000 569.333333
549.000000 572.666667
552.333333 575.333333
555.666667 578.333333
559.000000 581.000000
562.000000 583.666667
565.000000 586.333333
568.000000 588.666667
570.666667 591.000000
573.333333 593.000000
575.666667 595.000000
578.333333 597.333333
581.000000 599.666667
583.666667 602.000000
586.333333 604.333333
589.000000 606.666667
592.000000 609.000000
594.666667 611.333333
597.333333 613.666667
600.333333 616.333333
603.666667 618.666667
607.333333 621.333333
610.666667 624.000000
614.000000 626.666667
617.000000 629.000000
620.000000 631.000000
622.666667 633.000000
625.333333 635.000000
628.000000 637.000000
631.000000 639.000000
633.666667 641.000000
636.333333 643.000000
639.333333 645.000000
642.666667 647.333333
646.333333 649.666667
649.666667 652.000000
653.333333 654.333333
656.333333 657.000000
659.333333 659.666667
662.000000 662.000000
664.666667 664.000000
667.000000 665.666667
668.666667 667.333333
670.333333 668.666667
671.666667 670.000000
673.333333 671.000000
675.000000 672.333333
677.000000 673.666667
679.000000 675.000000
681.333333 676.333333
684.000000 677.666667
687.000000 679.333333
690.333333 681.000000
693.666667 683.000000
697.333333 685.000000
700.666667 687.000000
704.333333 689.000000
707.333333 691.333333
710.666667 694.000000
713.666667 696.666667
717.000000 699.666667
720.333333 702.666667
723.666667 706.000000
727.000000 709.333333
730.333333 712.666667
734.000000 716.000000
737.666667 719.000000
741.333333 722.333333
745.000000 725.666667
748.666667 729.333333
752.333333 733.333333
756.000000 738.000000
759.666667 743.000000
763.000000 747.666667
765.666667 752.000000
768.000000 756.000000
770.000000 759.666667
772.000000 762.666667
774.000000 765.000000
775.666667 767.000000
777.000000 769.000000
778.333333 770.666667
779.666667 772.333333
781.000000 773.666667
782.333333 775.333333
784.000000 777.333333
786.000000 779.666667
788.000000 782.333333
789.666667 785.000000
791.333333 788.000000
793.000000 791.000000
795.000000 793.666667
797.000000 796.333333
798.666667 798.666667
800.333333 801.333333
801.666667 803.333333
803.000000 805.333333
804.000000 806.666667
805.000000 808.000000
805.666667 809.333333
806.333333 811.000000
806.666667 812.666667
807.000000 814.333333
807.333333 816.000000
807.666667 817.666667
808.000000 819.333333
808.000000 821.000000
808.000000 822.666667
808.000000 824.000000
808.000000 825.000000
