725.333333 436.000000
724.666667 435.000000
724.333333 433.333333
724.000000 431.333333
724.000000 428.666667
724.000000 426.000000
724.000000 422.666667
724.333333 419.000000
724.666667 415.333333
725.000000 411.666667
725.333333 408.333333
725.666667 404.666667
726.000000 401.333333
726.333333 398.000000
727.000000 394.666667
728.000000 390.666667
729.333333 386.000000
731.333333 380.666667
734.000000 375.000000
737.000000 369.000000
740.000000 363.000000
743.333333 357.333333
746.666667 351.666667
750.333333 346.000000
753.666667 339.666667
757.000000 333.333333
760.000000 326.666667
762.666667 321.000000
765.333333 315.333333
768.000000 310.333333
771.000000 305.000000
774.666667 300.333333
779.000000 295.333333
784.333333 290.333333
790.000000 284.666667
795.666667 279.666667
801.000000 274.333333
805.333333 269.666667
809.333333 264.666667
813.333333 260.333333
818.333333 255.666667
824.000000 251.000000
830.666667 246.000000
837.333333 241.333333
844.000000 237.000000
849.666667 232.666667
855.333333 228.000000
861.000000 223.333333
867.333333 219.000000
873.666667 215.333333
880.666667 212.000000
887.333333 209.000000
894.000000 206.000000
900.000000 203.333333
905.666667 201.000000
911.666667 198.666667
918.000000 196.333333
925.333333 193.666667
932.666667 191.000000
940.000000 188.333333
946.666667 186.000000
953.000000 183.666667
959.666667 181.333333
967.333333 179.333333
975.666667 178.000000
990.000000 177.666667
1004.000000 178.000000
1017.333333 179.000000
1024.666667 180.000000
1031.333333 181.000000
1038.000000 182.000000
1043.666667 183.000000
1049.000000 184.000000
1054.666667 185.333333
1060.666667 186.666667
1067.000000 188.000000
1073.666667 189.000000
1080.333333 190.000000
1087.000000 191.000000
1092.666667 192.000000
1098.000000 193.000000
1103.666667 194.000000
1109.666667 195.333333
1116.000000 196.666667
1122.000000 198.333333
1128.000000 200.000000
1133.666667 201.666667
1138.666667 203.333333
1143.000000 204.666667
1147.000000 206.333333
1150.666667 208.000000
1154.666667 210.333333
1158.666667 213.000000
1163.333333 216.333333
1168.000000 219.666667
1173.000000 223.333333
1177.666667 227.000000
1182.000000 230.666667
1185.666667 234.000000
1189.000000 237.333333
1192.000000 241.000000
1194.666667 245.333333
1197.000000 250.000000
1199.000000 255.333333
1201.000000 260.666667
1202.666667 266.333333
1204.000000 272.000000
1205.000000 277.666667
1206.000000 283.333333
1207.000000 289.000000
1208.000000 295.333333
1209.000000 302.000000
1210.000000 308.666667
1210.666667 315.333333
1211.000000 321.666667
1211.000000 328.000000
1211.000000 334.000000
1211.000000 340.333333
1210.666667 347.000000
1210.333333 353.666667
1209.666667 360.333333
1209.000000 366.666667
1208.000000 373.000000
1207.000000 378.666667
1205.666667 384.666667
1204.333333 390.666667
1202.666667 397.333333
1201.000000 403.666667
1199.000000 410.333333
1197.000000 416.666667
1195.000000 423.000000
1192.666667 429.000000
1189.333333 435.333333
1185.333333 442.000000
1180.333333 449.000000
1175.333333 456.000000
1170.000000 462.666667
1165.000000 469.333333
1159.666667 476.333333
1154.333333 484.000000
1148.000000 492.000000
1141.000000 500.333333
1133.000000 508.333333
1125.333333 516.333333
1118.000000 524.000000
1111.000000 532.000000
1103.666667 540.333333
1095.666667 549.000000
1087.000000 558.000000
1078.333333 566.333333
1070.333333 574.333333
1062.333333 582.333333
1053.666667 591.333333
1044.333333 600.000000
1035.333333 608.333333
1027.000000 615.333333
1019.333333 622.333333
1011.333333 629.000000
1002.666667 636.000000
993.333333 643.000000
984.666667 649.666667
977.000000 656.333333
970.000000 662.666667
963.000000 669.000000
955.333333 675.000000
947.000000 681.000000
938.666667 687.000000
931.333333 692.666667
925.000000 698.000000
919.000000 703.333333
913.000000 708.666667
906.666667 714.333333
899.666667 719.333333
892.666667 724.000000
886.000000 728.000000
880.333333 732.000000
875.000000 736.000000
870.000000 740.333333
865.333333 744.666667
861.000000 749.333333
856.666667 753.666667
852.333333 758.000000
848.333333 761.666667
845.333333 764.666667
843.000000 767.000000
841.000000 768.666667
839.666667 770.000000
838.666667 771.000000
838.000000 771.333333
837.666667 771.000000
837.666667 769.666667
838.333333 767.666667
