499.000000 400.333333
499.000000 398.666667
499.000000 397.000000
499.000000 395.000000
499.000000 392.666667
499.000000 390.000000
499.000000 387.000000
499.000000 384.000000
499.000000 380.666667
499.000000 377.333333
499.000000 373.666667
499.000000 370.000000
499.000000 366.000000
499.333333 362.333333
499.666667 358.666667
500.000000 355.333333
500.333333 352.000000
501.000000 348.666667
502.000000 345.333333
503.000000 341.666667
504.000000 338.000000
505.000000 334.000000
505.666667 330.000000
506.000000 326.333333
506.000000 322.666667
505.666667 319.333333
505.000000 316.000000
504.000000 313.000000
503.000000 310.000000
502.000000 307.000000
501.000000 304.333333
500.333333 302.000000
499.333333 300.000000
498.333333 298.000000
497.333333 296.000000
496.333333 293.666667
495.333333 291.333333
494.000000 288.666667
492.666667 286.333333
491.333333 283.666667
489.666667 280.666667
488.000000 277.000000
486.333333 273.000000
484.666667 269.000000
483.000000 265.000000
481.000000 261.000000
479.000000 257.000000
477.000000 253.333333
475.000000 249.666667
472.666667 246.333333
470.000000 243.000000
466.666667 239.666667
463.000000 236.333333
459.000000 233.000000
454.666667 230.000000
450.666667 227.333333
446.666667 224.666667
443.333333 222.000000
439.666667 219.000000
436.333333 216.333333
433.000000 213.666667
430.000000 211.333333
426.666667 209.000000
422.666667 206.666667
418.000000 204.000000
412.666667 201.666667
407.666667 199.666667
402.666667 198.333333
398.666667 197.000000
394.666667 196.000000
391.000000 195.000000
386.000000 194.000000
376.000000 193.666667
365.666667 194.000000
356.000000 195.000000
350.000000 196.000000
344.333333 197.000000
339.000000 198.333333
335.000000 199.666667
331.000000 201.000000
326.666667 202.333333
322.000000 204.000000
317.000000 206.000000
312.000000 208.000000
307.333333 209.666667
303.000000 211.333333
299.333333 212.666667
296.000000 214.333333
293.000000 215.666667
290.666667 217.000000
288.333333 218.000000
286.666667 219.000000
284.333333 220.333333
282.333333 222.000000
280.000000 224.000000
277.666667 226.000000
274.666667 228.000000
271.000000 230.333333
267.333333 232.666667
264.000000 235.000000
261.333333 237.333333
258.666667 239.666667
256.333333 242.333333
253.666667 245.333333
251.000000 248.666667
248.333333 252.666667
246.000000 256.666667
244.000000 261.666667
242.000000 266.666667
240.333333 272.000000
239.000000 276.666667
238.000000 281.333333
237.000000 286.000000
236.000000 290.666667
235.333333 295.333333
234.666667 299.333333
234.333333 303.333333
234.000000 307.000000
234.000000 311.333333
234.000000 316.000000
234.000000 321.000000
234.333333 326.000000
234.666667 331.333333
235.333333 337.000000
235.666667 342.666667
236.333333 348.333333
237.000000 353.666667
237.666667 359.000000
238.333333 364.000000
238.666667 368.666667
239.333333 373.000000
239.666667 376.666667
240.333333 379.666667
240.666667 382.333333
241.333333 384.666667
242.000000 388.000000
243.333333 392.000000
245.000000 397.666667
247.000000 404.000000
249.000000 411.333333
251.333333 419.000000
254.000000 427.000000
257.000000 434.666667
260.000000 442.333333
263.000000 449.666667
266.000000 456.666667
268.666667 462.666667
271.000000 467.666667
273.000000 472.000000
275.333333 476.000000
278.000000 480.666667
281.000000 486.000000
284.000000 492.333333
287.000000 499.333333
290.333333 507.000000
294.333333 515.333333
299.333333 524.000000
304.666667 533.000000
310.333333 542.000000
315.666667 550.666667
320.666667 559.000000
325.000000 566.333333
329.333333 573.000000
333.666667 579.000000
338.666667 585.333333
343.666667 591.333333
349.666667 597.333333
355.666667 602.666667
362.000000 608.333333
368.000000 613.333333
373.666667 618.333333
379.666667 623.333333
386.666667 629.333333
395.000000 635.666667
403.333333 642.000000
410.666667 648.000000
417.000000 654.000000
422.666667 659.666667
428.000000 664.666667
432.666667 669.000000
436.333333 672.666667
439.666667 676.000000
443.000000 679.000000
446.666667 681.666667
450.666667 684.666667
454.666667 687.666667
459.000000 691.333333
463.000000 695.000000
467.000000 699.000000
471.333333 703.000000
475.666667 707.333333
480.000000 712.000000
484.333333 716.666667
489.000000 721.333333
494.333333 725.666667
500.000000 730.000000
505.666667 734.000000
511.000000 738.000000
515.666667 742.000000
520.333333 746.666667
525.000000 751.666667
530.333333 757.000000
536.000000 762.000000
542.000000 767.000000
548.000000 771.666667
553.000000 776.000000
557.000000 779.333333
560.000000 782.333333
562.666667 784.666667
565.000000 787.000000
566.666667 789.000000
568.000000 790.666667
569.000000 792.333333
569.666667 793.666667
570.333333 795.333333
570.666667 796.666667
571.000000 798.333333
571.000000 799.666667
571.000000 801.000000
571.000000 802.000000
571.000000 803.000000
571.000000 804.000000
