732.666667 382.666667
731.333333 380.000000
730.666667 377.000000
730.333333 374.000000
730.000000 370.666667
729.666667 367.000000
729.333333 363.000000
729.000000 359.000000
729.333333 355.333333
729.666667 351.666667
730.333333 348.000000
731.000000 344.000000
732.000000 340.000000
733.333333 335.666667
735.000000 331.000000
737.333333 325.666667
740.000000 320.000000
743.000000 314.000000
746.000000 308.333333
749.333333 303.000000
753.000000 297.333333
757.000000 291.333333
760.666667 284.333333
764.333333 277.333333
768.000000 270.333333
772.000000 264.000000
776.333333 258.000000
781.000000 252.333333
786.000000 246.666667
791.333333 241.333333
796.666667 235.666667
802.000000 230.000000
807.000000 224.000000
811.666667 218.333333
816.666667 213.000000
822.000000 208.000000
828.000000 203.333333
834.000000 199.000000
840.000000 195.000000
845.666667 191.000000
851.000000 187.000000
856.000000 183.000000
861.000000 179.000000
866.000000 175.000000
871.333333 171.000000
877.000000 167.000000
882.666667 163.333333
888.333333 160.333333
893.666667 157.666667
898.666667 155.333333
903.333333 153.000000
910.333333 150.666667
918.000000 148.666667
926.333333 147.000000
933.000000 146.000000
939.666667 145.000000
946.000000 144.000000
963.666667 143.666667
983.333333 144.000000
1003.333333 145.333333
1012.000000 146.666667
1018.666667 148.333333
1025.666667 149.666667
1032.333333 151.333333
1038.666667 153.000000
1044.000000 155.333333
1049.333333 158.000000
1054.666667 161.333333
1060.333333 165.000000
1066.000000 168.666667
1072.000000 172.666667
1077.666667 176.333333
1083.000000 180.333333
1087.666667 183.666667
1092.000000 187.000000
1095.666667 190.000000
1099.000000 193.000000
1102.333333 196.333333
1105.666667 200.000000
1109.000000 204.000000
1112.000000 208.333333
1115.333333 213.000000
1118.333333 217.666667
1121.333333 222.000000
1124.000000 226.333333
1127.000000 231.000000
1129.666667 235.666667
1132.333333 240.333333
1134.666667 245.000000
1137.000000 250.000000
1138.666667 255.333333
1140.333333 261.000000
1141.333333 266.666667
1142.333333 272.000000
1143.000000 277.000000
1144.000000 282.000000
1144.666667 288.666667
1145.000000 295.333333
1145.000000 302.333333
1144.666667 308.000000
1144.333333 314.000000
1143.666667 319.666667
1143.333333 325.333333
1142.666667 330.666667
1142.000000 336.000000
1141.000000 341.333333
1140.000000 347.000000
1138.666667 353.000000
1137.333333 359.333333
1135.666667 365.666667
1134.000000 371.666667
1132.000000 377.000000
1129.666667 382.333333
1127.000000 388.000000
1124.000000 394.333333
1120.666667 401.000000
1117.333333 408.000000
1114.000000 414.666667
1111.000000 421.333333
1106.333333 430.333333
1101.333333 439.666667
1095.666667 449.333333
1091.000000 456.666667
1086.000000 464.000000
1080.333333 471.000000
1074.333333 478.333333
1067.666667 486.333333
1061.333333 495.000000
1055.000000 504.000000
1048.666667 512.333333
1042.333333 520.333333
1035.666667 528.000000
1029.333333 536.000000
1023.000000 544.000000
1017.333333 552.000000
1012.000000 559.666667
1007.333333 567.333333
1002.333333 575.000000
997.000000 583.333333
991.000000 591.666667
985.000000 600.000000
979.000000 608.000000
973.333333 615.666667
967.666667 623.000000
962.333333 629.666667
957.000000 636.333333
951.666667 643.000000
946.000000 650.000000
939.666667 656.666667
933.333333 663.333333
927.000000 669.666667
921.000000 676.666667
914.666667 683.666667
908.000000 691.333333
901.000000 699.000000
894.000000 706.666667
887.000000 713.666667
880.333333 720.000000
873.666667 726.666667
867.000000 734.000000
859.333333 742.000000
851.333333 749.666667
843.333333 756.666667
836.000000 763.000000
829.000000 769.000000
822.000000 775.000000
815.333333 780.666667
809.000000 786.000000
803.000000 790.666667
797.000000 795.000000
791.666667 799.000000
787.000000 802.333333
783.333333 805.000000
780.333333 807.000000
778.333333 808.666667
776.666667 810.000000
775.000000 810.000000
