799.000000 430.000000
688.000000 427.666667
577.000000 425.333333
577.333333 422.666667
577.666667 419.666667
578.000000 416.333333
578.000000 413.000000
578.000000 410.000000
578.000000 407.000000
578.000000 403.666667
578.000000 400.666667
578.000000 397.666667
578.000000 395.000000
578.000000 392.000000
578.000000 389.000000
578.000000 386.000000
578.333333 383.000000
578.666667 379.666667
578.666667 376.000000
578.333333 372.000000
578.000000 367.666667
578.000000 363.333333
577.666667 359.000000
577.333333 355.000000
576.666667 351.333333
576.333333 347.333333
575.666667 343.000000
575.000000 338.333333
574.000000 333.666667
572.666667 329.333333
571.333333 324.666667
569.666667 320.000000
568.000000 315.333333
566.000000 310.666667
563.666667 306.333333
560.666667 301.666667
556.666667 296.666667
552.333333 291.333333
547.666667 286.000000
543.000000 280.666667
538.333333 275.333333
534.000000 270.000000
530.333333 265.333333
527.000000 261.000000
523.666667 257.333333
520.000000 254.000000
515.666667 251.000000
511.000000 248.333333
506.333333 246.000000
502.000000 244.333333
498.333333 242.666667
494.666667 241.333333
491.333333 239.666667
488.333333 238.333333
485.666667 236.666667
483.333333 235.000000
480.666667 233.000000
478.000000 231.000000
475.000000 228.666667
471.000000 226.333333
466.000000 224.000000
460.333333 221.666667
455.000000 219.666667
450.000000 217.666667
445.000000 216.333333
440.666667 215.000000
435.000000 214.000000
430.000000 213.666667
420.666667 214.000000
411.333333 215.000000
401.333333 216.000000
395.666667 217.333333
391.666667 218.666667
388.333333 220.333333
385.000000 221.666667
381.666667 223.333333
378.000000 225.333333
373.666667 228.000000
369.000000 230.666667
364.333333 233.000000
359.666667 235.000000
355.000000 237.000000
350.666667 238.666667
346.666667 240.000000
343.666667 241.333333
340.666667 242.666667
338.333333 244.333333
336.000000 245.666667
334.000000 247.000000
332.333333 248.333333
330.333333 250.333333
328.666667 252.666667
326.666667 255.000000
325.333333 257.000000
324.000000 259.000000
322.666667 261.333333
321.333333 264.000000
319.666667 266.666667
318.333333 269.666667
316.666667 272.666667
315.333333 276.333333
314.000000 280.000000
313.000000 284.666667
312.333333 289.666667
312.000000 295.333333
312.000000 301.333333
312.333333 307.666667
313.000000 314.333333
314.000000 320.333333
315.000000 326.000000
316.000000 331.000000
316.666667 335.666667
317.333333 340.000000
318.333333 344.000000
319.666667 348.333333
321.000000 352.666667
322.000000 357.333333
323.333333 362.333333
325.000000 367.666667
327.000000 373.333333
329.000000 379.000000
331.000000 385.333333
333.000000 392.000000
335.333333 399.333333
338.000000 406.666667
340.666667 414.000000
343.000000 420.666667
345.333333 427.333333
348.666667 433.666667
352.666667 440.000000
357.333333 446.333333
362.000000 453.000000
367.000000 460.000000
372.000000 467.000000
376.666667 474.000000
381.000000 481.333333
385.000000 488.666667
389.000000 496.333333
393.333333 503.666667
398.000000 511.000000
403.000000 517.666667
407.666667 524.000000
412.000000 529.666667
416.000000 535.333333
420.000000 541.333333
424.000000 547.666667
428.000000 554.333333
434.000000 562.666667
441.000000 571.000000
448.666667 579.000000
455.000000 585.000000
461.000000 591.000000
466.666667 597.000000
472.000000 603.333333
477.000000 609.333333
483.000000 615.666667
490.000000 622.000000
498.000000 628.666667
506.000000 635.666667
514.333333 643.000000
523.666667 651.000000
534.000000 658.666667
544.333333 666.000000
554.000000 673.000000
564.000000 680.333333
575.000000 688.000000
586.333333 696.000000
596.666667 703.666667
606.000000 711.000000
615.000000 718.000000
624.666667 725.000000
634.333333 731.666667
643.666667 738.000000
651.333333 744.000000
658.000000 749.666667
663.666667 755.333333
669.000000 760.333333
673.333333 765.000000
676.666667 768.333333
679.000000 771.333333
681.000000 773.666667
682.666667 775.666667
684.000000 777.000000
685.000000 778.000000
685.666667 779.000000
