701.333333 387.000000
703.000000 386.000000
705.000000 384.333333
706.666667 382.000000
707.666667 379.333333
708.333333 376.666667
708.666667 374.000000
709.000000 371.000000
709.333333 368.000000
709.666667 365.000000
710.000000 362.000000
710.000000 359.000000
710.333333 356.000000
710.666667 353.333333
711.000000 351.000000
711.333333 349.000000
711.666667 347.000000
712.000000 345.000000
712.333333 343.333333
712.666667 341.666667
713.000000 340.000000
713.333333 338.000000
713.666667 335.666667
714.333333 333.333333
714.666667 330.333333
715.000000 327.000000
715.000000 322.333333
714.666667 317.666667
714.333333 312.666667
714.000000 308.333333
713.666667 304.000000
713.000000 299.666667
712.000000 295.000000
710.666667 290.000000
709.000000 284.666667
707.333333 279.333333
705.666667 273.666667
704.000000 268.333333
702.000000 263.000000
700.000000 257.666667
697.666667 252.333333
695.000000 246.666667
692.000000 241.000000
689.000000 234.666667
686.000000 228.333333
683.000000 222.000000
680.000000 216.000000
677.333333 210.333333
674.666667 205.000000
672.333333 200.000000
669.666667 195.000000
667.000000 190.333333
663.666667 185.666667
660.000000 181.333333
655.666667 176.666667
651.000000 172.333333
646.000000 168.000000
641.333333 164.333333
636.666667 161.000000
632.333333 157.666667
627.666667 154.333333
623.000000 151.000000
617.333333 148.000000
611.333333 145.000000
604.666667 141.666667
598.333333 138.333333
591.666667 135.000000
583.000000 130.333333
573.666667 125.666667
564.000000 121.000000
556.333333 118.000000
549.000000 115.333333
542.333333 113.333333
535.666667 111.666667
529.000000 110.333333
522.000000 109.000000
515.000000 108.000000
506.000000 107.000000
495.666667 106.666667
484.000000 107.000000
475.000000 108.000000
467.666667 109.000000
462.000000 110.333333
456.333333 112.000000
451.000000 114.333333
446.000000 117.000000
441.333333 120.000000
436.666667 123.000000
432.333333 126.333333
428.000000 129.666667
424.000000 133.000000
420.000000 136.000000
416.000000 139.000000
412.000000 142.000000
408.333333 145.000000
404.666667 147.666667
401.333333 150.333333
398.000000 152.666667
395.000000 155.333333
392.000000 158.000000
389.000000 161.000000
385.666667 164.333333
382.000000 168.000000
378.333333 172.000000
375.000000 176.000000
372.000000 180.000000
369.000000 183.666667
366.000000 187.333333
363.333333 191.000000
361.333333 195.000000
359.666667 198.666667
358.333333 202.333333
357.000000 206.000000
356.000000 210.333333
355.333333 215.000000
355.000000 220.000000
355.000000 225.333333
355.000000 231.000000
355.333333 237.333333
355.666667 244.000000
356.000000 251.333333
356.000000 258.666667
356.000000 265.666667
356.333333 272.333333
356.666667 278.000000
357.000000 283.333333
357.000000 288.000000
357.333333 292.333333
357.666667 296.333333
358.333333 300.333333
359.000000 305.000000
360.333333 310.000000
361.666667 315.000000
363.333333 320.333333
364.666667 326.000000
366.333333 331.666667
367.666667 337.666667
369.333333 343.666667
371.000000 349.666667
372.666667 355.333333
374.333333 360.666667
376.000000 366.000000
378.333333 371.000000
380.666667 376.000000
383.333333 381.000000
386.000000 386.000000
389.333333 391.000000
393.000000 396.333333
397.333333 402.333333
402.000000 408.666667
406.666667 415.333333
411.333333 422.333333
415.666667 429.333333
420.000000 436.333333
423.666667 442.666667
427.000000 449.000000
429.666667 455.000000
432.333333 460.666667
434.666667 466.000000
437.000000 470.666667
439.333333 475.333333
442.333333 479.666667
445.666667 484.666667
449.333333 490.000000
453.000000 496.000000
457.000000 502.333333
461.333333 508.666667
465.666667 515.000000
470.333333 521.333333
474.666667 527.333333
479.333333 533.333333
484.000000 539.333333
489.333333 545.666667
495.000000 552.333333
501.000000 559.000000
507.333333 566.000000
513.666667 572.666667
520.000000 579.333333
526.333333 586.000000
532.666667 593.000000
539.333333 599.666667
545.666667 606.000000
551.666667 612.000000
557.333333 617.666667
562.666667 623.000000
567.666667 628.000000
572.333333 633.000000
577.000000 638.333333
582.000000 644.000000
587.000000 650.000000
591.666667 655.666667
596.333333 661.000000
601.000000 666.333333
605.666667 671.333333
610.000000 676.333333
613.666667 680.666667
617.333333 685.333333
620.666667 690.000000
624.333333 695.333333
627.666667 700.666667
631.000000 706.000000
634.333333 711.000000
637.666667 716.000000
641.333333 720.666667
644.666667 725.000000
648.000000 729.000000
651.000000 732.666667
654.333333 736.333333
657.666667 739.666667
661.000000 743.666667
664.000000 747.666667
667.000000 752.000000
670.000000 756.000000
673.000000 760.000000
676.000000 763.666667
678.666667 767.000000
681.333333 770.000000
684.333333 773.000000
687.666667 776.000000
690.666667 778.666667
693.333333 781.333333
696.000000 784.000000
699.000000 787.000000
702.000000 790.000000
704.666667 793.000000
707.333333 796.000000
710.000000 799.333333
712.333333 802.666667
714.333333 805.666667
716.000000 808.333333
717.666667 810.333333
719.000000 812.333333
720.000000 813.666667
721.000000 815.000000
722.333333 816.000000
724.000000 817.000000
725.666667 818.000000
727.333333 819.000000
730.666667 819.333333
