683.000000 415.666667
682.666667 411.000000
682.333333 405.666667
681.666667 400.000000
681.000000 394.000000
680.333333 387.666667
679.666667 381.000000
679.000000 373.666667
678.000000 366.666667
677.000000 359.333333
676.333333 352.666667
675.666667 346.000000
675.000000 339.666667
673.666667 333.333333
672.000000 327.000000
670.000000 321.000000
668.000000 315.000000
665.666667 309.333333
662.666667 304.333333
659.333333 300.000000
655.666667 295.666667
652.000000 291.333333
647.666667 287.000000
643.333333 283.000000
639.000000 278.666667
634.666667 274.333333
630.333333 269.666667
625.333333 265.000000
620.333333 260.333333
614.666667 256.000000
609.000000 252.000000
603.333333 248.333333
598.000000 245.000000
593.000000 242.333333
588.333333 240.000000
583.666667 238.000000
577.333333 235.333333
570.666667 232.666667
564.333333 230.333333
559.333333 228.666667
554.666667 227.000000
549.666667 225.000000
545.000000 223.000000
540.333333 221.000000
535.666667 219.333333
531.000000 217.666667
526.000000 216.333333
521.000000 215.000000
516.000000 214.000000
507.333333 213.666667
497.333333 214.000000
487.666667 215.000000
480.666667 216.000000
475.666667 217.000000
469.666667 218.000000
465.333333 219.000000
460.000000 220.000000
456.333333 221.000000
452.333333 222.000000
449.666667 223.000000
447.333333 224.000000
445.666667 225.333333
444.000000 227.000000
442.000000 229.333333
440.333333 231.666667
439.000000 234.000000
438.000000 236.333333
436.666667 238.666667
435.333333 241.000000
434.000000 243.000000
433.000000 245.000000
432.000000 247.000000
431.000000 249.333333
430.000000 252.000000
429.000000 255.000000
428.000000 258.333333
427.000000 262.000000
425.666667 266.000000
424.333333 270.333333
423.000000 275.000000
421.666667 279.666667
420.333333 284.000000
419.000000 288.000000
418.000000 292.000000
417.000000 296.000000
416.333333 299.666667
415.666667 303.000000
415.333333 306.000000
415.000000 309.000000
414.666667 312.333333
414.333333 315.666667
414.000000 319.000000
414.000000 322.000000
414.000000 325.000000
414.000000 327.666667
414.000000 330.333333
414.000000 333.000000
414.000000 335.666667
414.000000 338.000000
414.000000 340.333333
414.000000 343.000000
414.000000 346.000000
414.333333 349.000000
414.666667 352.000000
415.333333 355.000000
415.666667 358.333333
416.333333 362.000000
417.000000 365.666667
418.000000 369.333333
419.000000 372.666667
420.000000 376.000000
421.000000 379.000000
422.000000 382.333333
423.000000 385.666667
424.000000 389.333333
425.333333 393.000000
426.666667 397.000000
428.000000 401.000000
429.000000 405.000000
430.000000 409.000000
431.333333 413.333333
432.666667 417.666667
434.333333 422.333333
436.000000 427.000000
438.333333 432.000000
440.666667 437.333333
443.333333 442.666667
446.000000 448.666667
449.333333 454.666667
452.666667 461.000000
456.333333 466.666667
460.000000 472.666667
464.333333 479.000000
468.666667 486.000000
473.000000 493.333333
477.000000 500.666667
481.000000 508.000000
485.000000 514.666667
489.333333 521.333333
494.000000 527.666667
499.000000 534.333333
504.000000 541.000000
509.333333 548.333333
514.666667 555.666667
520.000000 563.000000
525.333333 569.666667
531.333333 576.666667
538.000000 583.666667
545.000000 591.333333
552.000000 598.666667
559.000000 606.000000
566.000000 612.666667
573.333333 619.333333
581.000000 625.666667
589.000000 632.333333
596.666667 638.666667
604.000000 645.333333
611.333333 651.666667
618.666667 658.333333
626.333333 664.333333
634.000000 670.333333
642.000000 675.666667
649.666667 681.333333
657.000000 686.666667
664.000000 692.000000
671.333333 697.000000
678.666667 702.000000
686.000000 706.666667
693.000000 711.333333
699.666667 716.000000
705.666667 720.666667
711.000000 725.000000
715.666667 729.000000
720.000000 733.333333
724.000000 737.666667
727.666667 741.666667
730.666667 745.333333
733.333333 748.666667
735.666667 752.000000
738.000000 755.000000
739.666667 758.000000
741.333333 760.666667
743.000000 763.333333
744.666667 765.666667
746.333333 768.333333
747.666667 770.333333
749.000000 772.333333
750.000000 773.666667
751.333333 775.333333
752.666667 777.000000
754.333333 778.666667
755.666667 780.333333
757.000000 782.000000
758.000000 783.666667
759.000000 785.000000
760.000000 786.000000
761.000000 787.000000
762.000000 788.000000
763.000000 789.000000
