831.000000 434.000000
830.333333 431.666667
830.000000 429.000000
830.000000 425.666667
830.000000 422.000000
830.333333 418.000000
831.000000 414.000000
832.000000 410.000000
832.666667 405.666667
833.666667 401.333333
834.666667 397.000000
836.000000 392.666667
837.333333 388.000000
838.666667 383.000000
840.000000 378.000000
841.333333 372.666667
843.000000 367.333333
845.333333 361.666667
847.666667 356.333333
850.333333 351.000000
853.000000 345.666667
856.000000 340.000000
859.000000 333.666667
861.666667 327.000000
864.333333 320.000000
867.333333 313.333333
871.000000 307.000000
875.333333 300.666667
880.000000 294.000000
885.000000 287.000000
890.000000 279.666667
895.000000 272.666667
899.666667 266.000000
904.000000 260.000000
908.666667 254.000000
914.333333 247.666667
921.000000 241.333333
928.333333 234.666667
935.333333 228.333333
942.333333 222.000000
948.333333 216.333333
955.000000 210.666667
961.666667 205.333333
969.333333 200.000000
977.333333 194.666667
985.333333 189.333333
993.000000 184.000000
1000.333333 178.666667
1008.333333 173.000000
1017.333333 167.666667
1026.333333 163.000000
1035.000000 159.333333
1042.666667 156.000000
1050.666667 153.000000
1058.666667 150.333333
1067.333333 148.000000
1075.666667 146.000000
1083.666667 144.333333
1091.333333 143.000000
1099.000000 141.666667
1107.666667 140.333333
1117.000000 139.000000
1129.000000 138.000000
1144.000000 137.666667
1159.000000 138.000000
1171.666667 139.000000
1180.333333 140.000000
1188.333333 141.333333
1196.333333 143.000000
1205.000000 145.000000
1214.000000 147.333333
1222.666667 150.000000
1230.666667 153.000000
1238.333333 156.000000
1246.000000 159.333333
1254.000000 163.000000
1262.000000 167.000000
1269.666667 171.333333
1276.666667 175.666667
1282.666667 180.000000
1287.666667 184.000000
1292.000000 188.333333
1296.333333 193.666667
1301.000000 199.666667
1305.666667 206.666667
1310.000000 214.000000
1314.000000 222.000000
1318.000000 230.000000
1322.000000 238.666667
1325.333333 247.666667
1328.333333 257.333333
1330.666667 266.333333
1332.666667 275.666667
1334.000000 285.333333
1335.000000 295.666667
1335.666667 306.000000
1336.000000 315.666667
1335.666667 325.333333
1335.000000 334.666667
1334.000000 344.333333
1333.000000 353.666667
1331.666667 362.666667
1329.666667 371.000000
1326.666667 379.333333
1322.666667 388.000000
1318.333333 396.666667
1314.000000 405.666667
1310.000000 414.333333
1306.000000 423.000000
1302.000000 431.333333
1298.000000 440.000000
1293.666667 449.000000
1289.000000 458.000000
1283.666667 466.666667
1277.666667 475.333333
1271.333333 484.000000
1265.000000 493.000000
1259.000000 502.333333
1253.333333 511.000000
1248.000000 519.333333
1242.000000 526.666667
1235.333333 534.333333
1228.333333 541.666667
1222.000000 549.000000
1216.000000 555.666667
1210.333333 562.000000
1205.333333 567.666667
1201.000000 573.000000
1196.666667 577.666667
1191.333333 582.666667
1185.000000 587.333333
1178.333333 592.000000
1172.333333 596.333333
1167.000000 600.666667
1162.000000 605.333333
1156.666667 610.333333
1151.333333 615.333333
1145.000000 620.333333
1138.666667 624.666667
1131.666667 629.000000
1125.666667 632.666667
1120.000000 636.333333
1115.000000 640.333333
1110.000000 644.666667
1104.666667 649.333333
1098.333333 654.333333
1091.333333 659.666667
1084.000000 665.000000
1077.333333 669.666667
1070.666667 674.000000
1064.666667 678.000000
1059.000000 682.333333
1053.666667 686.666667
1047.333333 691.666667
1040.333333 696.666667
1033.000000 702.000000
1026.333333 706.666667
1019.666667 711.333333
1013.333333 716.000000
1005.666667 721.000000
997.333333 725.666667
988.333333 730.333333
980.333333 734.666667
972.666667 739.333333
965.333333 743.666667
957.333333 748.000000
949.333333 751.666667
941.333333 755.333333
934.666667 758.333333
929.000000 761.000000
925.000000 762.666667
921.666667 764.333333
919.333333 765.666667
917.333333 766.333333
916.333333 765.666667
916.333333 763.666667
916.666667 761.000000
917.000000 757.666667
