818.000000 404.000000
818.000000 403.000000
818.000000 402.000000
818.000000 400.666667
818.000000 399.333333
790.666667 397.666667
763.333333 396.000000
736.000000 394.333333
736.000000 392.666667
736.000000 390.666667
736.000000 388.333333
736.000000 385.666667
736.000000 383.000000
736.000000 380.000000
736.000000 376.666667
736.000000 373.333333
736.000000 369.666667
736.000000 366.000000
736.333333 362.000000
736.666667 358.333333
737.000000 355.000000
737.000000 352.000000
737.333333 349.000000
738.000000 346.000000
739.000000 343.333333
739.666667 340.666667
740.000000 338.000000
739.666667 335.000000
739.000000 332.000000
738.000000 328.666667
736.666667 325.000000
735.333333 321.000000
733.333333 317.000000
731.333333 313.000000
729.000000 309.000000
726.666667 305.000000
724.333333 301.000000
722.000000 297.000000
720.000000 293.000000
717.666667 289.000000
715.333333 285.000000
712.666667 281.000000
709.666667 276.666667
706.333333 272.333333
702.666667 268.000000
699.000000 264.000000
695.000000 260.000000
691.000000 256.000000
687.000000 252.000000
683.000000 248.000000
679.333333 244.333333
675.666667 240.666667
672.000000 237.333333
668.000000 233.666667
663.666667 230.000000
659.333333 226.333333
654.666667 223.000000
650.333333 220.000000
646.000000 217.000000
642.000000 214.333333
638.000000 212.000000
634.000000 210.000000
630.333333 208.000000
627.000000 206.333333
624.000000 204.666667
621.000000 203.333333
618.000000 201.666667
614.666667 200.333333
611.000000 199.000000
607.000000 197.666667
603.000000 196.333333
599.000000 195.000000
595.000000 194.000000
591.000000 193.000000
587.000000 192.000000
583.000000 191.000000
579.000000 190.000000
573.000000 189.000000
565.666667 188.666667
555.666667 189.000000
546.666667 190.000000
539.333333 191.000000
534.666667 192.000000
531.333333 193.000000
527.666667 194.333333
523.666667 196.000000
519.333333 198.000000
514.666667 200.000000
510.333333 202.000000
506.000000 204.333333
502.000000 206.666667
498.333333 209.333333
494.666667 211.666667
491.666667 214.000000
489.000000 216.000000
486.666667 218.000000
484.333333 220.000000
482.000000 222.333333
480.000000 225.000000
478.000000 228.000000
476.333333 231.333333
475.000000 234.666667
474.000000 238.333333
473.000000 242.000000
472.000000 246.000000
471.333333 249.666667
471.000000 253.333333
471.000000 257.000000
471.000000 261.000000
471.000000 265.000000
471.000000 268.666667
471.000000 272.333333
471.333333 276.000000
471.666667 279.666667
472.333333 283.000000
473.000000 286.333333
473.666667 290.000000
474.333333 294.000000
474.666667 298.000000
475.000000 302.333333
475.000000 306.666667
475.000000 311.000000
475.000000 315.000000
475.000000 318.666667
475.000000 321.666667
474.666667 324.333333
474.333333 326.666667
474.000000 329.333333
474.000000 332.000000
474.333333 335.333333
474.666667 339.000000
475.000000 343.000000
475.000000 347.333333
475.000000 351.666667
475.000000 356.000000
475.000000 360.000000
475.000000 364.000000
475.333333 368.000000
475.666667 372.000000
476.333333 375.666667
477.000000 379.000000
478.000000 382.000000
479.000000 385.333333
480.000000 388.333333
481.000000 391.333333
482.000000 394.000000
483.333333 397.000000
484.666667 400.333333
486.333333 403.333333
488.000000 406.666667
490.000000 410.000000
492.000000 413.666667
494.000000 417.333333
496.333333 420.666667
498.666667 424.333333
501.000000 427.666667
503.000000 431.000000
505.333333 434.333333
507.666667 438.000000
510.000000 442.000000
512.333333 446.000000
514.666667 450.333333
517.333333 455.000000
519.666667 460.000000
522.333333 465.000000
524.666667 469.666667
527.000000 474.333333
529.333333 479.000000
531.666667 483.666667
534.666667 488.333333
537.666667 493.000000
541.000000 498.000000
544.333333 503.000000
547.666667 508.000000
551.333333 513.000000
554.666667 517.666667
558.333333 522.000000
561.666667 526.000000
565.333333 530.333333
568.666667 534.666667
572.333333 539.333333
575.666667 543.666667
579.333333 548.333333
583.000000 552.666667
586.666667 556.666667
590.000000 560.333333
593.000000 563.666667
596.333333 567.000000
599.666667 570.000000
602.666667 572.666667
605.333333 575.333333
608.000000 578.000000
611.000000 580.666667
614.000000 583.333333
617.000000 586.333333
620.000000 589.666667
623.000000 593.333333
625.666667 597.000000
628.333333 601.000000
631.000000 605.000000
634.000000 609.000000
637.333333 613.000000
640.666667 617.000000
644.333333 621.000000
647.666667 625.000000
651.333333 629.000000
655.000000 633.333333
659.333333 637.666667
663.666667 642.333333
667.666667 646.666667
671.000000 651.000000
674.333333 655.000000
677.666667 658.666667
681.000000 662.000000
684.000000 665.000000
686.666667 668.000000
689.333333 671.000000
691.666667 673.666667
694.333333 676.333333
697.000000 679.000000
700.000000 682.333333
702.666667 686.000000
705.333333 689.666667
707.666667 693.000000
710.000000 696.000000
712.000000 699.000000
713.666667 701.333333
715.000000 703.333333
716.000000 705.000000
717.000000 707.000000
718.000000 708.666667
718.666667 710.333333
719.666667 712.000000
720.666667 714.000000
722.000000 716.333333
723.333333 719.000000
724.666667 722.000000
726.333333 724.666667
727.666667 727.333333
729.000000 730.000000
730.000000 733.000000
731.333333 735.666667
732.666667 738.000000
734.000000 739.666667
735.000000 741.333333
736.000000 743.000000
737.333333 745.000000
738.666667 747.333333
740.666667 750.000000
742.333333 753.333333
744.333333 756.666667
746.000000 760.000000
747.666667 763.000000
749.000000 765.666667
750.000000 768.000000
751.000000 769.666667
752.000000 771.000000
752.666667 772.000000
753.333333 773.000000
754.000000 774.000000
