869.666667 361.000000
868.666667 360.000000
867.333333 359.000000
866.000000 358.000000
865.000000 356.666667
864.000000 355.333333
863.333333 353.666667
862.666667 352.000000
862.333333 350.000000
862.000000 347.666667
861.666667 345.000000
861.333333 342.000000
861.333333 338.666667
861.666667 335.333333
862.000000 331.666667
862.000000 328.000000
862.000000 324.333333
862.000000 321.000000
862.333333 317.666667
862.666667 314.333333
863.000000 310.666667
863.333333 307.333333
863.666667 303.666667
864.333333 300.000000
865.000000 295.666667
866.333333 291.000000
868.000000 285.666667
870.666667 279.666667
873.666667 273.000000
877.333333 266.333333
880.666667 260.333333
884.666667 254.666667
888.666667 248.666667
893.333333 242.000000
897.666667 235.000000
902.000000 228.666667
906.666667 222.000000
911.666667 215.666667
917.000000 209.333333
922.666667 204.000000
928.666667 198.666667
935.000000 193.333333
940.666667 188.000000
946.000000 183.000000
951.000000 178.000000
956.000000 173.000000
961.333333 167.666667
967.000000 162.333333
973.333333 157.666667
979.666667 154.000000
986.000000 151.333333
991.666667 149.000000
997.000000 146.666667
1004.333333 144.000000
1012.000000 141.666667
1020.000000 140.000000
1026.000000 139.000000
1033.666667 138.666667
1049.000000 139.000000
1064.333333 140.000000
1078.333333 141.000000
1084.666667 142.000000
1091.000000 143.000000
1097.000000 144.333333
1103.333333 146.333333
1110.333333 149.333333
1117.666667 153.000000
1125.000000 157.000000
1131.666667 161.000000
1138.000000 165.000000
1143.666667 169.333333
1149.333333 173.666667
1154.666667 178.333333
1160.000000 182.666667
1165.000000 187.000000
1170.000000 191.333333
1175.000000 195.666667
1179.666667 200.666667
1184.000000 205.666667
1187.666667 211.000000
1191.000000 216.333333
1194.000000 221.666667
1196.666667 227.000000
1198.666667 232.000000
1200.333333 237.000000
1201.666667 242.333333
1203.000000 248.333333
1203.666667 254.666667
1203.666667 261.666667
1203.333333 268.666667
1202.333333 276.333333
1201.000000 284.333333
1199.000000 293.000000
1196.666667 302.000000
1194.000000 311.000000
1190.666667 319.666667
1186.666667 328.333333
1181.666667 337.000000
1176.333333 346.000000
1170.666667 354.666667
1165.333333 363.000000
1160.000000 371.000000
1154.666667 379.000000
1148.666667 387.333333
1142.333333 396.333333
1135.666667 405.666667
1129.000000 414.666667
1122.333333 423.333333
1116.000000 432.000000
1110.000000 441.000000
1104.333333 449.666667
1098.666667 458.000000
1093.333333 465.666667
1087.333333 473.000000
1081.333333 480.333333
1075.000000 487.666667
1068.666667 495.666667
1062.333333 503.666667
1055.666667 512.000000
1048.666667 520.000000
1041.000000 528.000000
1033.333333 536.333333
1026.000000 544.666667
1019.333333 553.000000
1013.000000 560.666667
1007.000000 568.000000
1001.000000 575.000000
995.000000 582.000000
989.000000 589.000000
983.000000 596.000000
977.333333 603.000000
972.000000 610.000000
967.000000 616.666667
962.000000 623.666667
957.000000 630.666667
952.000000 638.333333
946.666667 645.333333
941.333333 652.333333
936.000000 658.666667
931.000000 664.666667
926.000000 670.333333
919.333333 678.666667
912.333333 687.666667
905.000000 697.333333
899.333333 704.666667
893.666667 712.000000
888.333333 719.000000
883.000000 726.000000
878.666667 732.333333
875.000000 737.666667
872.333333 741.333333
870.333333 744.333333
868.666667 746.666667
867.333333 749.000000
866.333333 750.666667
866.000000 752.000000
866.000000 753.000000
