845.000000 438.666667
845.000000 436.000000
845.000000 433.000000
845.000000 430.000000
845.000000 426.666667
845.000000 422.666667
792.666667 418.333333
740.000000 413.666667
687.333333 409.000000
686.666667 404.333333
686.333333 399.666667
686.000000 395.000000
686.000000 390.000000
686.000000 385.000000
685.666667 379.666667
685.000000 374.333333
684.000000 368.666667
683.000000 363.333333
681.666667 358.000000
680.000000 352.666667
678.000000 347.000000
676.000000 341.000000
673.666667 335.000000
671.333333 328.666667
668.666667 322.333333
666.000000 316.000000
663.333333 310.000000
660.333333 304.333333
657.000000 299.000000
652.666667 294.000000
648.333333 289.000000
643.666667 284.000000
639.333333 278.666667
635.000000 273.333333
631.333333 268.000000
627.666667 263.000000
624.333333 258.000000
621.000000 253.333333
617.666667 248.666667
613.666667 244.000000
608.666667 239.000000
603.333333 234.333333
598.000000 229.666667
593.000000 225.333333
588.000000 221.000000
583.666667 217.333333
579.666667 213.666667
576.000000 210.333333
572.000000 207.000000
567.666667 204.000000
562.666667 201.000000
557.000000 198.333333
551.000000 196.333333
545.333333 194.666667
540.000000 193.000000
535.000000 191.000000
529.666667 189.333333
523.000000 188.000000
515.333333 186.666667
507.333333 185.333333
498.000000 184.000000
487.000000 183.666667
472.666667 184.000000
460.666667 185.333333
451.000000 186.666667
445.333333 188.333333
439.666667 190.000000
434.666667 192.000000
430.000000 194.333333
426.333333 197.000000
422.000000 201.000000
417.333333 205.666667
412.000000 211.333333
407.000000 217.000000
402.333333 222.666667
398.333333 228.333333
394.666667 233.666667
391.333333 239.333333
388.333333 245.000000
385.666667 250.666667
383.333333 256.333333
381.333333 261.666667
379.666667 267.333333
378.000000 273.000000
376.000000 278.666667
374.333333 284.333333
372.666667 290.333333
371.333333 296.666667
370.000000 303.333333
369.000000 310.000000
368.000000 316.666667
366.666667 322.666667
364.666667 328.333333
362.333333 334.000000
360.000000 340.000000
358.000000 346.000000
356.333333 352.000000
355.666667 357.666667
356.666667 363.666667
358.666667 369.333333
361.333333 375.000000
364.000000 380.000000
367.000000 385.000000
370.000000 390.333333
373.333333 396.333333
376.666667 403.333333
380.000000 411.000000
383.000000 418.333333
386.000000 425.000000
389.000000 431.333333
392.333333 438.333333
396.333333 445.666667
401.000000 453.000000
405.666667 460.000000
410.333333 466.666667
414.666667 472.666667
419.000000 478.000000
422.666667 482.666667
426.333333 487.666667
429.666667 492.666667
434.333333 500.666667
438.666667 508.333333
443.666667 516.333333
448.000000 522.000000
452.666667 527.666667
457.000000 533.000000
461.333333 538.000000
465.333333 543.333333
469.333333 549.000000
472.666667 554.666667
476.000000 560.000000
479.000000 565.000000
481.666667 569.666667
484.333333 574.000000
487.666667 578.333333
492.333333 583.000000
498.000000 588.000000
503.666667 593.000000
509.333333 598.333333
514.666667 604.000000
520.000000 610.000000
524.666667 615.666667
529.000000 620.666667
533.000000 625.333333
537.000000 630.000000
541.333333 634.666667
546.000000 639.333333
551.333333 643.666667
556.333333 648.000000
561.000000 652.333333
565.333333 657.000000
569.666667 662.000000
574.000000 667.000000
578.666667 672.000000
583.666667 677.333333
589.666667 683.000000
595.666667 689.000000
602.000000 695.000000
607.666667 701.666667
613.000000 708.333333
618.000000 715.333333
623.333333 722.000000
629.000000 729.000000
634.666667 735.666667
640.333333 742.000000
646.000000 748.000000
652.000000 754.000000
657.666667 759.666667
663.000000 765.000000
668.666667 770.000000
674.666667 775.000000
681.000000 780.000000
687.333333 785.000000
693.666667 790.000000
699.666667 794.666667
705.333333 799.333333
710.666667 804.000000
716.000000 808.666667
721.333333 813.000000
726.666667 816.666667
731.666667 820.000000
736.666667 823.000000
741.333333 825.666667
746.000000 828.000000
750.000000 830.000000
753.333333 832.000000
756.000000 833.666667
758.000000 835.000000
759.666667 836.000000
760.666667 837.000000
761.333333 838.000000
762.000000 839.000000
763.000000 840.000000
763.666667 841.000000
764.000000 841.333333
764.000000 840.666667
763.666667 838.333333
