788.666667 377.666667
733.000000 376.333333
733.000000 374.666667
732.666667 373.000000
732.333333 370.666667
732.000000 368.333333
731.666667 365.666667
731.333333 363.333333
731.000000 360.333333
730.666667 357.666667
730.333333 354.666667
729.666667 352.000000
729.333333 349.000000
729.000000 346.000000
729.000000 343.000000
728.666667 340.000000
728.333333 337.000000
727.666667 333.666667
727.333333 330.000000
726.666667 326.333333
726.000000 322.333333
725.000000 318.000000
724.000000 313.333333
723.000000 308.333333
721.666667 303.333333
720.333333 298.000000
718.333333 293.000000
716.333333 287.666667
714.000000 282.000000
712.000000 276.333333
709.666667 270.666667
707.000000 265.333333
704.000000 260.000000
701.000000 255.000000
698.000000 250.333333
694.666667 245.666667
691.333333 241.333333
687.666667 237.000000
684.000000 233.000000
680.333333 229.333333
676.333333 225.666667
672.333333 222.000000
667.666667 218.333333
663.000000 214.666667
658.000000 211.333333
652.666667 208.333333
647.333333 205.666667
641.666667 203.333333
636.666667 201.000000
631.333333 199.000000
626.333333 197.000000
621.000000 195.000000
615.666667 193.333333
610.333333 191.666667
604.666667 190.000000
599.333333 188.333333
594.000000 187.000000
589.000000 185.666667
584.000000 184.333333
579.000000 182.666667
573.666667 181.333333
568.333333 180.000000
562.666667 179.000000
557.333333 178.000000
550.666667 177.000000
544.333333 176.000000
536.666667 175.000000
530.333333 174.000000
524.000000 173.000000
511.333333 172.666667
498.666667 173.000000
486.333333 174.000000
481.666667 175.333333
477.333333 177.000000
472.666667 179.333333
468.000000 182.000000
463.000000 185.000000
458.333333 188.333333
454.000000 191.666667
450.000000 195.333333
446.000000 199.333333
442.333333 204.000000
439.000000 208.666667
436.000000 213.333333
433.333333 218.000000
431.000000 223.000000
429.000000 228.000000
427.000000 233.333333
425.333333 239.000000
424.000000 245.000000
423.000000 251.000000
422.000000 257.000000
421.000000 262.666667
420.333333 268.333333
420.000000 273.666667
420.000000 279.333333
420.000000 284.666667
420.666667 290.333333
421.666667 296.000000
423.000000 302.333333
424.000000 308.333333
425.000000 314.666667
426.000000 320.666667
427.000000 327.000000
428.000000 333.333333
429.000000 340.000000
430.000000 347.000000
431.000000 353.666667
432.333333 360.333333
433.666667 366.666667
435.000000 373.000000
436.333333 379.000000
437.666667 384.666667
439.333333 390.666667
441.000000 396.666667
443.333333 403.000000
446.000000 409.333333
449.333333 416.333333
453.000000 423.666667
457.000000 431.666667
461.000000 439.666667
465.333333 448.333333
469.333333 457.000000
473.666667 465.333333
477.666667 473.000000
482.000000 480.333333
486.333333 488.000000
491.333333 496.000000
497.000000 504.000000
503.000000 512.000000
509.333333 520.333333
516.333333 529.333333
523.666667 539.000000
531.666667 549.000000
539.666667 558.666667
548.333333 568.333333
557.000000 577.666667
566.000000 587.333333
575.666667 597.000000
585.666667 606.666667
596.000000 616.333333
606.000000 626.000000
616.333333 636.333333
627.000000 646.666667
637.666667 657.000000
648.000000 667.000000
658.000000 676.666667
667.666667 686.333333
677.000000 695.666667
686.000000 705.000000
694.666667 714.000000
703.000000 723.333333
710.666667 733.000000
717.666667 742.666667
724.000000 752.000000
730.000000 760.666667
736.000000 769.333333
741.666667 777.333333
747.000000 784.666667
751.333333 790.333333
755.000000 794.666667
757.333333 798.000000
759.333333 800.333333
760.333333 802.000000
761.333333 803.000000
762.000000 803.333333
763.000000 802.666667
763.666667 800.333333
763.666667 797.000000
