680.666667 355.333333
680.333333 353.666667
680.000000 352.000000
680.000000 349.666667
680.000000 347.333333
680.000000 345.000000
680.000000 342.666667
680.333333 340.333333
680.666667 337.666667
681.333333 335.333333
682.000000 332.666667
683.000000 330.000000
684.000000 327.000000
685.000000 324.000000
686.333333 320.666667
688.000000 317.333333
690.000000 313.666667
692.333333 310.000000
695.000000 306.333333
698.000000 302.666667
701.000000 299.333333
704.000000 295.666667
707.333333 292.333333
711.000000 288.666667
715.000000 284.666667
718.666667 280.333333
722.333333 275.666667
726.000000 271.333333
730.000000 267.000000
734.666667 262.666667
739.666667 258.333333
744.666667 254.000000
749.333333 250.333333
753.666667 247.000000
758.000000 244.000000
762.000000 241.333333
766.333333 238.666667
771.000000 235.666667
776.000000 232.333333
781.000000 229.000000
786.333333 226.000000
791.666667 223.000000
797.000000 220.000000
802.000000 217.333333
806.666667 214.666667
811.000000 212.000000
815.333333 209.000000
820.000000 206.000000
825.000000 203.333333
830.000000 201.000000
835.333333 199.000000
840.333333 197.333333
845.333333 196.000000
849.666667 195.000000
854.000000 194.000000
857.666667 193.000000
861.333333 192.000000
866.333333 191.000000
871.666667 190.000000
877.333333 189.000000
882.000000 188.000000
887.333333 187.000000
892.666667 186.000000
899.000000 185.000000
917.000000 184.666667
935.000000 185.000000
952.000000 186.000000
958.333333 187.000000
964.666667 188.000000
971.000000 189.333333
975.666667 191.000000
980.333333 193.000000
985.000000 195.000000
989.666667 197.000000
994.000000 199.333333
997.666667 202.000000
1001.333333 205.333333
1004.666667 209.000000
1008.000000 213.000000
1011.000000 216.666667
1014.000000 220.333333
1017.000000 224.000000
1020.000000 227.666667
1023.000000 231.333333
1026.000000 234.666667
1028.666667 238.000000
1031.333333 241.000000
1034.000000 244.333333
1037.000000 248.000000
1039.666667 251.666667
1042.000000 255.000000
1044.000000 258.666667
1046.000000 263.000000
1048.000000 268.000000
1050.000000 273.000000
1051.666667 278.333333
1053.333333 283.666667
1054.666667 289.000000
1056.000000 294.333333
1056.666667 300.000000
1057.333333 305.666667
1057.666667 311.333333
1058.000000 316.666667
1058.000000 322.333333
1058.000000 327.333333
1057.666667 332.333333
1057.000000 337.000000
1056.000000 342.000000
1054.666667 347.000000
1053.000000 352.333333
1050.666667 358.000000
1047.666667 364.000000
1044.000000 370.000000
1039.666667 375.666667
1035.000000 381.000000
1030.000000 386.000000
1024.666667 391.333333
1019.333333 397.000000
1014.000000 402.666667
1008.666667 408.666667
1003.000000 414.333333
996.333333 420.666667
989.666667 426.333333
983.000000 432.000000
977.000000 437.000000
971.000000 442.333333
965.000000 448.333333
959.333333 454.666667
954.000000 460.666667
948.666667 466.333333
943.000000 471.666667
937.333333 477.333333
932.000000 482.666667
926.666667 488.666667
921.666667 494.666667
916.666667 501.000000
912.000000 507.000000
907.333333 513.000000
902.666667 518.666667
897.666667 524.333333
892.000000 529.666667
886.333333 535.000000
881.000000 540.333333
876.000000 546.000000
870.666667 552.000000
865.666667 558.000000
860.333333 563.666667
855.000000 569.333333
849.000000 574.666667
843.000000 580.333333
837.333333 585.666667
832.000000 591.333333
827.000000 597.333333
822.333333 603.666667
818.333333 610.000000
814.666667 615.333333
811.000000 620.666667
807.000000 626.000000
803.000000 631.666667
798.666667 637.333333
794.000000 643.000000
789.333333 648.666667
785.000000 654.000000
781.333333 658.666667
778.000000 663.000000
775.333333 666.333333
773.333333 669.000000
772.000000 670.666667
771.000000 672.333333
770.000000 673.666667
769.333333 675.000000
768.666667 676.000000
768.333333 677.333333
767.666667 679.000000
767.333333 680.666667
767.000000 682.000000
767.000000 683.000000
767.000000 684.000000
