639.000000 381.333333
638.666667 379.666667
638.333333 378.000000
638.000000 376.000000
638.000000 373.666667
638.000000 370.666667
638.000000 367.333333
638.000000 364.000000
638.000000 360.666667
638.000000 357.000000
638.000000 352.666667
638.000000 348.000000
637.666667 343.000000
637.000000 337.666667
636.000000 332.000000
635.333333 325.666667
634.333333 319.333333
633.333333 313.000000
632.000000 307.333333
631.000000 302.000000
630.000000 296.666667
628.666667 291.000000
627.333333 285.333333
625.666667 280.000000
624.000000 274.666667
621.666667 269.333333
619.333333 263.666667
616.666667 258.333333
614.000000 253.000000
611.000000 248.000000
607.666667 243.000000
604.333333 238.000000
600.666667 233.000000
597.333333 228.000000
593.666667 223.333333
590.333333 219.000000
586.666667 214.666667
583.000000 210.333333
579.000000 205.666667
575.000000 201.333333
570.666667 197.000000
566.333333 193.000000
562.000000 189.333333
558.000000 186.000000
553.666667 182.666667
549.000000 179.000000
544.000000 175.000000
539.333333 171.333333
534.666667 167.666667
529.666667 164.000000
524.333333 160.333333
518.666667 157.000000
513.000000 154.000000
507.000000 151.000000
501.000000 148.333333
495.000000 146.000000
489.000000 144.000000
483.000000 142.000000
476.666667 140.000000
470.000000 138.333333
462.666667 136.666667
453.333333 135.000000
444.000000 133.333333
433.000000 132.000000
424.333333 131.000000
413.666667 130.666667
404.000000 131.000000
394.666667 132.000000
386.000000 133.333333
377.333333 135.000000
368.333333 136.666667
361.333333 138.000000
356.333333 139.000000
351.666667 140.333333
347.333333 141.666667
343.000000 143.000000
339.333333 144.333333
335.666667 146.000000
332.333333 148.000000
328.666667 150.000000
325.333333 152.000000
322.333333 154.000000
319.666667 156.000000
317.333333 158.000000
315.000000 160.000000
313.000000 162.000000
311.000000 164.000000
309.000000 166.000000
307.000000 168.333333
305.000000 170.666667
303.000000 173.333333
301.333333 176.333333
299.666667 179.666667
298.333333 183.333333
297.000000 186.666667
295.666667 190.333333
294.333333 194.000000
293.333333 198.333333
292.666667 202.666667
292.333333 207.666667
291.666667 212.666667
291.333333 218.000000
291.333333 223.000000
291.666667 228.000000
292.333333 233.000000
292.666667 238.000000
293.333333 243.000000
294.000000 248.333333
295.000000 254.000000
296.000000 260.000000
297.333333 266.333333
299.000000 272.666667
301.000000 279.333333
303.000000 285.666667
305.333333 292.333333
307.666667 298.666667
310.333333 305.000000
313.000000 311.000000
315.666667 316.666667
318.333333 322.333333
320.666667 327.333333
323.333333 332.666667
325.666667 337.666667
328.333333 342.666667
330.666667 347.666667
333.000000 353.000000
335.333333 359.333333
338.000000 366.000000
341.000000 373.000000
344.666667 380.333333
349.000000 388.000000
354.000000 396.000000
359.000000 404.333333
364.000000 412.666667
369.000000 420.666667
373.666667 428.333333
378.333333 436.000000
382.666667 443.666667
387.000000 451.333333
391.333333 459.000000
396.333333 466.666667
402.000000 474.000000
407.666667 481.000000
413.333333 488.000000
419.000000 495.333333
425.000000 503.000000
431.333333 511.000000
438.333333 519.333333
446.000000 528.666667
454.000000 539.000000
462.000000 550.000000
470.000000 561.000000
478.000000 572.000000
486.333333 583.000000
494.666667 594.000000
502.666667 604.666667
510.333333 614.666667
517.666667 623.666667
525.666667 632.333333
533.666667 641.000000
542.333333 649.333333
550.666667 657.333333
559.000000 664.666667
567.000000 672.000000
575.333333 679.333333
583.666667 686.666667
592.000000 694.333333
599.666667 701.666667
606.666667 708.666667
613.000000 715.000000
619.000000 721.000000
624.666667 726.666667
630.000000 732.000000
634.666667 736.666667
639.333333 741.000000
643.666667 744.666667
647.666667 748.000000
651.000000 750.666667
654.000000 753.000000
656.666667 755.000000
659.333333 757.000000
661.666667 758.666667
663.666667 760.333333
665.000000 761.666667
666.333333 763.333333
667.666667 764.666667
669.000000 766.000000
670.000000 767.000000
