680.000000 345.000000
789.666667 344.000000
899.333333 343.000000
1009.000000 342.000000
1009.000000 341.000000
1009.000000 340.000000
1009.000000 338.666667
1009.000000 337.000000
1009.000000 335.000000
1009.333333 332.666667
1009.666667 330.333333
1010.000000 327.666667
1010.000000 325.333333
1010.000000 322.666667
1010.000000 320.000000
1010.333333 317.333333
1010.666667 314.666667
1011.000000 312.000000
1011.333333 309.000000
1011.666667 306.000000
1012.333333 303.000000
1012.666667 300.000000
1013.333333 297.000000
1014.333333 293.666667
1015.666667 290.000000
1017.333333 285.666667
1019.000000 281.333333
1021.000000 276.666667
1023.000000 272.333333
1025.333333 268.000000
1027.666667 264.000000
1030.000000 260.000000
1032.333333 256.333333
1034.666667 252.666667
1037.000000 249.666667
1039.333333 246.666667
1041.666667 244.000000
1044.000000 241.000000
1046.333333 238.000000
1048.666667 234.666667
1051.000000 231.000000
1053.000000 227.000000
1055.000000 223.000000
1057.000000 219.000000
1059.000000 215.333333
1061.000000 212.000000
1063.000000 209.000000
1065.000000 206.000000
1067.333333 203.333333
1069.666667 200.666667
1072.333333 198.333333
1075.333333 195.666667
1078.666667 193.333333
1082.000000 191.000000
1085.000000 189.000000
1088.000000 186.666667
1091.000000 184.333333
1094.000000 181.666667
1097.000000 179.333333
1099.666667 176.666667
1102.333333 174.000000
1104.666667 171.333333
1107.333333 168.666667
1110.000000 166.000000
1113.333333 163.000000
1117.000000 160.333333
1120.666667 158.000000
1124.333333 156.000000
1128.000000 154.000000
1132.000000 152.333333
1136.000000 150.666667
1139.666667 149.333333
1143.333333 148.000000
1146.666667 147.000000
1150.333333 145.666667
1153.666667 144.333333
1157.666667 143.000000
1161.666667 142.000000
1166.000000 141.000000
1171.333333 140.000000
1178.000000 139.000000
1191.666667 138.666667
1206.666667 139.000000
1223.000000 140.000000
1233.333333 141.000000
1240.666667 142.000000
1246.666667 143.000000
1251.666667 144.000000
1257.000000 145.000000
1261.000000 146.000000
1265.000000 147.000000
1269.000000 148.333333
1273.000000 149.666667
1277.000000 151.333333
1281.000000 152.666667
1284.333333 154.333333
1287.333333 156.000000
1290.000000 158.000000
1293.000000 160.000000
1295.666667 162.000000
1298.333333 164.333333
1301.000000 167.000000
1304.000000 170.000000
1307.000000 173.333333
1310.000000 176.666667
1312.666667 180.000000
1315.333333 183.000000
1318.000000 186.000000
1320.666667 189.000000
1323.333333 192.000000
1325.666667 195.000000
1328.000000 198.333333
1330.000000 201.666667
1332.000000 205.000000
1334.000000 208.333333
1335.666667 212.000000
1337.333333 216.000000
1338.666667 220.000000
1340.000000 224.000000
1341.000000 227.666667
1341.666667 231.333333
1342.333333 234.666667
1343.000000 238.000000
1344.000000 241.333333
1344.666667 245.000000
1345.333333 249.000000
1346.000000 252.666667
1346.666667 256.333333
1347.000000 260.333333
1347.333333 264.666667
1347.666667 269.000000
1348.000000 273.000000
1348.000000 277.333333
1348.000000 281.666667
1347.666667 286.000000
1347.333333 290.333333
1346.666667 295.333333
1346.333333 301.000000
1345.666667 307.000000
1345.000000 313.000000
1344.000000 318.666667
1343.000000 324.333333
1341.666667 329.666667
1340.333333 335.000000
1338.666667 340.333333
1337.000000 345.666667
1335.000000 351.000000
1332.666667 356.333333
1330.000000 361.666667
1327.333333 367.333333
1324.666667 372.333333
1321.666667 377.333333
1318.333333 382.000000
1314.666667 387.000000
1311.000000 392.000000
1307.333333 397.333333
1304.000000 402.666667
1301.000000 408.333333
1298.000000 413.666667
1295.000000 418.666667
1291.666667 423.333333
1288.333333 427.666667
1285.000000 432.000000
1281.666667 436.000000
1278.000000 440.000000
1274.000000 444.333333
1270.000000 449.333333
1266.000000 454.666667
1262.000000 460.000000
1258.000000 465.333333
1254.333333 470.666667
1250.666667 475.666667
1247.000000 480.333333
1243.000000 484.666667
1239.000000 489.333333
1235.000000 494.000000
1231.000000 498.666667
1226.666667 503.333333
1222.333333 508.000000
1218.000000 513.000000
1214.000000 517.666667
1210.333333 522.333333
1206.666667 527.000000
1203.000000 532.000000
1199.333333 537.333333
1196.000000 542.666667
1192.666667 548.333333
1189.333333 554.000000
1185.666667 559.666667
1182.333333 565.000000
1178.666667 570.000000
1175.333333 575.000000
1172.000000 580.000000
1168.666667 585.000000
1165.000000 590.333333
1161.333333 596.000000
1158.000000 602.000000
1155.333333 608.000000
1152.666667 613.666667
1150.000000 619.000000
1146.333333 626.000000
1142.666667 633.000000
1139.000000 640.333333
1135.666667 645.666667
1132.333333 651.333333
1128.666667 656.666667
1125.333333 662.000000
1122.000000 667.000000
1119.000000 671.666667
1116.000000 676.333333
1113.000000 681.000000
1110.333333 686.000000
1107.666667 691.000000
1105.333333 696.000000
1103.000000 701.000000
1101.000000 706.000000
1099.000000 710.666667
1097.000000 715.000000
1095.000000 719.000000
1093.000000 722.666667
1090.666667 726.333333
1088.333333 730.000000
1085.666667 734.000000
1083.333333 738.000000
1080.666667 742.000000
1078.000000 746.000000
1075.333333 750.000000
1072.666667 753.666667
1070.000000 757.333333
1067.333333 760.666667
1064.666667 764.000000
1062.333333 767.000000
1060.000000 770.000000
1058.000000 773.000000
1056.000000 776.000000
1053.666667 779.000000
1051.333333 782.000000
1049.000000 785.000000
1047.000000 788.000000
1045.000000 791.000000
1042.666667 794.333333
1040.333333 798.000000
1037.666667 801.666667
1035.333333 805.000000
1032.666667 808.000000
1030.000000 811.000000
1027.333333 814.000000
1025.000000 816.666667
1022.666667 819.000000
1020.666667 821.000000
1018.666667 823.000000
1017.333333 824.666667
1016.000000 826.000000
1014.666667 827.000000
1013.666667 828.000000
1012.666667 829.000000
1012.000000 830.333333
1011.000000 831.666667
1010.333333 833.000000
1010.000000 834.000000
1009.666667 835.000000
1009.333333 836.000000
1009.000000 837.000000
1009.000000 838.000000
1009.000000 838.333333
1008.666667 837.666667
1008.333333 835.333333
