827.000000 344.333333
827.000000 343.000000
783.333333 342.000000
739.666667 341.000000
696.000000 339.666667
696.000000 338.333333
696.666667 337.000000
697.666667 335.333333
699.333333 333.000000
700.666667 329.666667
702.000000 325.666667
703.000000 321.000000
703.333333 315.666667
702.666667 310.000000
700.666667 303.666667
697.666667 297.000000
693.666667 289.666667
689.000000 281.666667
683.333333 273.000000
676.666667 264.333333
668.333333 255.333333
659.000000 246.333333
648.666667 237.000000
637.666667 227.666667
625.666667 218.333333
613.333333 209.000000
600.333333 200.333333
586.666667 192.000000
572.333333 184.000000
558.000000 176.000000
543.666667 168.666667
529.000000 162.000000
514.666667 156.666667
501.000000 152.000000
487.666667 148.666667
474.666667 146.000000
462.333333 144.333333
445.333333 144.000000
429.666667 145.333333
415.333333 148.333333
408.000000 152.666667
401.333333 158.333333
395.333333 165.333333
390.000000 174.000000
385.666667 183.666667
382.333333 194.666667
380.000000 205.666667
378.666667 217.333333
378.000000 228.666667
378.333333 240.333333
379.333333 251.666667
381.000000 262.666667
383.333333 273.000000
386.666667 282.666667
391.000000 292.333333
397.000000 302.333333
404.000000 313.000000
412.000000 324.333333
420.666667 337.000000
430.333333 350.666667
441.000000 365.000000
451.666667 379.333333
462.333333 394.000000
473.333333 409.333333
485.000000 425.000000
497.000000 441.000000
509.000000 457.000000
521.666667 473.000000
534.666667 489.333333
548.333333 505.666667
562.333333 522.000000
576.666667 538.000000
591.333333 553.666667
606.000000 569.000000
620.666667 583.666667
635.000000 597.333333
648.666667 609.666667
661.666667 620.666667
674.333333 630.666667
686.333333 639.666667
697.333333 647.666667
706.666667 654.666667
714.666667 660.666667
721.333333 665.666667
727.000000 669.666667
731.333333 673.000000
735.000000 675.333333
737.666667 677.333333
740.000000 678.666667
