861.666667 355.333333
862.333333 351.666667
862.666667 348.000000
863.333333 344.000000
864.000000 339.666667
865.333333 335.000000
866.666667 330.000000
868.333333 325.333333
870.000000 320.666667
872.000000 316.333333
874.000000 312.000000
876.333333 308.000000
878.666667 304.333333
881.333333 300.666667
884.000000 297.333333
887.333333 293.666667
891.000000 290.333333
894.666667 287.000000
898.000000 283.666667
901.666667 279.666667
905.666667 275.333333
910.000000 271.000000
914.000000 267.000000
918.333333 263.000000
923.000000 259.000000
928.000000 255.000000
933.333333 251.333333
938.666667 248.333333
943.666667 246.000000
948.000000 244.000000
952.000000 242.000000
956.333333 240.000000
960.666667 238.333333
965.333333 236.333333
970.333333 234.000000
975.666667 231.333333
981.333333 229.000000
986.666667 227.000000
992.333333 225.333333
997.333333 223.666667
1002.666667 222.000000
1007.666667 220.000000
1013.666667 218.000000
1019.666667 216.000000
1026.333333 214.000000
1032.666667 212.333333
1038.666667 211.000000
1044.333333 209.666667
1052.666667 208.333333
1061.666667 207.000000
1075.333333 206.666667
1091.666667 207.000000
1109.666667 208.000000
1123.000000 209.333333
1131.000000 210.666667
1136.333333 212.666667
1141.333333 214.666667
1146.000000 217.333333
1150.666667 220.000000
1155.666667 223.000000
1160.333333 226.000000
1165.333333 229.000000
1170.000000 232.000000
1175.000000 235.000000
1179.666667 238.000000
1184.000000 241.000000
1188.000000 244.000000
1191.666667 247.333333
1195.333333 251.000000
1198.666667 255.333333
1202.000000 259.666667
1205.000000 264.333333
1208.333333 269.000000
1211.666667 273.666667
1215.000000 278.333333
1218.000000 282.666667
1221.333333 287.333333
1224.666667 291.666667
1227.666667 296.000000
1230.333333 300.333333
1233.000000 305.000000
1235.666667 310.333333
1238.000000 315.666667
1239.666667 321.000000
1241.000000 326.000000
1242.000000 331.000000
1242.666667 336.000000
1243.333333 341.333333
1243.666667 347.333333
1244.000000 353.666667
1243.666667 360.333333
1243.333333 367.000000
1242.666667 373.333333
1242.000000 379.333333
1241.000000 384.666667
1240.000000 390.666667
1239.000000 396.333333
1237.666667 402.666667
1236.000000 408.666667
1234.000000 414.666667
1232.000000 420.333333
1229.666667 426.000000
1226.666667 432.333333
1223.333333 438.666667
1219.666667 445.666667
1216.000000 453.000000
1212.333333 460.333333
1208.666667 467.333333
1205.333333 474.000000
1201.666667 481.333333
1198.000000 488.666667
1194.000000 496.000000
1190.000000 503.333333
1185.666667 510.666667
1181.000000 517.666667
1175.666667 524.666667
1170.333333 531.666667
1165.000000 539.333333
1160.000000 547.000000
1155.000000 555.000000
1149.666667 562.666667
1143.666667 570.000000
1137.000000 577.333333
1129.666667 585.000000
1122.666667 593.000000
1116.333333 600.666667
1111.000000 608.000000
1106.000000 614.666667
1100.666667 621.333333
1095.000000 627.666667
1088.666667 634.000000
1082.333333 640.333333
1076.000000 647.000000
1070.000000 654.000000
1064.000000 660.666667
1057.666667 667.333333
1050.666667 674.000000
1043.000000 681.000000
1035.333333 688.000000
1028.000000 695.000000
1021.333333 702.000000
1015.333333 708.333333
1009.666667 714.333333
1003.666667 720.000000
997.333333 726.000000
990.333333 732.000000
984.000000 738.000000
977.666667 744.000000
972.333333 750.000000
967.000000 756.000000
962.333333 761.666667
957.333333 767.000000
951.666667 772.000000
945.333333 777.000000
939.000000 781.666667
933.666667 786.000000
928.666667 790.000000
924.333333 794.000000
920.333333 797.666667
917.333333 800.666667
915.000000 803.333333
913.000000 805.666667
911.333333 807.666667
910.000000 809.000000
909.333333 810.000000
908.666667 811.000000
908.333333 812.000000
907.666667 813.000000
907.000000 814.000000
906.000000 814.333333
