921.666667 368.000000
919.000000 366.666667
918.000000 364.666667
917.333333 362.000000
917.000000 359.000000
917.000000 356.000000
917.000000 353.000000
917.000000 349.666667
917.000000 346.000000
917.000000 342.000000
917.000000 338.000000
917.000000 334.000000
917.333333 330.000000
918.000000 325.666667
919.000000 321.000000
920.000000 316.000000
921.333333 311.000000
922.666667 306.000000
924.333333 301.000000
926.333333 296.000000
929.000000 290.666667
931.666667 285.333333
934.333333 279.666667
937.000000 274.000000
940.000000 268.333333
943.000000 262.666667
946.000000 257.666667
948.666667 252.333333
951.333333 247.333333
954.000000 242.000000
957.000000 236.666667
960.000000 231.333333
963.000000 226.000000
966.000000 221.000000
969.333333 216.000000
973.000000 211.333333
977.000000 207.000000
981.333333 203.000000
986.000000 199.000000
990.666667 195.000000
995.000000 190.666667
999.333333 186.000000
1003.666667 181.333333
1008.000000 176.666667
1012.333333 172.000000
1017.000000 167.333333
1022.000000 163.000000
1027.333333 159.000000
1032.666667 155.666667
1038.000000 152.666667
1042.666667 150.333333
1047.333333 148.000000
1052.000000 145.666667
1057.000000 143.333333
1062.333333 141.000000
1068.333333 138.666667
1074.666667 136.333333
1081.333333 133.666667
1087.333333 131.333333
1093.000000 129.000000
1098.333333 126.666667
1104.000000 124.000000
1110.000000 121.333333
1116.000000 118.666667
1122.000000 116.333333
1128.000000 114.000000
1133.666667 112.333333
1139.000000 110.666667
1144.000000 109.000000
1149.000000 107.333333
1154.000000 106.000000
1159.000000 105.000000
1164.000000 104.000000
1171.000000 103.000000
1182.333333 102.666667
1194.666667 103.000000
1204.666667 104.000000
1210.333333 105.000000
1215.000000 106.333333
1219.666667 107.666667
1224.000000 109.333333
1228.000000 110.666667
1231.666667 112.333333
1235.333333 114.000000
1238.666667 116.000000
1241.666667 118.333333
1244.333333 121.000000
1247.000000 124.333333
1250.000000 127.666667
1253.000000 131.333333
1256.000000 134.666667
1258.666667 138.000000
1261.333333 141.333333
1264.000000 145.000000
1267.000000 149.000000
1270.000000 153.333333
1273.000000 158.000000
1275.666667 163.333333
1278.333333 168.666667
1281.000000 174.000000
1283.666667 179.000000
1286.000000 184.000000
1288.000000 189.000000
1290.000000 194.333333
1291.666667 200.000000
1293.000000 206.000000
1293.666667 212.000000
1294.333333 218.000000
1294.666667 223.666667
1295.000000 229.000000
1295.000000 234.000000
1295.000000 239.000000
1295.000000 243.666667
1295.000000 248.333333
1295.000000 253.000000
1295.000000 258.000000
1295.000000 263.000000
1294.666667 268.000000
1294.333333 273.000000
1294.000000 278.000000
1293.666667 283.000000
1293.000000 288.000000
1292.000000 293.000000
1291.000000 298.000000
1290.000000 303.000000
1289.000000 308.000000
1287.666667 313.000000
1286.333333 318.000000
1284.666667 322.666667
1283.000000 327.333333
1280.666667 331.666667
1278.000000 336.333333
1275.000000 341.000000
1272.000000 346.000000
1268.666667 351.333333
1265.333333 356.666667
1262.000000 362.333333
1259.000000 368.000000
1256.000000 373.666667
1253.333333 379.000000
1250.666667 384.000000
1248.333333 389.000000
1245.666667 394.333333
1243.333333 399.666667
1240.333333 405.333333
1236.666667 411.333333
1232.333333 417.333333
1227.666667 423.333333
1222.666667 428.666667
1217.333333 434.333333
1212.333333 440.000000
1207.666667 446.000000
1203.333333 452.000000
1198.666667 458.000000
1194.000000 464.000000
1188.333333 469.666667
1182.333333 475.000000
1176.000000 480.000000
1170.333333 485.000000
1165.000000 490.000000
1160.000000 495.333333
1155.333333 500.666667
1150.666667 506.333333
1145.666667 511.666667
1140.000000 517.000000
1134.333333 521.666667
1128.666667 526.333333
1123.333333 530.666667
1118.333333 535.333333
1113.666667 540.000000
1109.333333 545.333333
1105.000000 550.666667
1100.666667 556.000000
1095.333333 561.333333
1089.333333 566.333333
1083.000000 571.333333
1077.333333 575.666667
1072.000000 580.000000
1067.333333 583.666667
1063.000000 587.333333
1059.333333 591.000000
1055.666667 595.000000
1052.000000 599.000000
1047.666667 603.333333
1043.000000 608.000000
1037.666667 613.000000
1032.333333 617.666667
1027.000000 622.000000
1022.333333 626.000000
1017.666667 630.000000
1013.333333 634.000000
1009.000000 638.000000
1004.666667 642.333333
1000.000000 646.666667
995.000000 651.000000
990.000000 655.333333
984.666667 660.000000
979.333333 664.666667
974.000000 669.000000
969.333333 673.000000
964.666667 677.000000
960.333333 681.333333
955.333333 685.666667
950.666667 689.666667
945.666667 693.333333
941.333333 696.333333
937.000000 699.333333
933.333333 701.333333
930.333333 703.333333
928.000000 704.666667
926.000000 706.000000
924.666667 706.333333
