777.333333 483.666667
776.666667 482.333333
776.333333 480.666667
776.000000 479.000000
776.000000 477.000000
776.333333 474.666667
776.666667 472.333333
777.000000 469.666667
777.333333 467.000000
777.666667 463.666667
778.333333 460.333333
779.000000 457.000000
779.666667 453.666667
780.333333 450.000000
780.666667 446.333333
781.333333 442.666667
781.666667 438.666667
782.333333 434.333333
782.666667 429.666667
783.333333 425.000000
783.666667 420.000000
784.333333 415.333333
784.666667 411.000000
785.333333 406.666667
786.000000 402.333333
787.000000 398.333333
787.666667 394.333333
788.666667 390.000000
789.666667 385.000000
791.333333 379.666667
793.333333 373.666667
796.333333 367.333333
799.666667 361.000000
803.666667 354.333333
807.666667 347.333333
812.000000 339.000000
816.333333 330.666667
821.666667 321.666667
827.666667 313.666667
834.333333 305.333333
841.000000 297.000000
847.666667 288.000000
853.666667 279.000000
859.000000 270.666667
864.666667 262.666667
871.000000 255.000000
878.666667 247.000000
886.333333 239.000000
894.000000 231.000000
901.000000 223.333333
908.666667 216.000000
917.000000 209.333333
926.000000 203.000000
934.666667 197.333333
942.666667 192.000000
949.666667 187.000000
956.666667 182.333333
964.000000 178.000000
972.000000 174.000000
980.333333 170.000000
988.333333 166.000000
996.000000 162.333333
1003.666667 159.000000
1012.000000 156.000000
1021.000000 153.333333
1029.666667 151.000000
1037.666667 149.000000
1045.333333 147.333333
1053.333333 146.000000
1062.000000 145.000000
1071.000000 144.000000
1085.333333 143.000000
1106.000000 142.666667
1131.333333 143.000000
1151.000000 144.333333
1164.000000 145.666667
1171.666667 147.666667
1179.000000 149.666667
1185.333333 152.333333
1191.333333 155.333333
1196.666667 159.333333
1202.666667 164.333333
1208.666667 170.000000
1215.333333 175.666667
1221.666667 181.333333
1227.666667 186.666667
1233.000000 192.666667
1237.666667 199.000000
1242.000000 206.333333
1245.666667 213.666667
1249.000000 221.000000
1251.666667 228.000000
1253.666667 235.333333
1255.333333 243.000000
1256.666667 251.333333
1257.666667 259.666667
1258.000000 268.000000
1258.000000 275.666667
1258.000000 283.333333
1258.000000 291.000000
1257.666667 299.000000
1257.000000 307.333333
1256.333333 315.333333
1255.333333 323.333333
1254.333333 330.666667
1253.000000 338.333333
1251.666667 346.000000
1250.333333 354.000000
1248.666667 361.666667
1247.000000 368.666667
1245.000000 375.333333
1243.000000 381.333333
1240.333333 387.333333
1237.000000 393.333333
1232.666667 399.666667
1227.666667 406.000000
1222.666667 412.333333
1217.666667 418.666667
1213.333333 424.666667
1208.666667 430.666667
1204.333333 436.666667
1199.666667 443.333333
1194.666667 450.333333
1188.333333 457.666667
1181.333333 465.000000
1174.333333 471.666667
1168.000000 478.000000
1162.000000 484.333333
1156.000000 491.333333
1149.666667 499.000000
1142.666667 507.000000
1135.000000 514.666667
1127.666667 522.000000
1120.666667 529.000000
1114.333333 536.333333
1107.666667 544.000000
1101.333333 551.666667
1094.333333 559.333333
1087.333333 566.333333
1080.333333 573.000000
1074.000000 578.666667
1068.333333 584.666667
1063.000000 590.666667
1057.666667 597.333333
1052.000000 604.000000
1045.333333 610.666667
1038.333333 617.000000
1031.000000 623.333333
1024.000000 630.000000
1017.000000 637.333333
1009.000000 645.000000
1000.333333 653.000000
991.333333 661.000000
983.000000 668.333333
975.666667 675.000000
968.666667 681.333333
961.333333 688.000000
952.666667 695.333333
943.666667 702.666667
935.000000 710.000000
927.333333 717.000000
920.000000 723.666667
912.333333 730.333333
904.000000 737.000000
895.666667 743.666667
888.000000 750.000000
881.666667 756.000000
876.000000 761.333333
871.333333 766.000000
867.666667 769.333333
865.000000 772.000000
863.333333 773.666667
862.000000 775.000000
861.000000 776.000000
860.333333 776.333333
860.000000 774.000000
