723.333333 376.666667
698.666667 375.000000
699.333333 372.666667
699.666667 370.000000
700.000000 367.000000
700.000000 363.666667
700.000000 360.333333
699.666667 357.000000
699.333333 354.000000
699.000000 351.000000
698.666667 348.000000
698.333333 345.333333
697.666667 342.666667
697.333333 340.000000
696.333333 337.000000
695.333333 334.000000
693.666667 330.666667
692.000000 327.000000
690.000000 323.000000
688.000000 319.000000
685.666667 314.666667
683.333333 310.333333
681.333333 306.333333
679.333333 302.666667
677.333333 299.333333
675.333333 296.000000
673.333333 292.666667
671.333333 289.333333
668.666667 286.000000
666.000000 282.666667
663.333333 279.333333
660.666667 276.000000
658.000000 273.000000
655.000000 270.333333
652.000000 267.666667
649.000000 265.333333
646.000000 263.000000
643.000000 261.000000
640.333333 259.000000
638.000000 257.333333
636.000000 255.666667
634.000000 254.333333
632.000000 253.000000
630.000000 252.000000
627.666667 250.666667
625.333333 249.333333
622.666667 247.666667
619.666667 246.000000
616.000000 244.000000
612.000000 242.333333
607.666667 240.666667
603.000000 239.000000
598.000000 237.000000
593.333333 235.000000
589.000000 233.000000
584.666667 230.666667
580.333333 228.333333
575.666667 226.000000
571.000000 224.000000
566.000000 221.666667
561.000000 219.666667
556.000000 217.666667
550.666667 216.333333
545.333333 214.666667
540.333333 213.333333
534.000000 212.000000
516.333333 211.666667
497.333333 212.000000
480.666667 213.000000
475.666667 214.000000
472.000000 215.000000
468.000000 216.333333
464.333333 217.666667
461.000000 219.000000
457.666667 220.333333
454.666667 221.666667
451.666667 223.333333
449.000000 224.666667
446.000000 226.333333
443.333333 227.666667
441.000000 229.333333
439.000000 230.666667
437.333333 232.333333
435.333333 234.000000
433.333333 236.333333
431.000000 238.666667
429.000000 241.333333
427.000000 243.666667
425.000000 246.333333
423.000000 248.666667
421.000000 251.000000
418.666667 253.333333
416.333333 256.000000
414.000000 258.666667
412.000000 261.333333
410.000000 264.000000
408.000000 267.333333
406.333333 270.333333
405.000000 273.666667
404.000000 277.000000
403.000000 281.000000
402.000000 285.000000
401.333333 289.333333
401.000000 294.000000
401.000000 299.000000
401.333333 304.000000
402.000000 309.000000
402.666667 313.666667
403.333333 318.666667
404.000000 323.666667
405.000000 329.000000
406.000000 334.000000
407.000000 339.333333
408.000000 345.000000
409.000000 351.000000
410.333333 357.000000
411.666667 363.333333
413.000000 369.333333
414.000000 375.333333
415.000000 381.000000
416.333333 387.000000
417.666667 393.000000
419.000000 399.000000
420.333333 405.000000
422.000000 411.000000
424.000000 417.333333
425.666667 423.666667
427.333333 430.333333
429.000000 437.000000
431.000000 443.333333
433.333333 449.333333
435.666667 455.000000
438.333333 460.666667
441.000000 466.333333
444.000000 471.666667
447.666667 477.333333
451.666667 483.000000
456.333333 489.000000
461.000000 495.666667
466.000000 502.666667
471.333333 510.000000
477.000000 517.333333
483.000000 524.666667
489.333333 532.000000
496.000000 539.333333
503.333333 546.666667
511.000000 554.333333
519.000000 562.000000
527.666667 570.000000
536.666667 578.000000
546.000000 586.000000
555.000000 594.000000
564.333333 602.333333
574.000000 610.666667
584.000000 619.000000
593.666667 626.666667
603.000000 634.000000
611.666667 641.000000
620.333333 648.333333
629.333333 655.666667
638.333333 663.000000
646.666667 670.000000
654.000000 677.000000
661.000000 684.000000
668.000000 691.000000
675.000000 697.666667
682.000000 704.000000
689.333333 710.000000
696.333333 715.666667
703.333333 721.000000
709.333333 726.000000
715.333333 731.333333
721.000000 736.333333
726.666667 741.333333
732.000000 746.000000
737.333333 751.000000
742.333333 755.666667
747.000000 760.000000
750.666667 763.666667
754.000000 767.000000
756.666667 770.000000
759.000000 773.000000
760.666667 776.000000
761.666667 778.666667
762.333333 781.000000
762.666667 783.000000
763.000000 784.666667
763.000000 786.000000
763.000000 787.000000
762.666667 787.333333
762.000000 786.000000
