731.000000 314.666667
731.000000 313.333333
731.000000 311.666667
731.000000 310.000000
731.000000 308.333333
731.000000 306.666667
731.000000 305.333333
731.333333 303.666667
731.666667 302.333333
732.000000 300.666667
732.000000 299.333333
732.000000 298.000000
732.000000 296.666667
732.000000 294.666667
731.666667 292.333333
731.333333 289.666667
730.666667 287.000000
730.333333 284.000000
729.666667 281.000000
729.333333 278.000000
728.666667 274.666667
728.000000 271.333333
727.000000 268.000000
725.666667 265.000000
724.000000 261.666667
722.000000 258.000000
720.000000 254.000000
717.666667 250.000000
714.666667 246.333333
711.333333 242.666667
707.666667 239.000000
704.333333 235.000000
701.000000 231.000000
697.666667 227.000000
694.333333 223.000000
690.666667 219.000000
687.333333 215.000000
684.000000 211.000000
681.000000 207.000000
678.000000 203.000000
675.000000 199.000000
672.000000 195.000000
668.666667 190.666667
665.000000 186.000000
660.666667 181.000000
656.333333 175.666667
651.666667 170.333333
647.333333 164.666667
643.000000 159.333333
639.000000 154.333333
635.000000 149.666667
631.333333 145.333333
628.000000 141.000000
625.000000 137.000000
622.000000 133.000000
619.000000 129.333333
616.000000 126.333333
613.000000 123.666667
610.000000 121.000000
607.000000 118.333333
604.000000 116.333333
601.333333 114.666667
598.666667 113.333333
596.333333 112.000000
593.333333 111.000000
590.000000 110.000000
584.333333 109.000000
573.333333 108.666667
558.666667 109.000000
545.000000 110.000000
537.000000 111.000000
533.000000 112.000000
529.000000 113.333333
525.000000 115.000000
521.000000 116.666667
518.000000 118.333333
515.000000 120.000000
512.333333 122.000000
509.666667 124.000000
507.333333 126.000000
504.666667 128.000000
502.333333 130.000000
499.666667 132.333333
497.333333 134.666667
494.666667 137.333333
492.000000 140.000000
489.000000 143.000000
486.000000 146.000000
483.000000 149.333333
480.000000 152.666667
477.000000 156.333333
474.333333 159.666667
471.666667 163.000000
469.333333 165.666667
467.000000 168.000000
465.000000 170.333333
463.000000 172.666667
460.666667 175.000000
458.333333 177.333333
456.000000 179.666667
453.666667 182.333333
451.000000 185.000000
448.333333 188.000000
445.666667 191.000000
443.666667 194.000000
441.666667 196.666667
440.000000 199.333333
438.333333 202.000000
437.000000 205.000000
435.666667 208.000000
434.333333 211.000000
433.000000 214.333333
431.666667 217.666667
430.333333 221.333333
429.000000 224.333333
427.666667 227.666667
426.333333 230.666667
425.000000 234.000000
423.666667 237.000000
422.333333 240.333333
420.666667 244.000000
419.333333 248.000000
417.666667 252.000000
416.333333 256.000000
415.000000 260.333333
414.000000 265.000000
413.000000 270.000000
412.000000 275.333333
411.000000 280.666667
410.333333 286.333333
410.000000 292.000000
409.666667 297.666667
409.333333 303.333333
409.000000 308.666667
409.000000 314.000000
409.000000 318.666667
409.333333 323.000000
409.666667 327.333333
410.333333 331.666667
410.666667 336.333333
411.666667 341.000000
413.000000 347.666667
414.666667 354.666667
416.333333 362.000000
418.000000 368.000000
420.333333 374.333333
422.666667 380.666667
425.333333 387.333333
427.666667 393.666667
430.333333 400.000000
432.666667 405.666667
435.333333 411.333333
437.666667 416.666667
440.000000 421.666667
442.333333 426.333333
444.666667 430.666667
447.333333 435.333333
450.000000 439.666667
453.333333 444.000000
457.000000 448.000000
461.333333 452.333333
466.000000 457.000000
471.000000 462.000000
476.333333 467.333333
482.000000 473.000000
488.000000 479.000000
494.333333 485.000000
500.666667 491.333333
507.000000 498.000000
512.666667 505.000000
518.000000 511.666667
523.333333 518.333333
528.666667 524.666667
534.666667 531.666667
541.000000 538.333333
547.666667 545.333333
554.666667 552.000000
561.333333 558.333333
568.000000 564.333333
574.333333 569.333333
580.666667 574.333333
587.000000 579.000000
592.666667 583.666667
598.000000 588.333333
603.000000 593.000000
608.000000 598.333333
612.666667 604.000000
617.333333 610.000000
621.666667 616.000000
626.333333 622.333333
631.000000 629.000000
636.000000 636.000000
641.000000 643.000000
645.666667 649.666667
650.000000 655.666667
654.000000 661.333333
657.666667 666.333333
660.666667 671.000000
663.333333 674.666667
665.666667 678.000000
668.333333 681.000000
670.666667 684.333333
673.333333 687.666667
676.000000 691.333333
679.000000 695.666667
682.333333 700.666667
685.666667 706.000000
689.333333 711.333333
693.000000 716.666667
696.666667 722.000000
700.333333 727.333333
704.000000 732.666667
707.666667 738.333333
711.333333 743.666667
714.666667 749.000000
718.000000 754.000000
721.000000 758.666667
724.000000 763.000000
727.000000 767.000000
730.000000 770.666667
733.000000 774.333333
735.666667 777.666667
738.333333 781.333333
740.666667 784.666667
743.333333 787.666667
745.333333 790.000000
747.000000 792.000000
748.000000 793.666667
749.000000 795.000000
750.000000 796.000000
