581.333333 446.333333
580.666667 444.000000
579.666667 440.333333
578.333333 435.666667
577.000000 429.666667
576.000000 423.333333
575.000000 416.666667
574.000000 410.333333
573.000000 404.000000
572.000000 397.666667
570.666667 391.000000
569.333333 384.000000
567.666667 377.000000
565.333333 369.666667
562.000000 362.333333
557.666667 354.666667
552.666667 347.000000
547.333333 339.000000
542.000000 330.666667
537.000000 322.333333
532.000000 314.000000
527.333333 306.000000
522.333333 298.000000
516.666667 290.333333
510.000000 282.333333
503.333333 274.333333
497.000000 266.333333
491.000000 258.666667
484.666667 251.000000
477.333333 242.666667
469.333333 234.333333
461.000000 226.000000
453.333333 218.333333
446.333333 211.000000
440.000000 204.333333
434.000000 198.000000
427.666667 192.000000
420.666667 186.000000
413.333333 180.333333
405.666667 175.000000
398.666667 170.333333
391.666667 165.666667
385.000000 161.333333
377.333333 157.000000
369.666667 153.333333
362.000000 150.333333
355.666667 148.000000
350.000000 146.333333
345.333333 145.000000
341.000000 144.000000
335.333333 143.000000
327.000000 142.666667
316.333333 143.000000
307.333333 144.000000
301.000000 145.333333
297.000000 146.666667
293.333333 148.333333
290.000000 150.333333
286.666667 153.000000
283.000000 156.000000
278.666667 159.666667
274.000000 163.666667
268.666667 168.000000
263.333333 172.333333
258.333333 176.666667
254.000000 181.000000
249.666667 185.333333
245.666667 190.000000
241.666667 195.000000
238.333333 200.000000
235.000000 205.333333
232.000000 210.666667
229.333333 216.333333
226.333333 221.666667
223.333333 227.333333
219.666667 232.666667
216.333333 238.000000
213.000000 243.333333
210.333333 249.333333
208.000000 255.666667
206.000000 262.333333
204.666667 268.666667
204.000000 275.333333
204.000000 282.000000
204.000000 289.333333
204.333333 297.000000
205.333333 305.333333
207.000000 313.666667
209.000000 322.333333
211.000000 330.666667
212.666667 339.000000
214.333333 347.000000
216.000000 354.666667
218.000000 362.000000
220.333333 368.666667
222.666667 374.333333
225.000000 379.333333
227.000000 383.666667
229.000000 388.000000
231.000000 392.000000
233.333333 396.333333
235.666667 400.666667
237.666667 405.666667
239.666667 411.000000
241.666667 416.666667
244.000000 422.333333
246.000000 428.000000
248.333333 434.000000
251.000000 440.333333
254.000000 447.000000
257.333333 453.666667
260.666667 460.000000
264.333333 466.000000
267.666667 471.666667
271.000000 477.000000
274.000000 482.000000
277.000000 487.000000
280.000000 492.333333
283.000000 498.333333
286.000000 505.000000
289.000000 511.666667
292.333333 518.000000
295.333333 523.666667
299.000000 529.333333
303.000000 534.666667
308.000000 540.333333
312.666667 545.666667
317.333333 551.333333
321.666667 557.000000
326.333333 562.666667
330.666667 568.333333
336.000000 574.000000
342.333333 580.333333
350.000000 587.000000
357.666667 594.333333
365.000000 601.666667
372.000000 609.333333
379.000000 616.666667
387.000000 624.000000
395.666667 631.333333
404.666667 638.666667
413.333333 646.333333
421.666667 654.000000
431.666667 662.000000
442.000000 669.666667
453.000000 677.333333
464.000000 685.666667
476.000000 694.333333
488.333333 703.333333
499.666667 711.666667
510.000000 719.666667
520.000000 727.333333
530.000000 735.000000
540.000000 742.666667
549.333333 749.666667
558.000000 756.000000
565.333333 761.666667
572.333333 766.666667
579.000000 771.000000
586.000000 775.000000
593.000000 778.666667
599.666667 782.000000
605.666667 784.666667
610.666667 787.333333
615.000000 789.666667
618.666667 792.000000
622.000000 794.000000
624.333333 795.666667
626.000000 797.000000
627.333333 798.000000
628.333333 799.000000
629.333333 800.000000
631.000000 800.333333
