728.000000 341.000000
727.333333 339.333333
727.000000 337.333333
726.666667 334.666667
726.333333 331.666667
725.666667 328.000000
725.333333 324.000000
724.666667 319.666667
724.000000 315.000000
723.000000 310.000000
722.000000 305.333333
721.000000 300.666667
720.000000 296.000000
719.000000 291.333333
718.000000 287.000000
717.000000 282.666667
715.666667 278.333333
714.333333 274.000000
713.000000 269.666667
712.000000 265.333333
710.666667 261.000000
709.333333 257.000000
707.666667 252.666667
706.000000 248.333333
703.666667 243.666667
701.000000 239.333333
698.000000 234.666667
695.000000 230.333333
691.666667 226.000000
688.000000 221.666667
684.000000 217.333333
680.000000 213.000000
675.666667 209.000000
671.333333 205.000000
666.333333 200.666667
661.333333 196.666667
655.666667 192.666667
650.333333 189.000000
645.000000 185.000000
640.000000 181.333333
635.000000 177.666667
630.000000 174.333333
624.666667 170.666667
619.000000 167.666667
613.000000 164.666667
607.000000 162.000000
601.000000 159.333333
595.000000 157.000000
589.333333 155.000000
584.000000 153.333333
578.666667 151.666667
573.000000 150.333333
567.333333 149.000000
561.666667 148.000000
556.000000 146.666667
550.333333 145.333333
544.666667 144.000000
537.000000 143.000000
521.000000 142.666667
503.333333 143.000000
488.000000 144.000000
480.000000 145.000000
474.666667 146.000000
467.000000 147.000000
459.333333 148.000000
451.666667 149.000000
445.666667 150.000000
441.333333 151.333333
437.000000 152.666667
434.000000 154.000000
431.333333 155.333333
428.666667 157.000000
425.666667 158.666667
422.333333 160.333333
419.000000 162.333333
415.666667 164.666667
412.333333 167.333333
408.666667 170.333333
405.000000 174.333333
401.333333 178.666667
398.000000 183.000000
395.333333 187.333333
393.000000 191.666667
391.000000 196.000000
389.000000 200.333333
387.333333 205.333333
386.000000 210.666667
385.000000 216.333333
384.000000 222.000000
383.333333 228.000000
383.000000 234.000000
383.000000 240.333333
383.000000 246.333333
383.000000 252.333333
383.333333 257.666667
384.000000 263.333333
385.000000 269.000000
386.000000 274.666667
387.000000 280.333333
388.000000 286.000000
389.333333 292.000000
391.000000 298.333333
393.333333 305.000000
396.000000 312.333333
399.000000 320.000000
402.333333 328.333333
406.333333 337.333333
410.666667 347.000000
415.000000 357.000000
419.000000 367.000000
423.000000 376.666667
426.666667 386.000000
430.333333 394.666667
433.666667 403.000000
437.333333 411.000000
441.000000 418.666667
445.333333 426.000000
450.000000 433.333333
455.333333 441.000000
461.000000 449.000000
467.000000 457.333333
473.000000 466.000000
479.000000 474.666667
485.666667 483.333333
492.666667 491.666667
500.666667 500.333333
508.333333 508.666667
516.333333 517.333333
525.000000 526.333333
534.666667 536.333333
545.000000 546.666667
555.000000 557.333333
565.333333 567.666667
576.333333 578.000000
587.666667 588.000000
598.666667 597.666667
609.333333 607.000000
619.666667 616.000000
630.333333 624.666667
640.666667 633.000000
650.666667 641.000000
660.000000 649.000000
669.333333 657.000000
678.333333 664.666667
687.000000 671.666667
695.000000 678.333333
702.333333 684.666667
708.666667 690.666667
714.333333 696.000000
719.666667 701.000000
724.666667 705.666667
729.333333 710.000000
733.666667 714.000000
738.333333 718.333333
742.666667 723.000000
747.000000 728.333333
751.000000 734.000000
755.000000 740.000000
758.666667 746.000000
762.000000 751.666667
764.666667 756.666667
767.000000 761.000000
768.666667 764.333333
770.000000 767.000000
771.000000 768.666667
771.666667 770.000000
772.333333 771.000000
