721.333333 373.000000
720.666667 370.000000
720.000000 367.000000
719.333333 364.000000
718.666667 361.000000
718.333333 358.333333
717.666667 356.000000
717.333333 353.666667
716.666667 351.333333
716.333333 348.666667
715.666667 346.333333
715.000000 343.666667
714.000000 340.666667
712.666667 337.333333
711.333333 333.666667
709.666667 330.333333
708.000000 326.666667
705.666667 323.000000
703.333333 319.000000
701.000000 315.333333
698.666667 311.666667
696.333333 308.000000
693.666667 304.333333
691.333333 301.000000
688.666667 297.666667
686.000000 294.000000
683.000000 290.333333
680.333333 287.000000
677.666667 283.666667
675.000000 280.000000
672.333333 276.333333
670.000000 273.000000
668.000000 269.666667
666.000000 266.666667
663.666667 263.666667
661.000000 261.000000
658.333333 258.333333
655.333333 255.333333
652.000000 252.333333
648.000000 249.333333
644.000000 246.666667
640.333333 244.333333
636.666667 241.666667
633.333333 239.000000
629.666667 236.333333
626.333333 233.666667
622.666667 231.000000
618.666667 228.000000
614.333333 225.000000
609.333333 221.666667
604.333333 218.333333
599.000000 215.000000
594.000000 212.000000
589.000000 209.000000
584.000000 206.000000
579.333333 203.333333
574.333333 201.000000
569.333333 198.666667
564.000000 196.333333
558.666667 194.000000
553.333333 192.000000
548.000000 189.666667
543.000000 187.333333
538.000000 185.000000
533.333333 183.000000
528.666667 181.000000
524.333333 179.000000
519.666667 177.000000
515.333333 175.000000
510.666667 173.333333
506.000000 172.000000
501.333333 171.000000
496.666667 170.000000
492.333333 169.000000
488.000000 168.000000
483.000000 167.000000
476.666667 166.000000
469.000000 165.000000
459.666667 164.666667
452.000000 165.000000
445.666667 166.333333
442.333333 167.666667
438.666667 169.666667
435.333333 171.666667
432.333333 174.000000
429.666667 176.000000
427.333333 178.333333
424.666667 180.666667
422.333333 183.000000
420.000000 185.333333
417.666667 187.666667
415.333333 190.333333
412.666667 193.000000
410.333333 196.000000
408.000000 199.333333
406.000000 203.000000
404.333333 207.000000
402.666667 210.666667
401.333333 214.000000
400.000000 217.000000
399.000000 220.000000
398.333333 223.000000
397.666667 226.000000
397.333333 229.333333
397.000000 232.666667
397.000000 236.333333
397.333333 240.000000
398.000000 244.000000
398.666667 248.000000
399.333333 252.000000
400.000000 256.000000
400.666667 259.666667
401.333333 263.333333
401.666667 267.000000
402.333333 270.666667
403.000000 274.000000
404.000000 277.333333
405.000000 280.666667
406.000000 284.333333
407.333333 288.000000
408.666667 292.333333
410.333333 297.000000
411.666667 301.666667
413.000000 306.000000
414.000000 310.000000
415.000000 314.333333
415.666667 318.333333
416.333333 322.333333
417.000000 325.666667
418.000000 329.000000
418.666667 332.333333
419.333333 336.000000
420.000000 340.333333
421.000000 345.333333
422.000000 350.666667
423.333333 356.333333
424.333333 361.666667
425.666667 367.333333
426.666667 372.333333
428.000000 377.333333
429.333333 381.666667
430.666667 386.000000
432.333333 390.000000
434.000000 394.000000
436.000000 398.000000
438.333333 401.666667
441.333333 405.333333
445.000000 409.000000
449.333333 413.333333
454.000000 418.000000
458.666667 422.666667
463.000000 426.666667
467.000000 430.333333
471.000000 434.000000
475.000000 438.000000
479.000000 442.000000
483.000000 446.000000
487.000000 450.000000
491.333333 454.000000
495.666667 458.000000
500.333333 462.000000
505.000000 466.000000
510.000000 470.000000
514.666667 474.000000
519.333333 477.666667
524.000000 481.333333
529.333333 484.666667
534.666667 488.000000
540.333333 491.333333
546.000000 495.000000
552.000000 499.000000
557.666667 503.333333
563.000000 507.666667
568.000000 512.333333
573.000000 516.666667
578.333333 521.333333
583.666667 526.000000
589.000000 531.000000
594.000000 535.666667
599.000000 540.000000
604.000000 544.333333
609.000000 549.000000
613.666667 554.000000
618.000000 558.666667
622.000000 563.333333
626.333333 568.000000
631.000000 573.000000
636.000000 578.333333
640.666667 583.666667
645.333333 589.666667
649.666667 595.333333
654.333333 601.333333
658.666667 607.000000
663.000000 612.666667
667.000000 618.000000
670.666667 623.000000
674.333333 628.000000
678.333333 633.333333
683.000000 639.000000
688.333333 645.000000
694.000000 651.666667
699.666667 658.666667
705.000000 666.000000
710.000000 673.333333
714.666667 680.666667
719.333333 687.666667
723.666667 694.000000
728.333333 700.000000
733.000000 705.666667
738.000000 710.666667
743.000000 715.333333
747.666667 719.333333
752.000000 723.333333
756.000000 726.333333
759.333333 729.333333
762.333333 731.666667
764.666667 734.000000
767.000000 736.000000
768.666667 737.666667
770.000000 739.000000
770.666667 740.000000
771.333333 741.000000
772.000000 742.000000
773.000000 743.000000
