754.000000 364.000000
755.333333 363.000000
756.000000 362.000000
757.000000 360.666667
757.666667 359.333333
758.333333 357.666667
758.666667 356.000000
759.000000 354.000000
759.333333 351.666667
759.666667 349.333333
760.000000 346.666667
760.000000 344.000000
760.000000 341.000000
760.000000 338.000000
760.000000 334.333333
760.000000 330.333333
760.000000 326.000000
759.666667 321.666667
759.333333 317.000000
758.666667 312.333333
758.333333 307.333333
757.666667 302.666667
756.666667 298.000000
755.000000 293.666667
753.000000 289.000000
750.666667 284.000000
748.000000 279.333333
745.000000 275.000000
742.000000 271.000000
739.000000 267.333333
736.000000 263.666667
733.333333 260.333333
730.666667 256.666667
728.333333 253.666667
726.000000 250.666667
724.000000 248.000000
721.666667 244.666667
719.333333 241.333333
716.666667 238.000000
714.333333 234.666667
711.333333 231.000000
707.333333 227.000000
702.333333 223.000000
697.000000 219.333333
692.333333 216.000000
688.000000 213.000000
684.000000 210.000000
680.333333 207.000000
677.000000 204.333333
674.000000 202.000000
671.333333 199.666667
668.666667 197.666667
665.666667 195.666667
661.666667 194.000000
657.000000 192.333333
652.000000 191.000000
647.333333 190.000000
636.666667 189.666667
625.000000 190.000000
611.666667 191.000000
603.000000 192.000000
595.666667 193.000000
590.000000 194.000000
586.000000 195.333333
582.000000 196.666667
577.666667 198.666667
573.000000 201.000000
567.000000 204.000000
560.666667 207.333333
554.000000 211.000000
548.000000 215.000000
542.333333 218.666667
537.000000 222.333333
532.000000 226.000000
527.333333 230.000000
522.666667 233.666667
517.666667 237.333333
512.000000 240.333333
506.333333 243.333333
501.000000 246.000000
496.333333 249.333333
492.000000 253.000000
488.000000 257.666667
484.000000 262.666667
480.333333 268.666667
477.333333 274.000000
475.000000 279.333333
473.333333 283.666667
471.666667 288.000000
470.333333 292.000000
469.000000 296.000000
468.333333 300.333333
467.666667 304.666667
467.333333 309.000000
467.000000 313.333333
467.000000 318.000000
467.000000 323.000000
467.000000 327.666667
467.000000 332.000000
467.333333 336.333333
467.666667 341.000000
468.000000 346.000000
468.333333 351.666667
469.000000 358.333333
470.000000 365.666667
471.000000 373.333333
472.333333 381.333333
474.000000 390.333333
476.000000 400.000000
477.666667 409.333333
479.333333 418.000000
481.000000 426.000000
483.000000 433.666667
485.000000 440.333333
487.000000 446.333333
489.666667 452.000000
492.666667 457.666667
496.333333 463.333333
500.000000 468.666667
504.000000 473.666667
508.333333 478.333333
512.666667 483.000000
517.000000 488.666667
521.000000 494.333333
524.666667 500.333333
528.000000 506.333333
531.000000 512.333333
534.000000 518.000000
537.000000 522.666667
540.333333 527.000000
544.000000 531.000000
548.666667 535.000000
553.666667 539.333333
559.333333 544.000000
565.000000 549.333333
571.666667 555.333333
579.000000 562.000000
587.000000 568.666667
594.666667 575.000000
601.666667 580.666667
608.000000 586.666667
613.666667 592.666667
619.000000 599.333333
624.333333 606.000000
629.666667 612.333333
635.666667 618.333333
641.666667 623.666667
648.000000 629.000000
654.000000 634.000000
659.666667 639.000000
665.333333 644.000000
670.333333 648.666667
675.333333 653.000000
680.000000 656.666667
684.333333 660.000000
688.333333 663.000000
692.000000 665.666667
695.666667 667.666667
699.000000 669.333333
702.000000 671.333333
705.000000 674.000000
708.333333 677.000000
712.000000 680.666667
715.666667 685.333333
719.333333 690.666667
723.000000 696.333333
727.000000 701.666667
731.000000 707.000000
734.666667 711.666667
738.333333 716.000000
742.333333 720.333333
746.666667 724.333333
751.000000 728.333333
755.000000 731.333333
758.666667 734.333333
762.000000 737.000000
765.000000 740.000000
767.666667 743.000000
770.333333 746.000000
773.000000 749.000000
776.000000 751.666667
778.333333 754.000000
780.000000 756.000000
781.000000 757.666667
782.000000 759.000000
782.666667 760.000000
783.333333 761.000000
784.000000 762.000000
784.666667 760.333333
