848.666667 352.000000
850.333333 348.333333
852.000000 344.000000
854.000000 338.000000
856.000000 330.333333
858.666667 321.333333
862.000000 311.666667
866.666667 301.000000
872.666667 289.000000
880.333333 276.666667
889.333333 263.666667
899.666667 250.000000
911.333333 236.333333
924.000000 223.333333
937.666667 210.666667
952.000000 197.333333
967.000000 184.666667
982.333333 173.666667
998.000000 164.000000
1014.000000 155.333333
1030.000000 147.000000
1046.333333 139.666667
1062.333333 133.333333
1077.666667 128.333333
1092.666667 124.333333
1107.333333 121.666667
1127.000000 120.666667
1146.000000 121.666667
1164.333333 124.333333
1176.666667 128.666667
1188.000000 134.000000
1198.666667 140.333333
1208.666667 147.666667
1218.000000 156.333333
1226.666667 166.333333
1234.333333 177.000000
1240.333333 188.666667
1244.666667 201.333333
1247.666667 215.333333
1249.666667 230.000000
1250.666667 245.333333
1250.666667 261.333333
1250.000000 278.333333
1248.333333 295.666667
1245.666667 313.333333
1241.666667 330.666667
1236.666667 348.000000
1230.666667 365.000000
1223.666667 382.000000
1216.333333 399.333333
1208.666667 417.000000
1200.666667 434.666667
1192.000000 451.666667
1182.666667 468.333333
1173.000000 484.666667
1162.333333 501.000000
1151.000000 517.666667
1139.000000 534.333333
1126.666667 551.333333
1114.000000 567.666667
1100.666667 583.666667
1087.333333 598.666667
1073.333333 613.000000
1059.000000 626.666667
1044.333333 640.000000
1029.333333 652.666667
1014.000000 665.000000
998.666667 676.666667
983.666667 688.333333
969.000000 699.666667
954.333333 710.666667
940.333333 721.333333
927.333333 731.333333
915.666667 741.000000
905.000000 749.666667
895.333333 757.333333
886.666667 763.333333
879.666667 768.000000
874.000000 771.333333
869.666667 774.000000
866.333333 775.666667
863.666667 776.333333
861.666667 775.666667
860.333333 774.333333
860.000000 772.666667
860.000000 771.333333
859.666667 769.666667
859.333333 767.666667
859.000000 765.333333
