715.000000 393.333333
715.000000 390.666667
714.666667 388.000000
714.000000 384.666667
713.000000 381.333333
712.333333 377.666667
711.333333 374.000000
710.333333 370.000000
709.000000 366.000000
708.000000 362.000000
707.000000 358.000000
705.666667 354.000000
704.333333 350.000000
702.666667 346.000000
701.000000 342.333333
699.000000 338.666667
697.000000 334.666667
694.666667 330.333333
692.333333 326.000000
689.666667 322.000000
687.333333 318.000000
684.666667 314.000000
682.000000 310.000000
679.000000 305.666667
676.333333 301.333333
673.333333 297.333333
670.333333 293.666667
666.666667 289.666667
662.666667 285.333333
658.000000 280.666667
653.333333 276.333333
648.666667 272.000000
644.333333 268.000000
640.000000 264.000000
636.000000 260.333333
632.000000 257.000000
628.000000 253.666667
623.666667 250.333333
619.333333 247.333333
614.666667 244.666667
610.000000 242.333333
605.000000 240.000000
600.333333 238.333333
596.000000 236.666667
592.000000 235.000000
588.000000 233.333333
584.000000 231.666667
580.000000 230.000000
576.333333 228.333333
572.333333 226.666667
568.000000 225.000000
563.333333 223.000000
558.666667 221.333333
554.000000 219.666667
549.000000 218.333333
544.000000 217.000000
539.333333 216.000000
529.666667 215.000000
520.666667 214.666667
509.000000 215.000000
503.333333 216.000000
498.333333 217.333333
496.666667 218.666667
495.000000 220.666667
493.000000 223.000000
491.000000 226.000000
489.333333 229.000000
487.666667 231.666667
486.333333 234.333333
485.000000 237.000000
483.666667 240.000000
482.333333 242.666667
481.000000 245.000000
480.000000 247.000000
479.000000 249.333333
478.000000 252.000000
477.000000 254.666667
476.333333 257.666667
475.666667 260.666667
475.333333 264.000000
474.666667 267.000000
474.333333 270.333333
473.666667 274.000000
473.333333 277.666667
473.000000 281.000000
472.666667 284.333333
472.333333 288.000000
471.666667 292.000000
471.333333 296.000000
470.666667 300.000000
470.333333 304.333333
469.666667 308.666667
469.000000 313.333333
468.333333 318.333333
467.666667 323.666667
467.333333 329.333333
467.000000 334.666667
467.000000 340.333333
467.000000 346.000000
467.000000 352.333333
467.000000 358.333333
467.333333 364.666667
467.666667 370.333333
468.333333 376.333333
469.000000 382.000000
470.000000 388.000000
471.000000 394.000000
472.333333 400.000000
474.000000 406.000000
476.000000 412.000000
477.666667 418.000000
479.333333 424.000000
481.000000 430.000000
482.666667 436.333333
484.333333 442.666667
486.000000 449.333333
488.000000 455.666667
490.000000 462.333333
492.000000 469.000000
494.333333 476.000000
497.000000 482.666667
500.333333 489.000000
504.000000 495.333333
507.666667 501.333333
511.333333 507.000000
514.666667 512.000000
518.000000 517.000000
521.333333 522.000000
525.000000 527.000000
528.666667 532.000000
532.333333 537.000000
535.666667 542.000000
539.666667 547.000000
543.666667 552.333333
548.000000 557.666667
552.333333 563.000000
557.000000 568.333333
561.666667 574.000000
566.666667 580.000000
571.666667 586.000000
577.000000 592.000000
582.000000 598.000000
587.333333 604.000000
593.000000 609.666667
599.000000 615.333333
605.000000 620.666667
610.666667 626.000000
616.333333 631.333333
622.000000 636.666667
628.000000 642.333333
634.333333 648.000000
640.666667 653.666667
646.666667 659.000000
652.333333 664.000000
657.666667 669.000000
663.000000 673.666667
668.000000 678.333333
673.000000 683.000000
678.000000 688.000000
683.000000 693.000000
688.000000 698.000000
693.000000 703.000000
697.666667 707.666667
702.333333 712.333333
706.333333 717.000000
710.333333 721.666667
714.000000 726.333333
717.666667 730.666667
721.000000 735.333333
723.666667 739.666667
726.000000 744.000000
728.000000 748.000000
729.666667 752.000000
731.333333 755.666667
732.666667 759.000000
734.000000 762.000000
735.000000 765.000000
735.666667 768.000000
736.333333 770.666667
736.666667 773.333333
737.000000 775.666667
737.000000 778.000000
737.000000 779.666667
737.000000 781.000000
737.000000 782.000000
737.000000 783.000000
