763.666667 357.000000
764.333333 356.000000
764.666667 354.666667
765.000000 353.000000
765.000000 351.000000
765.000000 349.000000
765.000000 347.000000
765.000000 344.666667
765.000000 342.333333
765.000000 340.000000
765.000000 337.666667
765.000000 335.333333
765.000000 332.666667
765.000000 330.333333
764.666667 327.666667
764.333333 325.000000
764.000000 321.666667
763.666667 318.333333
763.333333 314.666667
762.666667 311.000000
762.000000 306.666667
761.000000 302.333333
759.666667 297.666667
758.000000 292.666667
756.000000 287.333333
754.000000 282.000000
751.666667 277.000000
749.000000 272.000000
746.000000 267.333333
742.666667 262.666667
739.333333 258.000000
735.666667 253.000000
732.333333 248.333333
729.000000 244.000000
726.333333 240.000000
723.666667 236.000000
721.000000 232.000000
718.333333 228.333333
715.666667 224.666667
713.000000 221.333333
710.333333 217.666667
707.666667 214.333333
705.000000 210.666667
702.333333 207.333333
699.666667 204.000000
697.000000 201.000000
694.000000 198.000000
691.000000 195.000000
688.000000 192.000000
685.000000 189.333333
682.333333 186.666667
679.666667 184.000000
677.333333 181.333333
674.666667 178.666667
672.000000 176.000000
669.000000 173.000000
666.000000 170.000000
662.666667 167.000000
659.333333 164.333333
655.333333 161.666667
651.333333 159.000000
646.666667 156.333333
642.333333 153.666667
637.666667 151.333333
633.000000 149.000000
628.333333 147.000000
623.666667 145.000000
619.000000 143.000000
614.000000 141.000000
609.000000 139.333333
604.000000 138.000000
599.333333 136.666667
594.666667 135.333333
590.333333 134.000000
585.666667 133.000000
581.333333 132.000000
576.666667 131.000000
572.000000 130.000000
567.000000 129.000000
560.333333 128.000000
554.000000 127.000000
548.000000 126.000000
544.000000 125.000000
536.000000 124.666667
528.333333 125.000000
520.333333 126.333333
516.333333 128.000000
512.000000 130.000000
508.000000 132.333333
504.333333 134.666667
500.666667 137.000000
497.666667 139.000000
494.666667 141.000000
492.333333 143.000000
489.666667 144.666667
487.333333 146.333333
484.666667 147.666667
482.333333 149.000000
480.000000 150.000000
478.000000 151.333333
475.666667 152.666667
473.666667 154.000000
471.666667 155.000000
470.000000 156.000000
468.000000 157.000000
465.666667 158.000000
463.333333 159.000000
460.666667 160.000000
458.333333 161.000000
455.666667 162.333333
453.333333 164.000000
450.333333 166.666667
447.333333 170.000000
444.333333 174.333333
441.666667 179.000000
439.333333 183.666667
437.000000 188.333333
435.333333 193.000000
433.666667 197.666667
432.333333 202.000000
431.333333 206.000000
430.666667 210.000000
430.333333 214.333333
429.666667 219.000000
429.333333 224.333333
429.000000 230.000000
429.000000 236.666667
429.000000 244.333333
428.666667 252.666667
428.333333 261.333333
428.000000 269.666667
427.666667 277.666667
427.333333 285.000000
427.000000 291.333333
427.000000 296.666667
427.000000 301.000000
427.000000 304.666667
427.333333 308.000000
427.666667 311.000000
428.333333 314.333333
429.000000 318.000000
430.000000 322.000000
431.333333 326.666667
432.666667 331.333333
434.333333 336.666667
435.666667 341.666667
437.333333 347.000000
439.000000 352.333333
441.333333 357.333333
443.666667 362.333333
446.666667 367.000000
449.666667 371.666667
453.333333 376.000000
457.333333 380.333333
461.666667 384.666667
466.333333 389.333333
470.666667 394.333333
477.333333 402.000000
484.333333 410.333333
492.000000 419.333333
498.333333 427.000000
505.000000 435.333333
512.000000 444.333333
519.333333 454.000000
526.666667 463.666667
534.666667 473.000000
543.333333 482.333333
552.333333 492.000000
561.666667 501.666667
571.000000 511.333333
581.333333 521.000000
592.000000 530.666667
603.000000 540.666667
614.000000 550.666667
625.000000 561.000000
636.000000 571.000000
646.666667 581.333333
656.666667 591.666667
666.666667 602.000000
676.666667 612.333333
687.000000 622.666667
696.666667 632.666667
706.333333 642.333333
716.000000 651.666667
726.000000 660.666667
735.666667 668.666667
745.000000 676.000000
753.666667 682.666667
762.000000 688.666667
769.666667 694.333333
777.000000 699.666667
783.666667 705.000000
790.000000 710.000000
795.666667 715.000000
800.666667 719.666667
805.333333 724.333333
809.333333 728.333333
812.666667 732.000000
815.000000 734.666667
816.666667 736.666667
818.000000 738.333333
819.000000 739.666667
820.000000 741.000000
820.666667 742.000000
821.000000 743.000000
821.000000 744.000000
821.333333 743.666667
