834.000000 405.666667
835.000000 402.333333
835.666667 399.000000
836.333333 396.000000
837.333333 392.333333
839.000000 388.000000
841.333333 382.666667
844.000000 376.666667
847.000000 370.000000
850.000000 363.333333
852.333333 357.333333
854.666667 351.666667
856.333333 346.000000
858.333333 339.666667
859.666667 333.333333
861.000000 327.000000
862.000000 321.000000
863.333333 315.000000
864.666667 309.000000
866.000000 303.333333
867.666667 297.666667
870.000000 292.333333
873.000000 286.333333
876.333333 280.333333
880.000000 274.333333
883.666667 269.333333
887.666667 264.333333
891.666667 259.333333
895.666667 254.333333
899.333333 250.000000
903.333333 246.000000
907.666667 242.000000
912.666667 238.333333
918.333333 235.000000
925.000000 231.333333
931.666667 227.000000
938.000000 222.333333
943.666667 218.000000
949.333333 214.333333
955.000000 210.666667
961.000000 207.666667
967.333333 205.000000
973.666667 203.333333
980.000000 201.666667
986.000000 200.333333
992.000000 199.000000
998.000000 197.666667
1004.000000 196.000000
1010.333333 194.000000
1017.000000 192.000000
1024.000000 190.000000
1030.666667 188.333333
1037.000000 187.000000
1042.666667 186.000000
1048.000000 185.000000
1055.333333 184.000000
1072.000000 183.666667
1088.333333 184.000000
1102.666667 185.333333
1107.666667 186.666667
1113.000000 188.333333
1118.333333 190.000000
1124.000000 192.000000
1129.666667 194.000000
1135.000000 196.333333
1139.666667 199.000000
1144.000000 202.666667
1148.333333 206.666667
1153.000000 211.666667
1157.666667 216.666667
1162.333333 222.000000
1167.000000 227.000000
1172.000000 232.000000
1177.000000 237.000000
1181.666667 242.000000
1186.000000 247.333333
1190.000000 253.000000
1193.666667 259.000000
1196.666667 265.000000
1199.333333 270.666667
1201.666667 276.333333
1204.000000 282.000000
1206.000000 288.000000
1208.000000 294.333333
1209.666667 300.666667
1211.333333 307.333333
1212.666667 313.666667
1214.000000 320.000000
1215.000000 326.000000
1216.000000 331.666667
1216.666667 337.000000
1217.000000 342.000000
1217.333333 347.000000
1217.666667 351.666667
1217.666667 356.333333
1217.333333 360.666667
1216.666667 365.333333
1216.000000 369.666667
1215.000000 374.333333
1214.000000 378.666667
1213.000000 383.000000
1212.000000 386.666667
1211.000000 390.333333
1210.000000 394.000000
1209.000000 397.666667
1208.000000 401.333333
1206.666667 405.333333
1205.000000 410.000000
1203.333333 414.666667
1201.666667 419.000000
1200.333333 423.333333
1198.333333 428.000000
1196.000000 433.000000
1193.000000 438.333333
1189.666667 443.666667
1186.000000 449.666667
1182.000000 455.333333
1177.666667 461.333333
1173.333333 467.000000
1168.666667 472.666667
1164.333333 478.000000
1160.000000 483.000000
1156.000000 488.666667
1151.666667 494.666667
1146.666667 501.000000
1141.000000 507.333333
1135.333333 513.666667
1129.666667 519.666667
1124.000000 525.333333
1118.000000 531.333333
1112.333333 538.000000
1106.666667 545.000000
1101.000000 552.000000
1095.000000 559.000000
1089.000000 566.000000
1083.000000 572.666667
1077.000000 579.000000
1071.333333 585.666667
1066.000000 592.666667
1060.666667 600.000000
1055.333333 607.333333
1050.000000 614.666667
1044.666667 622.000000
1038.666667 629.000000
1032.333333 636.666667
1026.000000 644.666667
1020.333333 652.666667
1015.000000 660.000000
1010.333333 666.666667
1005.666667 673.333333
1001.000000 679.666667
995.666667 686.333333
990.000000 693.333333
984.000000 700.666667
978.333333 707.666667
972.666667 714.333333
967.333333 721.000000
961.666667 728.333333
956.000000 735.666667
950.000000 743.333333
944.000000 751.000000
938.000000 758.333333
932.000000 765.000000
926.333333 771.000000
921.000000 777.000000
916.333333 783.333333
911.666667 789.666667
907.333333 796.333333
903.000000 802.333333
899.000000 808.333333
895.333333 813.333333
891.666667 818.000000
888.000000 822.000000
884.333333 826.000000
881.333333 829.666667
879.000000 832.666667
877.000000 835.000000
875.333333 837.000000
873.666667 838.666667
872.333333 840.333333
871.000000 842.000000
870.333333 843.666667
869.666667 845.000000
869.333333 846.000000
869.000000 847.000000
869.000000 848.000000
