569.000000 426.000000
568.666667 422.666667
568.333333 419.000000
568.000000 415.333333
567.666667 411.333333
567.333333 407.333333
567.000000 403.000000
566.666667 398.666667
566.333333 394.000000
566.000000 389.000000
565.666667 384.000000
565.333333 379.000000
564.666667 373.666667
564.333333 368.333333
563.666667 362.666667
563.000000 357.000000
561.666667 351.333333
560.000000 345.666667
558.000000 339.666667
555.666667 333.333333
553.000000 326.666667
550.000000 320.333333
547.000000 313.666667
544.000000 307.333333
541.000000 300.666667
538.333333 294.333333
535.666667 287.666667
533.000000 281.000000
530.333333 274.333333
527.666667 268.000000
525.000000 262.000000
522.333333 256.000000
519.333333 250.000000
515.666667 244.333333
511.000000 239.000000
506.000000 234.000000
501.000000 229.000000
496.333333 224.333333
492.000000 220.000000
488.000000 216.000000
484.333333 212.333333
480.666667 208.666667
476.666667 205.000000
471.333333 201.333333
465.333333 197.666667
459.000000 194.666667
453.333333 191.666667
447.666667 189.333333
442.333333 187.000000
437.333333 185.000000
432.666667 183.000000
428.000000 181.333333
422.333333 180.000000
416.000000 179.000000
409.333333 178.000000
395.333333 177.666667
381.000000 178.000000
367.000000 179.000000
359.000000 180.000000
352.333333 181.333333
345.666667 182.666667
341.666667 184.333333
337.333333 186.000000
333.333333 188.000000
329.333333 190.000000
325.333333 192.333333
320.666667 195.000000
315.666667 198.000000
311.000000 201.333333
306.666667 205.333333
302.333333 210.000000
298.000000 215.333333
294.333333 221.000000
291.000000 227.000000
288.000000 232.666667
285.333333 238.333333
283.000000 244.000000
281.000000 250.000000
279.000000 256.000000
277.333333 262.333333
275.666667 268.666667
274.333333 275.333333
273.333333 282.000000
272.333333 289.333333
271.000000 297.333333
269.333333 306.000000
268.000000 314.333333
267.000000 322.333333
266.000000 330.000000
265.333333 338.333333
264.666667 347.000000
264.333333 355.333333
264.000000 363.333333
264.000000 370.666667
264.333333 377.666667
264.666667 384.333333
265.333333 390.666667
266.000000 397.333333
267.333333 403.333333
268.666667 409.333333
270.333333 415.000000
272.333333 420.666667
274.666667 426.000000
277.000000 431.333333
279.000000 437.000000
281.333333 443.000000
284.333333 449.666667
287.666667 456.666667
291.666667 464.000000
295.666667 471.000000
300.666667 477.666667
305.666667 484.333333
311.333333 490.666667
316.666667 497.333333
323.333333 506.000000
329.333333 514.666667
335.000000 523.000000
339.666667 529.000000
344.666667 534.666667
350.333333 540.333333
356.333333 546.000000
362.666667 552.000000
369.000000 558.333333
375.000000 564.666667
381.666667 571.333333
388.333333 577.666667
395.666667 584.666667
402.666667 591.666667
409.666667 599.333333
416.000000 606.666667
421.666667 613.666667
427.000000 620.000000
432.666667 626.333333
438.666667 632.333333
445.000000 638.333333
451.333333 643.666667
457.666667 649.000000
463.666667 653.666667
469.000000 658.666667
474.666667 663.666667
481.000000 669.666667
488.666667 675.666667
496.333333 682.000000
504.000000 688.333333
510.666667 695.000000
517.000000 701.666667
523.000000 708.333333
529.333333 714.666667
536.333333 721.000000
543.666667 727.000000
550.666667 733.000000
557.000000 738.666667
562.666667 744.000000
567.666667 748.666667
572.333333 753.000000
577.000000 757.000000
582.000000 760.666667
586.666667 764.000000
591.666667 767.000000
596.666667 769.666667
601.666667 772.000000
606.000000 773.666667
609.666667 775.333333
612.666667 776.666667
615.333333 778.000000
617.666667 779.000000
