922.000000 346.000000
922.000000 344.666667
860.000000 342.666667
798.000000 339.666667
735.333333 336.000000
734.666667 332.000000
733.333333 327.333333
732.333333 322.333333
731.000000 317.000000
730.000000 312.000000
729.000000 307.333333
728.000000 302.666667
727.000000 298.333333
726.000000 293.666667
724.666667 289.000000
723.000000 284.000000
721.000000 278.666667
719.000000 273.333333
717.000000 267.666667
715.000000 262.333333
713.000000 257.333333
711.000000 253.000000
709.333333 249.000000
707.666667 245.000000
706.000000 241.666667
704.000000 238.333333
702.000000 235.333333
700.000000 232.000000
697.666667 229.000000
695.000000 225.666667
692.000000 222.333333
689.000000 218.666667
686.000000 215.000000
683.000000 211.333333
680.000000 207.666667
677.000000 204.333333
673.666667 201.000000
670.000000 198.000000
666.000000 194.666667
662.000000 191.333333
658.000000 188.000000
654.000000 185.000000
650.000000 182.000000
645.666667 179.000000
641.666667 176.000000
637.666667 173.000000
634.000000 170.333333
630.000000 168.000000
626.333333 166.000000
622.666667 164.000000
618.000000 162.333333
611.666667 161.000000
601.000000 160.000000
591.333333 159.000000
580.333333 158.000000
573.666667 157.000000
565.666667 156.000000
554.000000 155.666667
541.666667 156.000000
531.000000 157.000000
526.000000 158.000000
522.000000 159.333333
518.000000 160.666667
514.666667 162.333333
511.000000 163.666667
507.333333 165.333333
503.666667 167.000000
500.333333 169.000000
497.000000 171.000000
494.000000 173.333333
491.000000 175.666667
488.333333 178.333333
485.666667 180.666667
483.333333 183.666667
480.666667 186.666667
478.333333 190.333333
475.666667 194.000000
473.333333 198.000000
470.666667 202.333333
468.333333 207.000000
465.666667 212.333333
463.000000 217.333333
460.000000 222.666667
457.333333 227.666667
454.666667 232.666667
452.333333 237.000000
450.000000 240.666667
448.000000 244.000000
446.333333 246.666667
444.666667 249.333333
443.333333 252.000000
441.666667 255.000000
440.333333 258.333333
439.000000 262.000000
438.000000 266.333333
437.333333 271.000000
436.666667 276.333333
436.333333 281.666667
436.000000 286.666667
436.000000 291.000000
436.000000 295.000000
436.000000 299.000000
436.000000 303.000000
436.000000 306.666667
436.000000 310.333333
436.333333 313.666667
436.333333 317.333333
436.333333 320.666667
436.000000 324.333333
436.333333 328.000000
436.666667 332.000000
437.000000 336.333333
437.000000 341.000000
437.000000 346.000000
437.000000 350.666667
437.333333 355.333333
437.666667 359.666667
438.000000 364.000000
438.000000 368.000000
438.333333 372.333333
438.666667 376.666667
439.000000 381.000000
439.333333 385.000000
439.666667 389.000000
440.333333 392.666667
441.000000 396.666667
442.000000 400.666667
443.000000 405.333333
444.666667 410.000000
447.000000 415.000000
450.000000 420.333333
453.666667 426.000000
458.000000 432.333333
463.333333 439.000000
469.000000 446.333333
475.000000 453.666667
481.000000 461.000000
487.333333 468.000000
494.333333 474.666667
501.666667 481.666667
509.333333 489.333333
516.666667 497.666667
524.333333 506.666667
532.000000 515.666667
540.333333 525.333333
548.666667 534.666667
556.666667 544.333333
564.333333 553.666667
571.666667 562.666667
579.333333 571.000000
586.666667 579.000000
594.333333 587.000000
602.000000 595.333333
610.000000 604.333333
617.666667 613.666667
625.333333 623.333333
633.000000 633.000000
640.666667 643.000000
648.000000 652.333333
654.666667 661.000000
661.333333 668.666667
667.666667 676.000000
674.333333 682.666667
681.333333 689.333333
688.666667 696.000000
696.000000 702.666667
702.666667 709.333333
709.333333 716.333333
715.666667 724.000000
722.000000 732.000000
728.000000 740.000000
734.000000 748.000000
739.666667 755.666667
744.666667 762.666667
749.333333 768.666667
753.666667 774.000000
758.000000 779.000000
761.666667 783.666667
765.000000 788.333333
768.000000 792.666667
771.000000 796.666667
773.666667 800.000000
775.666667 802.333333
777.333333 804.333333
778.333333 805.666667
779.333333 807.000000
780.333333 807.000000
