715.000000 374.000000
715.666667 372.666667
716.333333 371.000000
716.666667 368.666667
717.000000 366.000000
717.333333 363.000000
717.666667 360.000000
718.000000 356.666667
718.333333 353.666667
718.666667 350.666667
719.000000 348.000000
719.000000 345.333333
719.000000 342.666667
719.000000 340.000000
718.666667 337.000000
718.333333 333.666667
717.666667 330.000000
717.000000 326.000000
716.333333 322.000000
715.666667 318.000000
715.000000 314.000000
714.000000 310.333333
713.333333 307.000000
712.666667 304.000000
712.000000 301.000000
711.000000 298.000000
710.333333 295.333333
709.333333 292.666667
708.333333 290.000000
706.333333 286.666667
704.333333 283.333333
701.666667 279.666667
699.000000 276.000000
696.000000 272.000000
693.000000 268.333333
690.000000 264.666667
687.000000 261.000000
684.000000 257.333333
681.000000 253.666667
678.333333 250.333333
675.666667 246.666667
673.000000 243.333333
669.666667 240.000000
666.000000 236.666667
662.000000 233.000000
657.666667 229.333333
653.333333 225.666667
648.666667 222.333333
644.000000 219.000000
639.333333 216.000000
635.000000 213.333333
630.666667 210.666667
626.000000 208.000000
621.000000 205.333333
616.000000 202.666667
610.666667 200.333333
605.000000 198.000000
599.333333 196.333333
594.000000 194.666667
589.333333 193.333333
584.666667 191.666667
580.333333 190.333333
575.666667 188.666667
571.000000 187.333333
566.000000 186.000000
561.333333 185.000000
556.333333 184.000000
551.666667 183.000000
546.666667 182.000000
540.333333 181.000000
527.666667 180.666667
513.666667 181.000000
501.333333 182.000000
495.333333 183.000000
490.333333 184.000000
484.666667 185.000000
478.000000 186.000000
472.000000 187.000000
465.666667 188.000000
460.666667 189.000000
455.666667 190.000000
452.333333 191.000000
449.000000 192.000000
446.000000 193.000000
443.333333 194.333333
440.333333 196.000000
437.666667 197.666667
435.000000 199.333333
433.333333 201.000000
431.666667 203.000000
430.000000 205.000000
427.666667 207.666667
425.333333 210.666667
423.000000 214.000000
421.000000 217.000000
418.666667 220.333333
416.333333 223.666667
413.666667 227.000000
411.333333 230.333333
409.000000 233.666667
407.000000 237.000000
405.000000 240.333333
403.000000 243.666667
401.333333 247.000000
400.000000 250.666667
399.000000 254.666667
398.000000 259.333333
397.333333 264.000000
397.000000 269.333333
397.000000 274.666667
397.333333 280.000000
397.666667 285.000000
398.333333 290.333333
399.000000 295.666667
400.000000 301.333333
401.000000 306.666667
402.000000 312.333333
403.000000 317.666667
404.000000 323.000000
405.333333 328.333333
406.666667 334.000000
408.333333 340.333333
410.000000 347.333333
412.000000 354.666667
414.000000 362.333333
416.000000 369.666667
418.000000 376.666667
420.000000 383.333333
422.333333 390.000000
424.333333 396.666667
426.333333 403.333333
428.000000 409.666667
430.000000 415.666667
432.000000 421.333333
434.333333 426.666667
437.000000 432.666667
440.000000 438.666667
443.666667 445.333333
448.000000 452.000000
453.333333 459.333333
458.666667 466.666667
464.333333 474.333333
470.000000 482.333333
476.000000 491.000000
482.000000 500.000000
488.333333 508.666667
494.666667 517.000000
501.333333 525.333333
508.000000 534.000000
514.666667 542.666667
520.666667 551.333333
526.666667 559.333333
532.666667 567.333333
539.000000 574.666667
545.333333 582.000000
552.000000 589.000000
558.666667 596.000000
564.666667 602.666667
570.000000 609.000000
575.333333 615.000000
580.666667 620.666667
586.666667 626.333333
592.666667 631.666667
599.000000 637.666667
605.333333 643.666667
611.666667 650.333333
618.000000 656.666667
624.000000 663.000000
630.000000 669.333333
636.333333 675.666667
642.666667 682.000000
649.000000 688.000000
655.000000 694.333333
660.666667 700.666667
666.000000 707.000000
671.000000 712.666667
676.000000 718.333333
681.000000 723.666667
686.000000 729.000000
691.000000 734.000000
696.000000 739.000000
700.666667 743.666667
704.666667 748.000000
708.333333 752.000000
711.666667 755.666667
715.000000 759.333333
717.666667 762.666667
720.000000 766.000000
722.333333 769.333333
724.666667 772.666667
726.666667 775.666667
728.333333 778.000000
729.666667 779.666667
730.666667 781.333333
731.333333 782.666667
732.000000 784.000000
733.000000 784.333333
