859.333333 369.000000
859.666667 367.666667
860.000000 366.000000
860.333333 363.666667
860.666667 361.333333
861.000000 358.666667
861.333333 356.000000
862.000000 353.000000
862.666667 350.000000
863.333333 346.666667
864.000000 343.333333
865.333333 339.666667
866.666667 336.000000
868.333333 331.666667
870.333333 327.000000
872.666667 322.000000
875.333333 317.333333
878.000000 313.000000
881.000000 308.666667
884.000000 304.333333
887.333333 300.000000
890.666667 296.000000
894.000000 292.000000
897.333333 287.333333
900.333333 282.666667
903.333333 278.000000
906.000000 273.666667
908.666667 269.333333
911.666667 264.666667
915.000000 260.333333
919.000000 256.000000
923.000000 252.000000
927.666667 248.000000
932.666667 244.000000
937.666667 240.333333
942.333333 236.666667
946.333333 233.333333
950.333333 229.666667
954.000000 226.333333
958.000000 222.666667
962.333333 219.333333
967.000000 216.333333
971.666667 213.666667
976.333333 210.666667
981.000000 207.666667
985.666667 204.666667
990.000000 202.333333
994.000000 200.000000
997.666667 198.000000
1001.000000 196.333333
1004.333333 194.666667
1007.666667 193.000000
1011.333333 191.333333
1015.000000 189.666667
1019.333333 188.333333
1023.666667 186.666667
1028.333333 185.333333
1032.666667 184.000000
1037.000000 183.000000
1041.000000 182.000000
1045.666667 181.000000
1049.666667 180.000000
1054.666667 179.000000
1058.666667 178.000000
1065.000000 177.000000
1077.000000 176.666667
1090.666667 177.000000
1103.666667 178.000000
1110.000000 179.000000
1116.000000 180.000000
1121.000000 181.000000
1126.000000 182.000000
1129.666667 183.000000
1134.333333 184.000000
1138.666667 185.333333
1143.000000 186.666667
1145.666667 188.000000
1148.333333 189.000000
1150.666667 190.333333
1153.000000 191.666667
1155.000000 193.333333
1157.333333 194.666667
1160.000000 196.333333
1163.000000 198.000000
1166.000000 200.333333
1169.333333 203.333333
1173.000000 207.000000
1176.666667 211.000000
1180.333333 215.333333
1184.000000 220.000000
1187.666667 225.000000
1190.666667 229.666667
1193.333333 234.333333
1195.666667 239.000000
1198.000000 243.666667
1200.000000 248.000000
1201.666667 252.000000
1203.333333 256.333333
1204.666667 260.666667
1206.000000 264.666667
1207.000000 268.333333
1208.000000 272.000000
1209.000000 275.666667
1210.000000 279.333333
1211.000000 282.666667
1212.000000 286.000000
1213.000000 289.333333
1214.000000 292.666667
1215.000000 296.333333
1215.666667 300.000000
1216.333333 304.333333
1216.666667 308.666667
1217.000000 313.000000
1216.666667 317.333333
1216.333333 321.666667
1215.666667 326.000000
1215.000000 329.666667
1214.333333 333.333333
1213.333333 337.333333
1212.000000 342.333333
1210.000000 348.333333
1208.000000 354.666667
1206.333333 361.333333
1204.666667 367.666667
1203.000000 374.000000
1201.000000 380.333333
1199.000000 386.666667
1197.000000 393.333333
1195.000000 399.666667
1192.666667 406.333333
1190.000000 412.666667
1187.000000 419.000000
1183.666667 425.000000
1180.000000 431.000000
1176.000000 437.333333
1172.000000 444.000000
1168.000000 451.000000
1164.000000 458.333333
1160.333333 465.666667
1156.666667 473.333333
1153.333333 481.000000
1149.666667 489.333333
1146.000000 497.666667
1141.666667 506.000000
1137.333333 513.666667
1132.666667 521.000000
1128.000000 528.333333
1123.000000 535.333333
1118.333333 542.666667
1113.666667 549.666667
1109.333333 556.666667
1105.000000 563.000000
1100.666667 569.000000
1096.000000 574.666667
1091.000000 580.000000
1086.000000 585.333333
1080.666667 591.000000
1075.333333 597.333333
1069.666667 603.666667
1064.333333 610.333333
1059.000000 616.666667
1053.333333 623.333333
1047.000000 630.000000
1040.000000 637.000000
1032.666667 644.333333
1025.333333 651.666667
1018.333333 659.000000
1011.333333 666.000000
1004.333333 673.000000
996.666667 680.333333
989.000000 688.000000
981.666667 695.666667
975.000000 703.000000
969.000000 709.666667
963.333333 716.000000
956.000000 723.666667
949.000000 731.000000
942.000000 738.000000
937.000000 743.000000
932.000000 748.000000
927.333333 753.000000
923.000000 757.666667
919.333333 762.000000
915.666667 765.666667
912.666667 769.000000
909.666667 772.000000
907.000000 775.000000
904.333333 777.666667
901.666667 780.333333
899.000000 782.666667
896.333333 785.000000
894.000000 787.000000
892.000000 788.666667
890.666667 790.000000
889.666667 791.000000
889.000000 792.000000
888.000000 793.000000
887.000000 794.000000
