874.000000 401.000000
874.000000 399.000000
874.000000 397.000000
874.000000 394.333333
874.333333 391.666667
874.666667 388.666667
875.000000 386.000000
875.333333 382.666667
875.666667 379.000000
876.333333 375.000000
876.666667 371.000000
877.333333 366.666667
877.666667 362.333333
878.000000 357.666667
878.333333 353.333333
879.000000 349.000000
880.333333 344.666667
882.000000 340.000000
884.000000 335.000000
885.666667 329.666667
887.666667 324.333333
889.666667 319.000000
892.000000 314.000000
894.333333 309.333333
896.666667 305.000000
899.333333 301.000000
901.666667 297.000000
904.333333 293.000000
906.666667 289.000000
909.000000 285.000000
911.333333 280.333333
914.000000 275.666667
917.000000 270.333333
920.333333 265.333333
924.000000 260.333333
928.000000 256.000000
932.333333 252.000000
937.000000 248.000000
941.666667 244.000000
946.000000 240.000000
950.000000 236.000000
954.000000 232.000000
957.666667 228.333333
961.666667 225.000000
965.666667 222.000000
970.000000 219.000000
974.333333 216.000000
979.000000 213.333333
984.000000 211.333333
988.666667 209.666667
993.000000 208.333333
997.333333 206.333333
1001.666667 204.666667
1006.333333 202.666667
1011.000000 201.333333
1016.000000 199.666667
1021.333333 198.000000
1027.000000 196.333333
1032.666667 195.000000
1038.000000 194.000000
1043.000000 193.000000
1047.666667 192.000000
1052.333333 191.000000
1057.000000 190.000000
1064.000000 189.000000
1079.666667 188.666667
1095.333333 189.000000
1109.000000 190.000000
1114.000000 191.000000
1119.000000 192.000000
1124.000000 193.000000
1129.000000 194.000000
1133.666667 195.333333
1138.000000 196.666667
1142.000000 198.333333
1146.000000 200.333333
1150.000000 203.000000
1154.000000 206.000000
1158.000000 209.333333
1162.000000 213.000000
1166.000000 217.000000
1170.000000 221.000000
1173.666667 225.000000
1177.333333 229.000000
1180.666667 233.000000
1184.000000 237.000000
1187.000000 241.000000
1189.666667 245.000000
1192.000000 249.000000
1193.666667 253.000000
1195.333333 257.000000
1196.666667 261.000000
1198.000000 265.000000
1199.000000 269.000000
1200.000000 273.000000
1201.000000 277.000000
1202.000000 281.333333
1203.000000 285.666667
1204.333333 290.333333
1205.666667 295.000000
1207.333333 300.333333
1208.666667 305.666667
1210.000000 311.000000
1211.000000 316.000000
1212.000000 320.666667
1213.000000 325.000000
1214.000000 328.666667
1215.000000 332.333333
1215.666667 335.666667
1216.333333 339.000000
1216.666667 342.000000
1217.000000 344.666667
1217.000000 347.666667
1217.000000 351.000000
1217.000000 354.666667
1216.666667 358.333333
1216.333333 361.666667
1215.666667 365.333333
1215.000000 369.000000
1214.000000 372.666667
1212.666667 376.000000
1211.333333 379.333333
1209.666667 382.666667
1208.000000 386.333333
1206.000000 390.000000
1203.666667 394.333333
1201.000000 399.000000
1198.000000 404.000000
1195.000000 409.000000
1191.666667 414.000000
1188.333333 419.000000
1184.666667 423.666667
1180.666667 428.333333
1176.333333 433.000000
1172.000000 438.333333
1168.000000 443.666667
1164.000000 449.333333
1160.333333 455.000000
1157.000000 460.666667
1154.333333 466.000000
1151.666667 471.000000
1149.000000 476.000000
1146.000000 481.000000
1143.000000 486.000000
1140.000000 491.000000
1136.666667 496.000000
1133.333333 501.000000
1129.666667 506.000000
1125.666667 511.000000
1121.666667 515.666667
1118.000000 520.333333
1114.666667 524.666667
1111.333333 529.000000
1108.000000 533.000000
1105.000000 537.333333
1102.000000 542.000000
1098.666667 547.000000
1095.000000 552.333333
1091.000000 557.666667
1087.000000 563.000000
1082.666667 568.000000
1078.333333 573.000000
1074.000000 577.666667
1070.000000 582.666667
1066.000000 587.666667
1062.000000 593.666667
1058.333333 599.333333
1055.000000 605.333333
1052.000000 610.666667
1049.000000 616.000000
1045.666667 621.000000
1042.333333 626.000000
1038.666667 631.000000
1035.333333 636.000000
1031.666667 641.000000
1028.333333 646.333333
1025.000000 651.666667
1021.666667 657.333333
1018.333333 662.666667
1015.000000 668.000000
1012.333333 672.666667
1009.666667 677.333333
1007.000000 681.666667
1004.000000 686.000000
1001.000000 690.333333
998.000000 694.666667
995.000000 699.000000
991.666667 703.333333
988.000000 707.666667
984.333333 712.333333
980.666667 716.333333
977.333333 720.333333
973.666667 723.666667
970.333333 727.333333
966.666667 730.666667
963.333333 734.000000
960.000000 737.000000
957.000000 740.000000
954.000000 743.000000
951.000000 745.666667
947.666667 748.333333
944.333333 751.000000
941.000000 754.000000
938.000000 756.666667
935.000000 759.000000
932.666667 761.000000
930.666667 762.666667
929.333333 764.000000
928.000000 765.000000
