733.000000 396.000000
733.000000 393.000000
733.000000 390.000000
732.666667 386.666667
732.333333 383.333333
732.000000 379.666667
732.000000 375.666667
731.666667 371.333333
731.333333 367.000000
730.666667 362.666667
730.000000 358.333333
729.000000 354.000000
728.333333 350.333333
727.666667 346.333333
726.666667 342.666667
725.333333 338.666667
724.000000 335.000000
722.666667 330.666667
721.000000 326.000000
719.000000 321.333333
717.000000 317.000000
715.000000 312.666667
712.666667 308.333333
710.000000 303.666667
707.000000 299.333333
703.666667 295.000000
700.000000 291.000000
696.000000 287.000000
692.333333 283.000000
688.666667 279.000000
685.000000 275.000000
681.333333 271.000000
677.666667 267.000000
674.333333 263.333333
670.666667 260.000000
667.333333 257.000000
664.000000 254.000000
660.666667 251.000000
657.333333 248.333333
654.000000 246.000000
651.000000 243.666667
647.666667 241.333333
644.333333 238.666667
640.666667 236.333333
637.333333 234.000000
634.000000 231.666667
631.000000 229.000000
628.000000 226.000000
624.666667 223.000000
621.333333 220.000000
617.666667 217.000000
614.000000 214.000000
610.000000 211.000000
605.666667 208.333333
601.333333 205.666667
596.666667 203.333333
592.333333 200.666667
588.000000 198.333333
584.333333 196.000000
580.666667 194.000000
577.333333 192.333333
573.666667 190.666667
570.000000 189.000000
565.666667 187.333333
561.000000 185.666667
554.333333 184.333333
548.000000 183.000000
540.000000 182.000000
533.666667 181.666667
525.000000 182.000000
518.000000 183.000000
511.000000 184.000000
506.333333 185.000000
502.000000 186.333333
498.333333 187.666667
495.000000 189.000000
492.666667 190.000000
490.666667 191.333333
489.000000 193.000000
487.000000 195.666667
485.333333 198.666667
484.000000 202.666667
483.000000 207.000000
482.000000 212.333333
481.000000 217.666667
480.000000 223.333333
478.666667 228.666667
477.333333 234.333333
476.000000 239.666667
474.666667 245.333333
473.333333 250.333333
472.000000 255.333333
471.000000 260.000000
470.000000 264.666667
469.333333 269.000000
468.666667 273.000000
468.000000 277.000000
467.333333 281.000000
466.666667 285.000000
466.000000 289.000000
465.000000 293.000000
464.000000 297.000000
463.000000 301.000000
462.000000 305.333333
461.333333 310.000000
460.666667 314.666667
460.333333 319.000000
459.666667 323.000000
459.333333 326.333333
459.000000 329.333333
459.000000 332.000000
459.000000 335.000000
459.000000 337.666667
459.000000 340.333333
459.333333 343.333333
460.000000 346.666667
461.000000 350.333333
462.000000 354.333333
463.333333 359.000000
465.000000 364.333333
467.000000 370.000000
468.666667 375.666667
470.333333 381.000000
472.000000 385.666667
474.000000 390.333333
475.666667 395.000000
477.333333 399.666667
479.000000 404.333333
481.000000 408.666667
483.000000 413.000000
485.333333 417.333333
488.333333 421.666667
492.000000 426.000000
496.000000 430.666667
500.000000 435.666667
504.333333 441.333333
508.666667 446.666667
513.000000 452.333333
517.000000 457.666667
520.666667 463.000000
524.000000 467.666667
527.333333 472.333333
530.666667 476.666667
534.666667 481.000000
539.000000 485.333333
544.000000 489.666667
549.000000 494.000000
554.333333 498.333333
560.000000 503.000000
565.666667 508.333333
571.333333 513.666667
577.000000 519.000000
583.000000 524.000000
589.333333 529.000000
595.666667 534.333333
601.666667 539.666667
607.333333 545.333333
613.000000 551.000000
618.666667 556.666667
624.000000 562.333333
629.333333 567.666667
635.000000 573.333333
640.666667 578.666667
646.000000 584.000000
651.000000 589.000000
656.000000 594.000000
660.666667 599.000000
665.000000 604.000000
669.000000 609.000000
672.666667 613.666667
676.333333 618.333333
679.666667 623.000000
683.333333 628.000000
687.000000 633.000000
691.000000 638.333333
694.666667 644.000000
698.000000 650.000000
701.000000 655.666667
704.000000 661.000000
707.000000 665.666667
709.666667 670.000000
712.333333 674.000000
714.666667 678.333333
717.333333 682.666667
720.000000 687.333333
723.000000 691.666667
726.000000 696.333333
729.000000 700.666667
732.333333 705.333333
735.666667 709.666667
739.000000 714.000000
742.000000 718.000000
745.333333 721.666667
748.666667 725.333333
752.333333 729.000000
755.666667 733.333333
759.333333 738.000000
762.333333 743.000000
765.333333 747.666667
767.666667 752.000000
769.666667 756.000000
771.333333 760.000000
772.666667 763.333333
774.000000 766.000000
775.000000 767.666667
775.666667 769.000000
776.000000 770.000000
776.666667 771.000000
