691.000000 436.666667
691.000000 434.666667
691.333333 431.666667
691.666667 428.333333
692.333333 424.666667
693.333333 420.333333
694.666667 415.333333
696.000000 410.000000
697.333333 405.000000
698.666667 400.000000
700.333333 395.000000
703.000000 388.000000
706.000000 380.333333
709.000000 372.666667
711.000000 366.666667
713.000000 361.666667
714.666667 357.000000
716.000000 353.000000
716.666667 349.333333
717.333333 346.000000
718.000000 343.000000
719.000000 339.666667
720.333333 335.666667
721.666667 331.000000
723.333333 326.000000
725.333333 320.666667
728.000000 315.333333
731.333333 309.666667
735.333333 304.333333
740.000000 298.666667
745.000000 293.000000
750.000000 287.000000
755.000000 280.666667
759.666667 274.333333
764.000000 268.333333
768.000000 262.666667
772.000000 257.333333
776.666667 252.000000
782.000000 247.000000
788.000000 242.000000
794.000000 236.666667
799.666667 231.000000
805.000000 225.333333
810.333333 219.666667
816.000000 214.333333
821.666667 209.333333
827.333333 205.000000
833.000000 201.000000
838.666667 197.000000
844.333333 193.000000
849.666667 189.000000
855.000000 185.000000
860.666667 180.666667
867.000000 176.333333
874.000000 172.000000
881.333333 168.333333
888.666667 164.666667
895.666667 161.333333
901.666667 158.333333
907.666667 156.000000
914.000000 154.333333
921.333333 152.666667
928.666667 151.333333
939.666667 150.000000
963.666667 149.666667
990.000000 150.333333
1012.666667 151.666667
1022.000000 153.333333
1028.666667 155.333333
1035.000000 158.000000
1040.666667 161.333333
1046.000000 165.000000
1050.666667 169.000000
1055.666667 173.333333
1061.000000 178.333333
1067.000000 183.333333
1073.000000 188.666667
1079.000000 194.000000
1084.666667 200.666667
1090.000000 207.666667
1094.666667 215.000000
1099.000000 222.000000
1102.666667 229.000000
1106.000000 236.333333
1109.333333 244.000000
1112.666667 252.000000
1116.000000 260.000000
1119.000000 268.000000
1121.666667 276.000000
1124.000000 284.333333
1126.000000 293.333333
1128.000000 303.000000
1129.666667 312.333333
1131.000000 321.333333
1131.666667 330.333333
1132.333333 340.000000
1132.666667 349.666667
1133.000000 359.000000
1132.666667 367.666667
1132.333333 375.333333
1131.666667 382.666667
1131.000000 389.666667
1129.666667 396.666667
1128.333333 403.333333
1126.333333 410.000000
1124.333333 416.666667
1121.666667 423.000000
1119.000000 429.333333
1116.000000 436.333333
1113.000000 443.666667
1110.000000 451.333333
1107.000000 458.666667
1104.000000 466.000000
1100.666667 473.000000
1096.666667 480.333333
1091.666667 488.000000
1086.000000 496.333333
1080.000000 504.333333
1074.333333 512.000000
1069.000000 518.666667
1063.666667 525.333333
1058.333333 532.333333
1052.333333 540.000000
1045.666667 548.000000
1038.333333 555.666667
1031.000000 563.000000
1024.000000 570.333333
1017.333333 578.000000
1010.666667 586.333333
1003.000000 595.000000
994.666667 604.000000
986.000000 612.333333
978.000000 620.666667
970.333333 629.000000
962.333333 637.666667
953.666667 646.000000
944.666667 654.000000
936.000000 661.666667
928.333333 668.666667
921.000000 675.333333
913.333333 682.333333
904.666667 690.000000
895.666667 697.666667
887.333333 705.000000
880.000000 711.666667
873.000000 717.666667
866.000000 723.666667
858.333333 729.666667
850.333333 736.000000
842.000000 742.000000
834.666667 748.000000
827.666667 754.000000
821.333333 759.666667
814.666667 765.333333
807.333333 771.000000
800.000000 776.666667
792.666667 782.333333
786.333333 787.666667
780.333333 793.666667
775.333333 799.000000
771.333333 804.333333
768.000000 808.333333
765.666667 812.000000
763.666667 814.666667
762.666667 817.000000
761.666667 818.666667
761.333333 820.000000
761.000000 821.000000
761.000000 822.000000
761.000000 823.000000
761.333333 823.000000
762.000000 822.000000
763.000000 819.333333
