730.666667 354.000000
730.333333 353.000000
730.000000 352.000000
729.666667 351.000000
729.333333 349.666667
729.000000 348.333333
729.000000 346.666667
729.000000 345.333333
729.000000 343.666667
729.000000 342.000000
729.000000 340.000000
729.000000 338.000000
729.000000 335.666667
729.000000 332.666667
728.666667 329.000000
728.000000 325.000000
727.000000 320.666667
726.000000 316.000000
724.666667 311.000000
723.000000 306.333333
721.000000 301.666667
719.000000 297.333333
717.000000 292.666667
715.000000 288.333333
713.000000 284.000000
711.000000 279.666667
708.666667 275.666667
706.333333 271.666667
703.666667 268.000000
701.333333 264.333333
699.000000 261.000000
696.666667 258.333333
694.333333 255.666667
692.000000 253.333333
690.000000 251.000000
688.000000 249.000000
686.000000 247.000000
684.333333 245.000000
682.666667 243.000000
681.333333 241.333333
679.666667 239.666667
678.333333 238.000000
676.666667 236.000000
675.333333 234.000000
673.666667 232.000000
672.000000 230.000000
670.000000 228.000000
668.000000 226.000000
665.666667 224.000000
663.333333 222.000000
660.666667 220.000000
658.000000 217.666667
655.333333 215.333333
652.666667 213.000000
649.666667 210.666667
646.666667 208.333333
643.666667 206.000000
641.000000 204.000000
638.000000 202.000000
635.333333 200.000000
632.666667 198.000000
630.333333 196.000000
628.000000 194.000000
626.000000 192.333333
624.000000 190.666667
622.000000 189.333333
620.000000 188.000000
618.333333 187.000000
616.666667 186.000000
614.666667 185.000000
612.333333 184.000000
609.666667 183.000000
607.000000 182.000000
603.000000 181.000000
599.000000 180.000000
595.000000 179.000000
592.000000 178.000000
589.000000 177.000000
585.333333 176.000000
582.000000 175.000000
578.666667 174.000000
576.000000 173.000000
573.000000 172.000000
570.000000 170.666667
566.666667 169.333333
563.000000 167.666667
559.333333 166.333333
555.666667 165.000000
552.000000 163.666667
548.333333 162.333333
545.000000 161.000000
542.000000 160.000000
539.000000 159.000000
536.000000 157.666667
533.000000 156.000000
529.666667 154.333333
526.000000 153.000000
520.000000 152.000000
509.000000 151.666667
497.666667 152.333333
488.666667 154.000000
485.333333 156.333333
483.000000 159.333333
481.333333 163.000000
480.000000 167.333333
479.333333 172.000000
479.000000 177.000000
479.000000 182.000000
479.333333 187.000000
479.666667 192.333333
480.333333 198.000000
480.666667 203.666667
481.333333 209.333333
481.666667 215.000000
482.000000 220.333333
482.000000 225.333333
481.666667 229.333333
481.333333 233.333333
481.000000 236.666667
481.000000 240.000000
480.666667 243.000000
480.333333 246.000000
480.000000 249.333333
480.000000 253.000000
479.666667 257.000000
479.333333 261.333333
479.000000 265.666667
479.000000 270.333333
479.000000 275.000000
479.000000 280.000000
478.666667 285.000000
478.333333 289.666667
478.333333 294.333333
478.666667 299.333333
479.333333 304.666667
480.000000 309.666667
480.666667 314.333333
481.333333 318.666667
482.000000 323.000000
483.333333 327.000000
485.000000 331.333333
487.000000 336.000000
489.000000 341.333333
491.666667 347.333333
494.666667 354.000000
498.333333 361.333333
502.000000 368.666667
506.000000 376.333333
510.333333 383.666667
514.666667 391.000000
519.000000 398.333333
523.000000 405.666667
527.000000 413.000000
531.333333 420.333333
536.333333 428.000000
542.333333 436.333333
549.000000 445.000000
556.000000 454.000000
563.333333 463.333333
571.333333 473.000000
580.000000 483.333333
589.000000 494.000000
598.000000 505.000000
607.333333 516.000000
616.666667 527.000000
626.666667 538.000000
636.333333 548.666667
646.333333 559.000000
655.666667 568.666667
665.333333 578.333333
674.666667 587.666667
684.333333 597.000000
693.333333 605.666667
702.000000 614.000000
710.000000 622.000000
718.000000 630.333333
726.000000 639.000000
734.000000 648.000000
742.000000 657.666667
749.666667 667.666667
757.000000 678.666667
764.000000 689.333333
771.000000 700.000000
778.000000 710.000000
785.000000 720.000000
791.333333 729.000000
797.000000 736.666667
801.666667 742.666667
805.666667 747.333333
808.666667 751.000000
811.000000 753.666667
812.666667 755.666667
813.666667 757.000000
