702.666667 376.666667
704.000000 375.333333
704.666667 373.666667
705.333333 372.000000
705.666667 370.333333
706.000000 368.333333
706.000000 366.333333
706.000000 363.333333
706.000000 360.000000
705.666667 356.000000
705.000000 352.000000
704.000000 348.000000
702.666667 344.000000
701.000000 340.000000
699.000000 335.666667
697.000000 331.000000
694.666667 326.000000
691.666667 320.666667
688.333333 315.000000
684.666667 309.333333
681.000000 303.333333
677.000000 297.000000
672.666667 290.333333
668.000000 283.666667
663.000000 277.333333
658.000000 270.666667
652.666667 264.333333
647.000000 258.000000
641.333333 252.333333
636.000000 247.000000
630.666667 241.666667
624.666667 236.333333
618.333333 231.000000
611.333333 226.000000
604.333333 221.000000
597.000000 216.333333
589.666667 211.666667
582.333333 207.666667
575.000000 203.666667
567.666667 200.333333
560.333333 197.000000
553.000000 194.333333
546.333333 192.000000
540.000000 190.000000
534.000000 188.333333
528.000000 186.666667
522.000000 185.333333
516.000000 184.000000
508.666667 183.000000
497.666667 182.666667
487.666667 183.000000
479.666667 184.000000
476.333333 185.333333
472.666667 187.000000
469.000000 189.333333
464.666667 191.666667
460.666667 194.333333
456.666667 197.000000
453.333333 199.666667
450.000000 202.333333
446.666667 205.333333
443.666667 209.000000
440.666667 213.000000
438.333333 217.333333
436.000000 221.666667
433.666667 226.000000
431.333333 230.333333
429.000000 235.000000
427.000000 240.000000
425.000000 245.000000
423.000000 250.333333
421.000000 255.666667
419.333333 261.000000
417.666667 266.333333
416.333333 271.666667
415.333333 277.333333
414.666667 282.666667
414.000000 288.000000
413.000000 293.333333
412.333333 299.000000
411.666667 304.666667
411.000000 310.666667
410.333333 316.666667
410.000000 322.666667
410.000000 328.666667
410.000000 334.666667
410.333333 341.333333
410.666667 348.000000
411.333333 354.666667
412.000000 361.333333
413.000000 368.000000
413.666667 374.666667
414.333333 381.000000
415.000000 387.000000
416.000000 393.000000
417.333333 398.666667
418.666667 404.000000
420.000000 409.333333
421.333333 415.000000
422.666667 420.666667
424.333333 426.666667
426.000000 432.666667
427.666667 439.000000
429.666667 445.333333
431.666667 451.666667
434.333333 458.000000
436.666667 464.000000
439.666667 469.666667
442.666667 475.000000
446.000000 480.000000
449.333333 485.000000
453.333333 489.666667
457.666667 494.000000
462.000000 498.000000
466.000000 502.333333
470.000000 507.000000
474.333333 512.000000
478.666667 516.666667
483.000000 521.666667
487.333333 526.666667
492.333333 532.333333
497.666667 538.000000
503.333333 544.000000
508.666667 550.000000
513.666667 555.666667
518.333333 561.000000
522.666667 566.000000
527.333333 570.666667
532.000000 575.333333
537.333333 580.000000
543.000000 585.000000
548.666667 590.000000
554.333333 595.666667
560.000000 601.666667
565.666667 608.000000
573.000000 615.666667
580.333333 623.333333
588.000000 630.666667
593.666667 636.000000
599.333333 640.666667
604.666667 645.333333
609.666667 650.000000
614.333333 655.000000
619.000000 660.333333
624.000000 665.666667
629.000000 671.666667
634.000000 677.666667
639.333333 684.000000
644.666667 690.333333
650.000000 696.666667
655.000000 703.000000
660.000000 708.666667
665.000000 714.333333
669.666667 719.333333
674.333333 724.333333
679.333333 729.000000
684.666667 733.666667
690.000000 737.666667
695.000000 741.333333
699.666667 744.666667
704.333333 748.000000
708.333333 750.666667
711.666667 753.000000
714.000000 754.666667
715.666667 756.000000
717.000000 757.000000
718.333333 757.333333
