669.333333 333.000000
594.666667 332.000000
520.000000 330.333333
519.666667 328.333333
519.333333 326.000000
519.000000 323.666667
518.666667 321.000000
518.333333 318.000000
518.000000 315.000000
517.666667 311.666667
517.000000 308.333333
516.000000 305.000000
515.000000 302.000000
514.000000 299.000000
513.000000 296.000000
512.000000 292.666667
510.666667 289.666667
509.000000 286.333333
507.000000 283.000000
505.000000 279.333333
503.000000 275.666667
500.666667 272.000000
498.000000 268.000000
495.333333 264.000000
492.666667 260.333333
490.000000 256.666667
487.000000 253.000000
484.000000 249.000000
481.333333 245.333333
478.666667 241.666667
476.000000 238.333333
473.000000 234.666667
470.000000 231.333333
467.000000 227.666667
463.666667 223.666667
460.000000 219.000000
455.666667 214.000000
451.333333 209.000000
446.666667 204.000000
442.000000 199.000000
437.000000 194.000000
431.666667 189.000000
426.000000 183.666667
420.000000 178.333333
413.666667 173.000000
407.333333 168.333333
401.000000 164.000000
395.000000 160.000000
388.666667 156.000000
382.000000 152.333333
375.000000 149.000000
368.000000 146.333333
361.000000 144.000000
354.333333 141.666667
348.000000 139.666667
342.333333 137.666667
336.666667 136.333333
331.000000 135.000000
325.333333 134.000000
319.666667 133.000000
311.666667 132.666667
302.666667 133.000000
293.666667 134.000000
287.333333 135.000000
282.666667 136.000000
279.333333 137.000000
276.666667 138.000000
274.333333 139.000000
271.666667 140.333333
268.666667 141.666667
265.333333 143.333333
262.333333 145.000000
259.666667 147.000000
257.000000 149.000000
254.000000 151.333333
251.333333 154.000000
248.666667 157.000000
246.333333 160.000000
243.666667 163.000000
241.666667 166.000000
239.666667 169.333333
238.333333 172.666667
237.000000 176.000000
236.000000 179.333333
235.000000 183.000000
234.000000 186.666667
233.333333 189.666667
233.000000 192.666667
233.000000 195.666667
232.666667 199.000000
232.333333 202.000000
232.333333 205.000000
232.666667 208.000000
233.000000 211.333333
233.333333 215.000000
233.666667 218.666667
234.000000 222.666667
234.000000 226.666667
234.333333 231.333333
234.666667 236.000000
235.000000 241.000000
235.000000 246.333333
234.666667 251.666667
234.666667 257.000000
234.666667 261.666667
235.000000 266.000000
235.333333 270.000000
235.666667 274.000000
236.333333 277.666667
237.000000 281.333333
238.000000 284.666667
239.333333 288.333333
240.666667 291.666667
242.333333 295.333333
244.000000 298.666667
246.000000 302.333333
247.666667 305.666667
249.666667 309.333333
251.666667 313.000000
254.000000 317.000000
256.333333 321.000000
258.666667 325.000000
261.333333 329.333333
263.666667 334.000000
266.333333 339.000000
268.666667 344.000000
271.000000 349.000000
273.000000 354.000000
275.000000 359.000000
276.666667 364.000000
278.333333 369.000000
280.000000 374.000000
281.666667 378.666667
283.333333 383.333333
284.666667 387.666667
286.333333 392.000000
287.666667 396.000000
289.333333 400.000000
290.666667 403.666667
292.333333 407.333333
293.666667 411.000000
295.333333 414.666667
297.000000 418.333333
299.333333 422.000000
302.000000 425.666667
305.000000 429.333333
308.000000 433.000000
311.000000 436.666667
314.000000 440.333333
317.000000 444.000000
319.666667 448.000000
322.333333 452.000000
325.000000 456.000000
328.000000 460.000000
331.333333 464.333333
335.000000 469.000000
338.666667 473.666667
342.666667 478.333333
346.333333 482.666667
350.666667 487.000000
354.666667 491.000000
359.000000 495.000000
363.000000 498.666667
367.000000 502.333333
370.666667 506.000000
374.333333 510.000000
379.666667 516.000000
386.000000 522.333333
392.666667 529.333333
398.333333 534.666667
403.666667 540.000000
409.000000 544.666667
414.000000 549.000000
418.666667 553.000000
423.000000 557.000000
427.000000 561.000000
431.000000 565.000000
435.000000 569.000000
439.333333 573.333333
443.666667 577.666667
448.000000 582.333333
452.333333 587.000000
457.000000 592.000000
462.000000 597.000000
466.666667 602.333333
471.000000 607.333333
474.666667 612.333333
478.333333 616.666667
481.666667 621.000000
485.333333 625.000000
489.000000 629.000000
493.333333 633.333333
497.666667 637.666667
502.333333 642.000000
506.666667 646.000000
511.333333 650.333333
515.333333 654.666667
519.333333 658.666667
522.666667 662.333333
526.000000 665.333333
529.000000 668.333333
532.000000 671.000000
534.666667 673.666667
537.333333 676.333333
540.000000 679.000000
543.000000 682.000000
545.666667 685.000000
548.333333 688.000000
550.666667 691.000000
553.000000 693.666667
555.000000 696.000000
556.666667 698.000000
558.333333 699.666667
559.666667 701.000000
560.666667 702.000000
561.333333 703.000000
562.000000 704.000000
563.000000 705.000000
564.000000 706.000000
565.000000 707.000000
565.666667 708.000000
566.333333 709.000000
567.000000 710.000000
567.666667 711.000000
568.333333 712.000000
568.666667 713.000000
569.333333 714.000000
