724.000000 334.333333
724.333333 332.333333
724.333333 329.666667
724.333333 327.000000
723.666667 323.666667
723.000000 320.000000
722.333333 316.000000
721.333333 312.000000
720.333333 308.000000
719.000000 304.000000
717.666667 300.333333
716.000000 296.666667
714.000000 293.000000
712.000000 289.000000
709.666667 284.666667
707.000000 280.333333
704.000000 275.666667
701.000000 271.333333
698.000000 267.000000
695.000000 263.000000
692.000000 259.333333
689.000000 255.666667
686.000000 252.333333
683.000000 248.666667
680.000000 245.333333
677.000000 241.666667
674.000000 238.000000
670.666667 234.333333
666.666667 230.666667
662.333333 227.000000
657.666667 223.000000
653.000000 219.000000
648.333333 215.333333
643.666667 212.000000
639.333333 209.000000
635.000000 205.666667
630.666667 202.333333
626.000000 199.000000
621.000000 196.000000
616.000000 193.000000
611.000000 190.000000
605.666667 187.000000
600.333333 184.000000
595.000000 181.333333
590.000000 179.000000
585.333333 177.000000
581.000000 175.333333
576.666667 173.666667
571.666667 172.333333
566.000000 170.666667
558.333333 169.333333
550.666667 168.000000
534.666667 167.666667
520.666667 168.000000
507.000000 169.000000
502.333333 170.000000
497.666667 171.333333
493.333333 173.000000
489.000000 175.000000
485.000000 177.000000
481.000000 179.000000
477.000000 181.000000
473.000000 182.666667
469.000000 184.666667
465.333333 186.666667
462.000000 189.000000
459.333333 191.333333
456.666667 194.333333
454.000000 197.666667
451.333333 201.333333
449.333333 205.000000
447.666667 209.000000
446.666667 213.000000
446.000000 217.000000
446.000000 221.000000
446.000000 225.333333
446.666667 230.000000
447.666667 235.000000
449.000000 240.000000
450.000000 245.000000
451.333333 250.333333
452.666667 256.000000
453.666667 262.000000
454.333333 267.666667
454.666667 273.000000
455.333333 277.666667
455.666667 282.000000
456.000000 286.000000
456.333333 290.000000
456.666667 294.333333
457.000000 299.000000
457.333333 304.000000
457.666667 309.000000
458.333333 314.666667
458.666667 320.333333
459.333333 326.000000
460.000000 331.333333
460.666667 336.666667
461.333333 342.000000
461.666667 347.000000
462.666667 352.000000
463.666667 357.000000
465.333333 362.000000
467.333333 367.000000
470.000000 372.333333
473.000000 378.000000
476.000000 383.666667
479.000000 389.333333
482.666667 395.333333
486.666667 402.000000
491.333333 409.000000
495.666667 415.666667
500.666667 422.666667
505.333333 429.333333
510.333333 436.666667
515.000000 443.666667
520.000000 451.000000
525.000000 458.000000
530.333333 465.000000
536.000000 472.000000
542.333333 478.666667
549.000000 485.666667
556.000000 493.000000
563.000000 500.666667
570.333333 508.333333
578.000000 515.666667
586.333333 523.666667
594.666667 531.666667
603.000000 540.333333
611.000000 548.666667
619.333333 557.333333
628.000000 565.666667
637.000000 574.000000
646.000000 582.000000
654.333333 589.666667
662.666667 597.333333
670.666667 604.666667
679.333333 611.666667
687.666667 618.000000
696.000000 624.000000
703.666667 629.666667
711.000000 635.333333
718.000000 641.333333
725.333333 647.666667
732.666667 654.000000
740.000000 660.000000
746.666667 665.666667
752.666667 670.666667
757.666667 675.333333
762.333333 679.666667
766.333333 684.000000
771.000000 688.666667
775.666667 693.666667
780.000000 698.333333
783.000000 701.666667
784.666667 704.333333
786.000000 706.333333
787.000000 708.000000
787.666667 709.000000
788.000000 710.000000
788.000000 711.000000
788.000000 711.333333
