772.333333 353.000000
772.000000 352.000000
772.000000 350.666667
772.000000 349.000000
772.000000 347.000000
772.000000 345.000000
772.000000 342.666667
772.000000 339.666667
772.000000 336.000000
772.000000 332.000000
771.666667 328.000000
771.333333 324.000000
771.000000 320.000000
771.000000 316.333333
771.000000 312.666667
771.000000 309.666667
771.000000 306.666667
771.000000 304.000000
770.666667 301.000000
770.333333 298.000000
770.000000 295.000000
769.666667 292.000000
769.000000 289.000000
768.000000 285.666667
767.333333 282.000000
766.666667 278.000000
766.000000 274.000000
765.000000 269.666667
763.666667 265.000000
762.333333 260.000000
760.333333 254.666667
758.000000 249.000000
755.000000 243.000000
751.666667 236.666667
748.000000 230.000000
744.000000 223.000000
740.000000 216.333333
736.333333 210.333333
732.666667 204.666667
729.333333 199.333333
726.000000 193.666667
723.333333 188.333333
720.666667 182.666667
718.333333 177.333333
715.666667 172.000000
713.000000 167.333333
710.000000 163.000000
707.000000 159.333333
704.000000 155.666667
700.666667 152.333333
697.000000 149.000000
693.000000 146.000000
689.000000 143.000000
685.000000 140.000000
681.333333 137.333333
677.666667 134.666667
673.333333 132.333333
668.333333 129.666667
662.666667 127.333333
656.666667 125.000000
650.333333 123.000000
644.000000 121.333333
638.000000 119.666667
631.666667 118.333333
623.000000 117.000000
614.000000 116.000000
601.000000 115.000000
582.000000 114.666667
563.333333 115.000000
547.333333 116.333333
539.666667 117.666667
532.333333 119.333333
526.666667 121.000000
520.666667 123.000000
514.333333 125.333333
508.333333 128.000000
502.666667 130.666667
497.333333 133.000000
492.333333 135.333333
488.000000 137.666667
484.000000 140.000000
480.000000 142.000000
476.000000 144.333333
472.000000 146.333333
467.666667 148.666667
463.000000 151.000000
458.000000 154.000000
453.333333 157.000000
449.000000 160.333333
445.000000 163.666667
441.333333 167.333333
438.000000 171.000000
435.333333 175.000000
433.000000 179.000000
431.000000 183.000000
429.000000 187.000000
427.000000 191.000000
425.333333 195.000000
424.000000 199.000000
423.000000 203.000000
422.000000 207.333333
421.000000 212.000000
420.333333 217.000000
419.666667 222.000000
419.333333 227.333333
419.333333 232.666667
419.666667 238.333333
420.000000 244.000000
420.333333 250.000000
420.666667 256.000000
421.333333 262.000000
422.000000 267.666667
422.666667 273.000000
423.333333 277.666667
424.000000 282.333333
425.000000 286.333333
426.000000 290.666667
427.000000 294.666667
428.333333 299.333333
429.666667 303.666667
431.000000 308.333333
432.000000 313.000000
433.333333 318.000000
435.000000 322.666667
436.666667 327.333333
438.333333 331.666667
439.666667 336.000000
441.333333 340.000000
443.000000 344.333333
445.333333 349.000000
448.333333 353.666667
451.666667 358.000000
455.333333 362.000000
458.666667 366.000000
462.333333 370.000000
465.333333 374.000000
468.333333 377.666667
470.666667 381.000000
473.000000 384.000000
475.000000 387.000000
477.000000 390.000000
479.000000 393.000000
481.000000 396.333333
483.000000 399.666667
485.000000 403.333333
487.000000 407.000000
489.000000 411.000000
491.000000 415.000000
493.000000 418.666667
495.000000 422.000000
497.333333 425.000000
500.000000 428.000000
503.000000 431.000000
506.000000 434.333333
509.000000 437.666667
512.333333 442.000000
515.666667 446.666667
519.000000 452.333333
522.333333 458.000000
526.000000 463.666667
530.000000 469.333333
534.666667 475.000000
540.666667 481.333333
547.333333 488.000000
554.000000 494.666667
560.000000 501.666667
566.000000 508.333333
572.333333 515.000000
579.666667 521.333333
587.666667 528.000000
596.000000 534.666667
603.666667 541.333333
611.000000 547.666667
618.000000 554.333333
625.333333 561.000000
633.000000 568.000000
641.000000 574.666667
648.333333 581.333333
655.333333 588.000000
661.666667 595.000000
667.666667 602.000000
673.333333 608.666667
679.000000 615.333333
685.333333 621.666667
691.666667 628.000000
697.666667 634.000000
703.000000 639.666667
708.000000 645.333333
712.333333 650.333333
716.333333 655.333333
719.666667 659.666667
723.000000 663.666667
726.000000 667.333333
729.000000 670.666667
732.666667 674.000000
736.666667 677.000000
741.000000 680.000000
745.000000 683.000000
748.666667 685.666667
752.000000 688.333333
755.000000 691.000000
758.000000 694.000000
761.000000 696.666667
763.666667 699.333333
766.000000 702.000000
768.000000 704.666667
769.666667 706.666667
771.000000 708.000000
772.000000 709.000000
772.666667 710.000000
773.333333 711.000000
774.000000 712.000000
