863.000000 432.333333
855.666667 430.333333
856.333333 427.666667
856.666667 425.333333
857.000000 422.666667
857.000000 420.000000
857.000000 417.000000
857.000000 414.000000
857.000000 411.000000
857.000000 408.000000
857.333333 405.000000
857.666667 402.000000
858.000000 399.000000
858.000000 396.000000
858.333333 392.666667
858.666667 389.000000
859.000000 384.666667
859.333333 380.000000
859.666667 375.000000
860.333333 369.666667
860.666667 364.333333
861.333333 359.000000
861.666667 354.000000
862.333333 349.000000
863.000000 344.000000
864.000000 338.666667
865.000000 333.333333
866.000000 327.666667
867.000000 322.333333
868.333333 317.000000
869.666667 312.000000
871.333333 307.333333
872.666667 303.000000
874.333333 299.000000
876.333333 295.000000
878.666667 291.000000
881.333333 286.666667
884.000000 282.000000
887.000000 277.333333
890.000000 272.666667
893.000000 268.333333
895.666667 264.000000
898.333333 260.333333
900.666667 257.000000
903.000000 253.666667
905.000000 250.666667
907.000000 247.666667
909.000000 245.000000
911.333333 242.333333
914.000000 239.666667
917.000000 236.666667
920.333333 233.000000
923.666667 229.333333
927.333333 226.000000
930.666667 222.666667
934.333333 219.333333
938.000000 216.000000
941.666667 213.000000
945.333333 210.000000
948.666667 207.333333
952.000000 205.000000
955.000000 203.000000
958.000000 201.000000
961.333333 198.666667
964.666667 196.333333
968.333333 194.000000
972.000000 192.000000
976.000000 190.000000
980.000000 188.333333
984.000000 186.666667
987.666667 185.333333
991.333333 183.666667
994.666667 182.333333
998.000000 181.000000
1000.666667 180.000000
1003.333333 179.000000
1006.000000 178.000000
1009.000000 176.666667
1012.333333 175.333333
1016.000000 174.000000
1020.333333 173.000000
1024.666667 172.000000
1029.333333 171.000000
1033.666667 170.000000
1039.333333 169.000000
1046.666667 168.000000
1054.000000 167.666667
1061.666667 168.000000
1067.666667 169.000000
1074.333333 170.333333
1079.666667 172.000000
1085.000000 174.000000
1090.000000 176.000000
1095.000000 178.333333
1100.000000 180.666667
1105.000000 183.333333
1110.333333 186.000000
1116.000000 189.000000
1121.666667 191.666667
1127.333333 194.000000
1132.666667 196.333333
1137.666667 198.666667
1142.000000 201.333333
1146.000000 204.333333
1150.000000 207.666667
1154.000000 211.666667
1158.000000 216.000000
1162.000000 220.666667
1166.000000 225.333333
1169.666667 229.666667
1173.333333 234.000000
1176.666667 238.333333
1180.000000 242.666667
1183.000000 247.000000
1186.000000 251.333333
1188.666667 255.666667
1191.000000 260.333333
1193.000000 265.000000
1195.000000 270.000000
1196.666667 274.666667
1198.000000 279.000000
1198.666667 283.000000
1199.333333 287.333333
1199.666667 291.666667
1200.333333 296.333333
1200.666667 300.666667
1201.000000 305.333333
1201.000000 309.666667
1200.666667 314.000000
1200.333333 318.000000
1200.000000 322.000000
1200.000000 326.000000
1199.666667 329.666667
1199.333333 333.333333
1199.000000 337.000000
1198.666667 341.000000
1198.333333 345.666667
1197.666667 351.000000
1197.000000 357.333333
1196.000000 363.666667
1195.000000 369.666667
1194.000000 375.333333
1193.000000 380.666667
1192.000000 386.000000
1191.000000 391.000000
1189.666667 396.333333
1188.333333 402.000000
1186.666667 408.333333
1185.000000 414.333333
1183.000000 420.666667
1180.666667 426.666667
1178.333333 433.000000
1175.666667 439.333333
1173.333333 446.000000
1170.666667 453.000000
1168.000000 459.666667
1165.333333 466.000000
1162.666667 472.333333
1160.333333 478.333333
1158.000000 484.333333
1155.666667 490.333333
1153.333333 497.000000
1150.666667 504.000000
1148.000000 511.000000
1144.333333 518.000000
1140.000000 525.000000
1134.666667 532.666667
1129.000000 540.666667
1123.333333 549.000000
1117.666667 557.000000
1112.666667 565.000000
1107.666667 572.666667
1102.666667 580.666667
1097.000000 588.666667
1091.333333 597.000000
1085.666667 605.000000
1080.333333 613.000000
1075.000000 620.333333
1070.333333 627.666667
1065.666667 634.333333
1061.333333 641.333333
1057.333333 648.000000
1053.333333 655.000000
1049.333333 661.333333
1044.666667 667.333333
1040.000000 672.666667
1035.000000 678.000000
1030.000000 683.000000
1025.000000 688.000000
1020.000000 693.333333
1015.000000 698.666667
1010.000000 704.000000
1004.666667 709.000000
999.333333 714.000000
994.000000 718.666667
988.666667 723.333333
983.333333 728.000000
978.333333 732.666667
973.666667 737.333333
969.333333 742.000000
965.333333 747.000000
962.000000 752.000000
959.000000 757.000000
956.000000 761.666667
952.666667 766.000000
949.000000 770.333333
945.000000 774.666667
940.666667 779.000000
936.000000 783.333333
931.333333 788.000000
927.000000 792.666667
923.000000 797.333333
919.000000 801.666667
915.333333 806.000000
911.666667 810.000000
908.333333 814.000000
904.666667 818.000000
901.000000 821.666667
897.000000 825.000000
893.333333 828.000000
890.000000 830.666667
887.333333 833.333333
884.666667 835.666667
882.333333 838.333333
880.333333 840.666667
879.000000 843.000000
878.000000 844.666667
877.000000 846.000000
876.333333 847.000000
876.000000 848.000000
875.666667 848.333333
