886.666667 366.666667
887.333333 363.333333
888.333333 359.666667
889.666667 356.000000
891.333333 351.666667
892.666667 347.666667
894.333333 343.666667
896.333333 339.666667
898.666667 335.000000
900.666667 330.000000
902.333333 324.666667
904.000000 319.333333
906.000000 314.000000
908.000000 309.000000
910.000000 304.000000
912.333333 298.666667
915.000000 293.333333
918.000000 288.000000
921.000000 283.000000
924.333333 277.666667
928.000000 272.333333
931.666667 267.333333
935.666667 262.666667
939.666667 258.333333
944.000000 254.000000
948.000000 250.333333
951.666667 247.333333
955.333333 244.333333
958.666667 241.333333
962.333333 238.000000
966.000000 235.000000
970.000000 231.666667
974.000000 228.333333
978.000000 225.000000
982.000000 222.000000
986.333333 218.666667
990.333333 215.666667
994.333333 212.666667
998.000000 210.000000
1001.666667 207.000000
1005.000000 204.333333
1008.333333 201.666667
1012.000000 199.333333
1016.333333 197.000000
1020.666667 195.333333
1025.333333 193.666667
1030.000000 192.333333
1035.000000 190.666667
1039.666667 189.333333
1044.333333 187.666667
1049.000000 186.333333
1054.333333 184.666667
1060.000000 183.333333
1066.333333 182.000000
1073.000000 181.000000
1079.333333 180.000000
1085.666667 179.000000
1091.333333 178.000000
1097.666667 177.000000
1103.666667 176.000000
1113.000000 175.000000
1128.666667 174.666667
1144.333333 175.000000
1157.333333 176.000000
1163.666667 177.000000
1170.000000 178.000000
1176.000000 179.333333
1181.666667 181.000000
1186.666667 183.000000
1191.000000 185.000000
1195.000000 187.000000
1199.000000 189.333333
1203.000000 191.666667
1207.000000 194.666667
1210.666667 197.666667
1214.333333 201.666667
1218.000000 206.000000
1221.666667 211.000000
1225.333333 216.000000
1228.666667 221.333333
1232.000000 226.333333
1234.666667 231.333333
1237.000000 236.000000
1239.000000 241.333333
1241.000000 247.000000
1242.666667 253.333333
1244.333333 260.000000
1245.333333 266.666667
1246.333333 273.333333
1246.666667 279.666667
1247.000000 286.333333
1247.000000 293.000000
1246.666667 300.333333
1246.000000 308.000000
1245.000000 315.333333
1244.000000 322.333333
1243.000000 329.000000
1241.666667 336.000000
1240.000000 343.333333
1237.666667 351.000000
1235.000000 358.666667
1232.000000 366.000000
1228.333333 373.333333
1224.000000 380.666667
1219.000000 388.000000
1214.333333 395.333333
1209.666667 403.000000
1205.333333 410.666667
1200.666667 417.666667
1195.666667 424.333333
1190.333333 430.666667
1184.666667 437.333333
1179.333333 443.666667
1173.666667 450.000000
1168.333333 456.333333
1163.000000 462.666667
1158.333333 468.666667
1153.666667 474.000000
1149.333333 479.333333
1144.333333 485.000000
1139.333333 490.666667
1133.666667 496.666667
1128.000000 502.666667
1122.333333 509.000000
1117.000000 515.000000
1112.000000 521.000000
1106.666667 527.000000
1101.000000 533.000000
1095.000000 539.333333
1088.666667 545.666667
1082.333333 552.333333
1076.000000 559.000000
1070.000000 565.333333
1064.000000 571.666667
1058.000000 578.000000
1052.000000 585.000000
1045.666667 592.333333
1039.000000 600.000000
1032.000000 607.666667
1025.333333 615.333333
1019.000000 623.000000
1012.666667 631.333333
1006.000000 639.666667
998.666667 648.000000
991.000000 655.666667
983.666667 663.000000
977.000000 669.666667
970.666667 676.333333
964.666667 683.000000
958.666667 689.333333
953.333333 695.333333
948.000000 700.666667
943.000000 706.000000
938.000000 710.666667
933.333333 715.000000
929.000000 718.666667
925.333333 722.000000
922.000000 724.666667
919.333333 726.666667
917.333333 728.000000
916.000000 729.000000
915.000000 730.000000
