712.333333 422.000000
712.666667 418.666667
713.000000 415.000000
713.000000 411.000000
713.000000 407.000000
713.000000 403.333333
713.333333 399.666667
713.666667 396.333333
714.333333 392.666667
714.666667 388.666667
715.333333 384.000000
715.666667 378.666667
716.333333 373.000000
717.000000 367.000000
717.666667 361.333333
718.333333 356.000000
719.000000 350.666667
720.000000 345.333333
721.333333 339.666667
722.666667 334.333333
724.333333 328.666667
726.000000 323.000000
728.000000 317.333333
730.000000 312.000000
732.333333 307.000000
735.000000 302.000000
738.333333 297.000000
742.000000 292.000000
746.000000 286.666667
750.000000 281.000000
754.000000 275.000000
757.666667 269.333333
761.000000 264.000000
764.000000 259.000000
767.333333 254.333333
771.333333 249.666667
776.000000 245.000000
781.333333 240.333333
787.000000 235.333333
792.666667 230.666667
798.000000 225.666667
803.000000 221.000000
808.000000 216.333333
813.333333 211.666667
819.000000 207.333333
825.000000 203.333333
831.333333 200.000000
837.666667 197.000000
844.000000 194.000000
849.666667 191.000000
855.000000 187.666667
860.000000 184.333333
865.333333 181.000000
871.000000 178.000000
877.000000 175.000000
883.000000 172.000000
889.000000 169.333333
894.666667 167.000000
900.000000 165.000000
905.000000 163.000000
910.333333 161.333333
916.333333 160.000000
922.666667 159.000000
929.000000 158.000000
940.000000 157.666667
953.000000 158.000000
966.000000 159.333333
974.000000 160.666667
979.666667 162.333333
985.333333 163.666667
990.666667 165.333333
995.666667 167.000000
1000.333333 169.333333
1005.000000 172.000000
1010.000000 175.000000
1015.000000 178.000000
1020.000000 181.000000
1025.333333 184.000000
1030.333333 187.000000
1035.333333 190.000000
1039.666667 193.000000
1044.000000 196.000000
1047.666667 199.000000
1051.000000 202.333333
1054.333333 206.333333
1057.666667 210.666667
1061.000000 215.333333
1064.000000 219.666667
1067.000000 224.000000
1070.000000 227.666667
1073.000000 231.333333
1076.000000 235.000000
1079.000000 239.000000
1082.000000 243.000000
1084.666667 247.333333
1087.333333 252.000000
1089.666667 257.333333
1092.000000 263.000000
1093.666667 268.666667
1095.333333 274.000000
1096.666667 279.000000
1098.000000 284.000000
1098.666667 289.000000
1099.333333 294.000000
1099.666667 299.333333
1100.000000 305.000000
1100.000000 311.000000
1100.000000 316.666667
1100.000000 322.333333
1099.666667 327.666667
1099.333333 333.333333
1098.666667 339.000000
1098.000000 345.000000
1097.000000 351.333333
1096.000000 357.666667
1095.000000 363.666667
1093.666667 369.333333
1092.000000 374.666667
1090.000000 380.000000
1088.000000 385.333333
1085.666667 391.000000
1083.000000 397.000000
1080.000000 403.333333
1076.666667 410.000000
1073.333333 416.666667
1069.666667 423.333333
1066.000000 430.000000
1062.333333 437.000000
1059.000000 443.666667
1055.666667 450.333333
1052.333333 457.000000
1048.666667 463.333333
1044.666667 469.666667
1040.333333 475.333333
1035.333333 481.333333
1030.000000 487.333333
1024.333333 494.000000
1019.000000 501.000000
1014.000000 508.000000
1009.000000 515.000000
1003.666667 521.666667
998.000000 528.000000
992.000000 534.000000
986.333333 540.000000
980.666667 546.333333
975.333333 552.333333
970.333333 558.333333
966.000000 563.666667
962.000000 569.000000
957.666667 573.666667
953.333333 578.666667
948.666667 583.666667
943.666667 589.333333
938.333333 595.000000
933.000000 601.000000
928.333333 606.666667
924.000000 612.333333
920.000000 617.666667
916.333333 622.666667
913.000000 627.000000
910.000000 631.000000
906.666667 635.000000
903.333333 639.000000
899.333333 643.333333
895.333333 648.000000
891.000000 653.000000
887.000000 657.666667
883.000000 662.000000
879.000000 666.000000
875.333333 670.000000
872.000000 674.000000
869.000000 678.000000
866.000000 681.666667
862.666667 685.666667
858.666667 690.000000
854.333333 695.000000
849.333333 700.333333
844.000000 705.666667
838.333333 711.000000
832.666667 715.666667
827.666667 720.333333
822.666667 724.333333
818.000000 728.333333
813.000000 732.000000
807.666667 736.000000
802.000000 740.000000
796.333333 744.000000
791.000000 748.000000
786.333333 751.666667
782.000000 755.333333
778.333333 758.333333
775.000000 761.333333
772.333333 763.666667
770.333333 765.666667
769.000000 767.000000
768.000000 768.000000
767.333333 769.000000
766.666667 770.000000
766.000000 771.000000
765.333333 772.000000
764.666667 773.000000
764.333333 774.000000
764.000000 775.000000
763.666667 776.000000
763.333333 777.000000
763.000000 778.000000
