827.333333 350.333333
830.333333 345.000000
834.333333 339.000000
839.333333 331.666667
845.000000 324.000000
851.333333 315.666667
858.666667 307.000000
867.333333 297.333333
877.000000 287.666667
887.000000 277.666667
898.000000 268.000000
909.666667 258.666667
922.333333 250.000000
935.000000 241.000000
948.666667 231.666667
962.666667 222.000000
977.000000 213.333333
991.000000 205.333333
1005.333333 198.333333
1019.000000 192.333333
1032.666667 187.333333
1045.666667 183.666667
1059.000000 181.333333
1071.666667 180.000000
1084.000000 179.666667
1096.333333 180.333333
1108.666667 182.333333
1120.666667 185.000000
1131.666667 188.666667
1141.666667 193.333333
1150.666667 199.333333
1159.000000 206.333333
1166.666667 214.666667
1173.666667 224.333333
1179.333333 235.666667
1183.666667 247.666667
1186.666667 260.333333
1188.666667 273.666667
1189.666667 288.000000
1189.333333 303.000000
1187.666667 319.000000
1184.666667 335.666667
1180.666667 353.333333
1176.000000 371.666667
1170.666667 391.000000
1165.000000 411.333333
1158.666667 431.666667
1151.666667 452.333333
1143.333333 473.000000
1134.000000 494.333333
1123.666667 516.333333
1112.333333 539.000000
1099.333333 561.333333
1085.333333 583.333333
1070.333333 604.666667
1054.666667 625.333333
1038.000000 645.333333
1020.333333 664.333333
1002.333333 682.666667
983.333333 700.000000
964.666667 716.666667
946.000000 732.333333
928.000000 746.333333
910.666667 758.333333
894.666667 768.666667
880.333333 777.666667
867.666667 785.333333
856.333333 791.666667
847.000000 796.666667
839.666667 800.333333
834.333333 802.666667
830.666667 804.000000
828.000000 804.333333
826.666667 803.666667
826.000000 802.333333
826.333333 800.666667
