690.666667 424.333333
691.000000 420.666667
691.000000 417.333333
691.333333 413.666667
691.666667 410.000000
692.000000 406.000000
692.333333 401.666667
693.333333 397.000000
695.333333 392.000000
697.666667 387.000000
700.000000 382.000000
702.000000 376.666667
703.333333 371.333333
704.333333 365.666667
704.666667 360.333333
704.666667 355.000000
704.000000 350.000000
703.000000 345.000000
701.333333 340.000000
699.333333 334.666667
696.333333 329.000000
693.333333 323.333333
689.666667 317.666667
686.333333 312.000000
682.666667 306.333333
679.000000 300.666667
675.000000 295.333333
671.000000 289.666667
666.666667 284.333333
662.000000 278.666667
657.000000 273.333333
651.333333 267.666667
645.666667 262.333333
639.666667 257.000000
634.000000 251.666667
627.666667 246.333333
621.000000 241.333333
614.000000 236.666667
607.333333 232.333333
601.000000 228.000000
595.000000 224.000000
589.333333 220.333333
583.666667 217.000000
578.333333 214.000000
573.000000 211.000000
567.666667 208.000000
562.000000 205.333333
556.000000 203.000000
550.333333 201.000000
545.000000 199.333333
539.666667 197.666667
534.000000 196.333333
528.000000 195.000000
521.666667 194.000000
514.666667 193.000000
496.333333 192.666667
478.333333 193.000000
458.666667 194.000000
448.666667 195.000000
438.666667 196.000000
431.000000 197.000000
425.000000 198.000000
418.666667 199.333333
412.333333 201.000000
406.333333 203.333333
401.333333 206.000000
397.000000 209.000000
393.000000 212.000000
389.333333 215.333333
385.666667 219.333333
382.333333 224.333333
379.333333 229.333333
376.666667 234.333333
374.333333 239.000000
372.333333 244.333333
370.666667 249.666667
369.333333 255.333333
368.000000 260.666667
367.333333 266.333333
367.000000 272.000000
367.333333 278.000000
367.666667 284.333333
368.333333 291.333333
369.000000 299.000000
369.666667 307.333333
370.333333 315.666667
371.000000 324.333333
371.666667 332.666667
372.333333 341.000000
373.000000 349.000000
374.000000 357.000000
375.333333 364.666667
376.666667 372.000000
378.333333 379.000000
380.000000 385.666667
382.000000 392.333333
384.000000 399.000000
386.000000 405.666667
387.666667 412.000000
389.666667 417.666667
391.666667 423.333333
394.333333 428.666667
397.000000 434.333333
400.333333 439.666667
404.000000 445.666667
408.000000 451.333333
412.000000 457.000000
416.000000 462.333333
420.000000 467.666667
424.000000 472.666667
428.000000 477.333333
432.000000 482.000000
436.333333 487.000000
441.000000 492.000000
446.666667 497.333333
452.666667 503.000000
459.333333 509.000000
465.666667 515.333333
472.333333 522.000000
479.000000 528.666667
486.333333 535.666667
494.000000 542.666667
501.666667 550.333333
509.000000 557.666667
516.000000 565.000000
522.666667 572.000000
529.666667 578.666667
536.666667 585.333333
544.333333 592.000000
551.333333 599.000000
558.333333 606.000000
564.666667 613.000000
571.333333 620.000000
577.666667 626.666667
584.000000 633.000000
590.000000 639.000000
596.000000 645.000000
602.000000 651.000000
607.666667 657.000000
613.000000 663.000000
618.000000 669.000000
623.000000 675.000000
628.000000 681.000000
633.000000 687.000000
637.666667 692.666667
642.000000 698.000000
646.333333 703.000000
650.666667 708.000000
654.666667 712.666667
658.333333 717.000000
661.666667 721.000000
665.000000 725.000000
668.000000 729.000000
671.000000 733.000000
674.000000 737.333333
677.000000 742.000000
680.000000 746.666667
683.000000 751.333333
685.666667 755.666667
688.000000 760.000000
690.333333 763.666667
692.666667 767.333333
695.333333 770.666667
697.666667 774.000000
700.000000 777.000000
702.333333 780.000000
704.666667 783.666667
707.333333 787.666667
709.666667 792.000000
712.333333 796.333333
714.333333 800.666667
716.333333 804.666667
717.666667 808.000000
719.333333 811.000000
720.666667 813.666667
721.666667 815.666667
722.333333 817.000000
723.000000 818.333333
723.666667 819.666667
724.333333 821.000000
724.666667 822.000000
725.000000 823.000000
725.000000 824.000000
725.000000 825.000000
725.000000 826.000000
