660.000000 392.666667
661.000000 391.333333
662.000000 389.333333
662.666667 387.000000
663.000000 383.666667
663.000000 380.000000
663.000000 376.333333
663.000000 372.666667
663.000000 369.000000
662.666667 365.000000
662.333333 360.666667
662.000000 356.333333
661.666667 352.000000
660.666667 348.000000
659.333333 344.000000
657.666667 339.666667
656.000000 335.333333
654.000000 330.666667
652.000000 326.333333
649.666667 321.666667
647.333333 317.333333
645.000000 313.000000
643.000000 309.000000
641.000000 305.000000
638.666667 301.000000
636.333333 297.000000
634.000000 292.666667
631.666667 288.000000
629.666667 283.333333
627.333333 278.666667
625.666667 274.333333
623.666667 270.000000
622.000000 266.000000
620.000000 262.000000
618.000000 258.000000
616.000000 254.333333
613.666667 251.000000
611.000000 247.666667
608.333333 244.333333
605.666667 241.000000
603.000000 238.000000
600.000000 234.666667
597.333333 231.333333
594.666667 228.333333
592.000000 225.333333
589.000000 222.333333
586.333333 219.000000
583.666667 216.000000
581.333333 213.333333
578.666667 210.666667
576.333333 208.000000
573.333333 205.333333
570.333333 202.666667
566.666667 200.333333
562.666667 198.000000
558.000000 196.000000
553.000000 194.000000
548.333333 192.333333
543.666667 191.000000
538.000000 190.000000
532.000000 189.000000
522.666667 188.666667
510.333333 189.000000
494.666667 190.000000
480.333333 191.000000
468.000000 192.333333
458.666667 193.666667
451.333333 195.000000
446.333333 196.333333
442.000000 198.000000
438.000000 200.000000
434.000000 202.000000
430.000000 204.333333
425.666667 206.666667
421.333333 209.333333
417.000000 211.666667
413.000000 214.333333
409.000000 216.666667
405.000000 219.333333
401.333333 221.666667
398.000000 224.000000
395.000000 226.000000
392.333333 228.000000
389.666667 230.000000
387.333333 232.000000
385.000000 234.000000
383.000000 236.000000
381.000000 238.000000
379.000000 240.000000
377.000000 242.000000
374.666667 244.333333
372.000000 246.666667
369.333333 249.333333
366.666667 252.000000
364.000000 255.000000
361.000000 258.000000
358.333333 261.000000
356.000000 264.000000
354.333333 267.000000
352.666667 270.000000
351.333333 273.000000
350.000000 276.000000
349.000000 279.333333
348.000000 282.666667
347.000000 286.333333
346.000000 290.000000
345.333333 294.333333
344.666667 299.333333
344.333333 305.000000
343.666667 311.000000
343.333333 317.000000
343.000000 322.666667
343.333333 328.000000
343.666667 332.666667
344.000000 337.000000
344.000000 340.666667
344.333333 344.333333
344.666667 347.666667
345.000000 351.333333
345.333333 355.000000
345.666667 359.000000
346.333333 363.333333
347.333333 368.000000
348.666667 373.000000
350.333333 378.000000
352.000000 383.000000
354.000000 388.000000
355.666667 392.666667
357.333333 397.000000
359.333333 401.000000
361.666667 405.000000
364.000000 409.000000
366.000000 412.666667
368.000000 416.333333
370.000000 420.000000
372.000000 423.666667
374.000000 427.333333
376.000000 431.000000
378.000000 435.333333
380.333333 440.000000
382.333333 444.666667
384.333333 449.333333
386.000000 454.000000
388.000000 459.000000
390.000000 463.666667
392.000000 468.000000
394.333333 472.000000
397.000000 476.000000
400.000000 480.000000
403.333333 483.666667
407.000000 487.333333
410.666667 491.000000
414.333333 495.000000
417.666667 499.000000
421.333333 503.333333
424.666667 508.000000
427.666667 512.666667
430.000000 517.333333
432.333333 521.666667
435.000000 526.000000
438.000000 530.000000
441.333333 534.333333
445.333333 539.000000
449.666667 543.666667
454.000000 548.000000
458.000000 552.000000
462.000000 556.000000
466.000000 560.000000
469.666667 564.000000
473.000000 568.000000
476.000000 571.666667
479.000000 575.000000
482.000000 578.333333
485.333333 582.000000
489.666667 586.333333
495.000000 591.000000
500.666667 596.000000
506.000000 600.666667
510.666667 605.333333
515.333333 610.000000
519.666667 614.666667
523.666667 619.000000
527.333333 622.666667
531.666667 626.333333
537.000000 630.000000
543.000000 634.000000
549.000000 638.000000
554.666667 642.000000
560.333333 646.333333
565.666667 651.000000
571.666667 656.333333
578.333333 662.333333
586.000000 668.333333
594.000000 674.333333
601.666667 680.000000
609.000000 686.333333
616.000000 693.000000
624.000000 700.000000
632.666667 706.666667
641.333333 712.666667
649.333333 718.333333
656.333333 723.666667
663.333333 729.000000
670.333333 734.333333
678.333333 740.000000
686.333333 746.000000
693.666667 751.666667
700.000000 757.000000
705.666667 762.000000
710.333333 766.666667
714.333333 771.000000
717.666667 774.666667
720.666667 778.000000
722.666667 780.666667
724.000000 782.666667
725.000000 784.000000
726.000000 785.000000
726.666667 786.000000
727.333333 787.000000
727.666667 788.000000
728.000000 789.000000
728.000000 790.000000
728.000000 790.333333
728.000000 789.333333
727.333333 786.333333
