614.666667 440.333333
595.333333 438.000000
576.333333 435.000000
576.666667 432.000000
577.000000 428.666667
577.333333 425.000000
577.666667 420.333333
578.000000 415.333333
577.666667 409.333333
577.000000 403.000000
576.000000 395.666667
575.333333 388.000000
574.333333 380.000000
573.333333 371.666667
572.000000 363.666667
571.000000 356.333333
570.000000 350.000000
569.000000 343.666667
567.666667 337.666667
566.333333 331.666667
564.666667 326.000000
562.666667 320.000000
559.666667 314.333333
555.666667 309.000000
551.666667 303.666667
547.666667 298.333333
544.000000 293.000000
540.333333 288.000000
537.000000 283.333333
534.000000 278.666667
531.000000 274.000000
528.333333 269.000000
525.666667 264.333333
523.000000 260.000000
519.666667 256.000000
515.333333 251.666667
510.000000 247.333333
504.333333 243.000000
499.000000 239.000000
494.333333 235.333333
490.000000 231.666667
486.000000 228.000000
482.333333 224.000000
478.666667 220.000000
475.333333 216.333333
471.666667 212.666667
468.000000 209.333333
464.333333 206.333333
460.666667 203.666667
457.333333 201.666667
454.333333 200.000000
451.666667 199.000000
449.000000 198.000000
446.333333 197.000000
442.666667 196.000000
436.333333 195.666667
428.000000 196.000000
419.666667 197.000000
413.000000 198.333333
407.333333 199.666667
402.000000 201.333333
397.000000 203.000000
392.000000 205.333333
387.000000 208.000000
382.000000 211.000000
376.333333 214.333333
370.000000 218.000000
363.666667 222.000000
358.000000 225.666667
352.666667 229.333333
347.666667 233.000000
342.666667 236.666667
338.333333 240.666667
333.666667 245.333333
329.333333 251.000000
325.000000 257.000000
320.666667 263.333333
316.333333 269.666667
312.000000 275.666667
308.333333 281.000000
305.000000 286.000000
302.333333 291.000000
300.000000 296.000000
298.333333 301.333333
297.666667 307.333333
298.000000 313.666667
299.000000 320.000000
300.333333 326.333333
302.000000 333.000000
304.666667 339.666667
307.666667 346.333333
311.000000 353.000000
313.666667 360.000000
316.333333 367.000000
318.666667 373.333333
321.000000 379.000000
323.000000 384.000000
324.666667 388.666667
326.333333 393.666667
328.000000 399.000000
329.666667 404.666667
331.000000 410.666667
332.333333 416.333333
333.333333 422.333333
334.333333 427.333333
335.000000 432.333333
336.000000 437.000000
336.666667 442.333333
337.333333 447.666667
338.000000 453.333333
339.000000 459.000000
340.000000 465.000000
341.000000 470.666667
342.333333 476.333333
344.000000 482.000000
346.000000 488.000000
348.000000 494.333333
350.333333 501.333333
353.000000 508.666667
356.000000 515.666667
359.000000 522.000000
362.000000 528.000000
365.000000 534.000000
368.000000 539.666667
371.000000 545.333333
374.000000 551.000000
376.666667 557.333333
379.000000 563.666667
381.000000 569.666667
383.000000 575.000000
385.000000 580.000000
387.000000 585.333333
389.000000 591.000000
391.000000 596.666667
393.000000 602.333333
395.333333 607.666667
398.333333 613.000000
401.666667 617.666667
405.333333 622.333333
409.000000 626.666667
413.000000 631.333333
417.000000 636.000000
421.000000 641.000000
425.000000 646.000000
429.333333 651.333333
434.333333 657.333333
440.666667 663.666667
447.666667 670.000000
455.000000 676.000000
462.000000 682.000000
469.000000 688.333333
476.666667 695.333333
485.000000 702.666667
494.000000 710.000000
502.666667 716.666667
511.333333 723.000000
519.333333 728.666667
528.666667 734.666667
538.000000 740.333333
548.000000 746.333333
557.000000 752.000000
565.666667 758.000000
575.000000 764.000000
584.333333 769.666667
593.666667 775.333333
602.000000 780.666667
609.333333 786.000000
615.666667 791.000000
621.333333 796.000000
626.666667 801.000000
632.666667 806.000000
638.000000 810.000000
642.000000 812.666667
644.333333 814.333333
645.666667 815.666667
646.666667 817.000000
647.000000 818.000000
648.333333 818.333333
