904.333333 365.333333
905.333333 363.666667
905.666667 362.000000
906.000000 359.666667
906.333333 357.333333
906.666667 354.666667
907.000000 352.333333
907.000000 350.000000
907.000000 347.666667
907.333333 345.333333
907.666667 343.000000
908.000000 340.666667
908.000000 338.333333
908.000000 335.333333
908.000000 332.333333
908.333333 329.000000
908.666667 325.666667
909.333333 321.666667
909.666667 317.333333
910.333333 312.666667
911.000000 308.333333
912.333333 303.666667
914.333333 299.000000
917.333333 294.000000
921.333333 288.666667
926.000000 283.000000
931.333333 276.666667
937.000000 270.333333
942.666667 264.000000
948.000000 258.333333
953.000000 253.000000
958.000000 248.000000
963.333333 242.666667
968.666667 237.666667
974.666667 232.666667
980.666667 228.000000
986.666667 223.333333
992.000000 218.666667
996.666667 214.666667
1000.666667 210.666667
1004.000000 207.666667
1007.666667 204.333333
1011.666667 201.333333
1016.333333 198.333333
1021.333333 195.666667
1026.666667 193.333333
1032.333333 190.666667
1037.666667 188.333333
1042.666667 186.000000
1047.000000 184.000000
1051.000000 182.000000
1055.666667 180.000000
1061.000000 178.333333
1066.666667 177.000000
1072.333333 175.666667
1078.000000 174.333333
1084.000000 173.000000
1089.333333 172.000000
1095.666667 171.000000
1101.666667 170.000000
1108.000000 169.000000
1113.333333 168.000000
1126.000000 167.666667
1138.333333 168.000000
1150.333333 169.000000
1155.333333 170.333333
1160.666667 172.000000
1166.666667 174.000000
1172.666667 176.000000
1178.666667 178.000000
1184.000000 180.000000
1189.000000 182.000000
1194.000000 184.000000
1199.333333 186.000000
1204.666667 188.000000
1210.333333 190.333333
1215.666667 192.666667
1221.333333 195.000000
1226.666667 197.333333
1231.666667 199.666667
1236.000000 202.333333
1240.000000 204.666667
1243.666667 207.666667
1247.333333 210.666667
1251.000000 214.333333
1255.000000 218.333333
1259.000000 222.666667
1263.000000 227.000000
1267.000000 231.000000
1271.000000 235.000000
1275.000000 239.000000
1278.666667 243.333333
1281.666667 248.000000
1284.000000 252.666667
1286.000000 257.333333
1287.666667 262.333333
1289.000000 268.000000
1289.666667 274.000000
1290.333333 280.000000
1290.666667 285.666667
1290.666667 291.666667
1290.333333 298.000000
1290.000000 304.666667
1290.000000 311.333333
1289.666667 318.000000
1289.333333 324.333333
1288.666667 330.333333
1288.000000 335.666667
1287.000000 341.000000
1285.666667 346.000000
1284.000000 351.333333
1282.000000 356.666667
1279.666667 362.000000
1277.333333 367.333333
1274.666667 372.333333
1272.000000 377.333333
1269.000000 382.000000
1265.666667 387.333333
1262.333333 392.666667
1259.000000 398.333333
1256.000000 404.000000
1253.333333 410.000000
1251.000000 415.666667
1249.000000 421.000000
1247.333333 425.666667
1245.666667 430.333333
1244.000000 434.333333
1241.666667 439.000000
1238.666667 443.666667
1235.333333 449.333333
1231.333333 455.000000
1227.333333 461.333333
1222.666667 467.666667
1218.000000 474.000000
1213.333333 480.333333
1208.666667 487.333333
1204.333333 494.666667
1200.000000 502.333333
1195.666667 509.666667
1191.000000 516.666667
1185.666667 523.333333
1180.000000 529.666667
1174.333333 536.000000
1169.000000 542.333333
1164.000000 549.000000
1159.000000 556.000000
1154.000000 562.666667
1148.666667 569.000000
1142.000000 575.333333
1134.666667 581.666667
1127.333333 587.666667
1121.000000 593.666667
1115.000000 600.000000
1109.000000 606.666667
1103.000000 613.000000
1096.333333 619.000000
1089.333333 624.666667
1082.333333 630.000000
1076.000000 635.000000
1070.333333 640.000000
1065.000000 645.000000
1059.666667 650.000000
1053.666667 655.333333
1046.666667 661.000000
1039.000000 666.333333
1031.666667 671.333333
1025.333333 675.333333
1020.000000 679.333333
1015.000000 683.000000
1010.000000 687.000000
1005.000000 691.000000
999.000000 695.333333
992.666667 700.000000
986.000000 704.666667
980.000000 709.333333
974.333333 713.666667
969.000000 717.666667
964.000000 721.333333
959.000000 724.666667
953.666667 728.000000
948.333333 731.000000
943.333333 733.666667
939.000000 736.000000
935.666667 737.666667
933.000000 739.000000
931.333333 740.000000
929.666667 741.000000
928.333333 742.000000
