725.000000 340.000000
724.666667 338.333333
724.333333 336.333333
723.666667 333.666667
723.333333 331.000000
723.000000 327.666667
722.666667 324.333333
722.333333 320.666667
722.000000 317.000000
722.000000 313.000000
722.000000 309.000000
721.666667 305.333333
721.333333 301.666667
721.000000 298.000000
721.000000 294.000000
720.666667 290.333333
720.333333 286.666667
720.000000 283.333333
719.666667 280.000000
719.333333 277.000000
719.000000 273.666667
718.666667 270.000000
718.000000 266.000000
717.000000 262.000000
716.000000 258.000000
715.000000 254.000000
713.666667 250.000000
712.000000 246.000000
710.000000 242.333333
708.000000 238.666667
706.000000 234.666667
703.666667 230.333333
700.666667 226.000000
697.333333 222.000000
693.333333 217.666667
689.333333 213.000000
685.000000 208.000000
680.666667 203.333333
676.000000 198.666667
670.666667 193.666667
665.000000 188.333333
659.333333 183.000000
653.333333 178.000000
647.666667 173.000000
641.666667 168.333333
636.333333 164.000000
630.666667 160.000000
624.666667 156.000000
617.666667 152.333333
610.333333 149.000000
603.000000 146.333333
596.000000 143.666667
589.333333 141.333333
582.666667 139.000000
576.000000 137.000000
569.000000 135.000000
562.000000 133.000000
555.000000 131.000000
548.333333 129.333333
541.666667 127.666667
535.000000 126.333333
528.000000 125.000000
521.000000 124.000000
511.666667 123.000000
497.666667 122.666667
483.333333 123.000000
472.333333 124.000000
467.000000 125.000000
463.000000 126.000000
459.000000 127.333333
455.333333 129.000000
452.000000 131.000000
449.000000 133.000000
446.333333 135.000000
443.666667 137.666667
441.333333 141.000000
439.000000 145.333333
437.333333 150.000000
436.000000 155.333333
435.000000 161.000000
434.333333 167.333333
434.000000 173.666667
433.666667 179.666667
433.333333 185.666667
433.333333 192.000000
433.666667 199.000000
434.333333 206.333333
435.000000 214.000000
436.333333 221.666667
437.666667 229.333333
439.000000 237.000000
440.000000 245.000000
441.000000 253.333333
442.000000 261.666667
443.000000 269.666667
444.000000 277.333333
445.000000 285.000000
446.333333 293.000000
448.000000 301.000000
450.000000 309.000000
452.000000 316.666667
454.000000 324.000000
456.000000 331.333333
458.000000 338.666667
460.000000 346.333333
462.000000 354.000000
464.333333 362.333333
466.666667 370.666667
469.000000 378.666667
471.000000 386.333333
473.333333 394.000000
475.666667 402.000000
478.000000 409.666667
480.000000 416.666667
482.333333 422.666667
484.666667 428.333333
487.333333 433.333333
490.000000 438.000000
493.000000 442.000000
496.666667 446.333333
500.666667 450.666667
505.000000 455.333333
509.333333 460.000000
513.666667 465.000000
518.333333 470.000000
522.666667 474.666667
527.666667 479.666667
533.000000 484.666667
539.000000 490.000000
545.000000 495.000000
551.000000 500.000000
556.666667 505.000000
562.333333 510.000000
568.000000 515.333333
574.000000 520.666667
580.000000 526.000000
586.333333 531.333333
593.333333 537.333333
600.666667 544.000000
607.666667 551.333333
614.333333 558.666667
621.333333 566.333333
629.000000 574.000000
637.000000 582.333333
645.000000 591.000000
652.666667 599.666667
660.333333 608.000000
668.000000 615.666667
676.333333 623.333333
685.000000 631.000000
693.666667 639.333333
702.000000 648.000000
709.666667 656.666667
717.333333 664.666667
725.000000 672.333333
733.000000 680.000000
740.666667 688.333333
748.000000 697.000000
754.666667 706.333333
760.333333 715.666667
765.333333 725.333333
769.333333 734.666667
773.333333 744.000000
776.666667 752.000000
779.666667 759.000000
781.666667 764.000000
783.000000 768.000000
783.666667 770.666667
784.333333 772.666667
784.666667 774.000000
785.000000 775.000000
785.000000 776.000000
785.000000 777.000000
785.000000 778.000000
785.000000 779.000000
785.000000 780.000000
785.000000 780.333333
785.333333 779.666667
