904.333333 445.333333
903.666667 443.666667
903.000000 442.333333
902.333333 440.333333
901.666667 438.666667
901.333333 436.333333
901.000000 434.333333
901.000000 431.666667
901.333333 429.333333
901.666667 426.333333
902.333333 423.000000
902.666667 419.000000
903.000000 414.666667
903.333333 410.000000
903.666667 405.333333
904.000000 401.000000
904.000000 396.666667
904.000000 392.000000
904.333333 386.666667
904.666667 381.000000
905.000000 375.000000
905.333333 369.000000
906.000000 363.333333
906.666667 358.000000
907.333333 352.666667
908.000000 347.333333
909.333333 341.666667
911.000000 335.666667
913.000000 329.333333
915.333333 322.666667
918.333333 316.333333
922.000000 310.333333
926.333333 304.666667
931.333333 299.000000
936.666667 293.000000
942.000000 286.666667
946.666667 280.333333
951.000000 274.000000
955.000000 268.000000
958.666667 262.333333
962.333333 257.000000
966.000000 252.333333
970.666667 247.666667
976.333333 243.000000
982.666667 238.333333
988.666667 233.666667
994.000000 229.333333
999.000000 224.666667
1003.666667 220.333333
1008.666667 215.666667
1014.333333 211.333333
1021.000000 207.000000
1027.666667 203.333333
1034.000000 200.333333
1039.666667 198.000000
1045.000000 196.000000
1050.000000 194.000000
1055.333333 191.666667
1061.333333 189.333333
1068.333333 187.000000
1075.666667 185.000000
1082.666667 183.000000
1088.666667 181.000000
1094.333333 179.000000
1100.000000 177.333333
1106.333333 176.000000
1113.333333 175.000000
1120.666667 174.000000
1132.000000 173.666667
1145.333333 174.000000
1159.333333 175.333333
1169.666667 176.666667
1177.333333 178.000000
1184.000000 179.333333
1190.000000 181.000000
1196.000000 182.666667
1202.000000 184.333333
1208.000000 186.000000
1214.000000 187.666667
1220.000000 189.333333
1225.666667 191.000000
1231.000000 193.000000
1235.666667 195.000000
1240.000000 197.333333
1244.000000 200.000000
1248.000000 203.333333
1252.000000 207.000000
1256.000000 211.333333
1260.333333 215.666667
1265.333333 220.333333
1270.000000 224.666667
1274.333333 229.000000
1277.666667 232.666667
1281.333333 236.333333
1284.666667 240.000000
1288.000000 244.333333
1291.000000 249.000000
1293.666667 254.333333
1296.000000 260.000000
1298.000000 265.666667
1300.000000 271.666667
1302.000000 277.666667
1304.000000 284.666667
1306.000000 291.666667
1308.333333 299.000000
1310.666667 306.333333
1312.666667 313.666667
1314.333333 320.333333
1315.666667 326.333333
1317.000000 332.000000
1318.000000 338.000000
1318.666667 344.000000
1319.000000 350.333333
1319.000000 357.000000
1318.666667 363.333333
1318.000000 369.333333
1317.000000 375.000000
1315.666667 381.000000
1314.000000 387.333333
1312.000000 394.333333
1310.000000 401.666667
1308.000000 408.666667
1306.000000 415.333333
1304.000000 422.000000
1302.000000 429.000000
1300.000000 435.666667
1298.000000 442.666667
1295.666667 450.000000
1293.000000 458.000000
1289.666667 465.333333
1286.000000 472.333333
1281.333333 479.333333
1275.666667 487.000000
1269.666667 495.333333
1263.666667 503.666667
1258.333333 511.666667
1252.666667 519.333333
1246.333333 527.333333
1238.666667 536.333333
1230.666667 545.666667
1222.666667 555.000000
1215.333333 563.666667
1208.000000 572.333333
1200.000000 580.666667
1191.333333 589.666667
1182.000000 598.333333
1173.333333 607.000000
1165.333333 614.333333
1157.666667 621.333333
1149.666667 628.000000
1141.000000 635.000000
1132.666667 642.000000
1125.000000 648.666667
1118.000000 655.333333
1111.666667 661.666667
1105.333333 667.666667
1098.666667 673.000000
1091.333333 678.333333
1084.000000 683.666667
1077.333333 689.000000
1071.333333 693.666667
1066.000000 698.333333
1061.000000 702.666667
1056.333333 707.333333
1051.333333 711.666667
1045.333333 716.000000
1038.666667 719.666667
1032.333333 723.000000
1026.666667 726.000000
1021.333333 729.000000
1015.666667 732.000000
1010.000000 735.333333
1002.666667 739.333333
995.000000 744.000000
987.000000 748.666667
980.000000 753.333333
973.333333 758.000000
967.333333 762.666667
961.666667 767.000000
955.666667 771.000000
950.000000 774.666667
945.333333 777.333333
942.000000 779.333333
939.333333 780.666667
937.000000 782.000000
935.333333 783.000000
934.000000 783.333333
