821.333333 357.666667
820.666667 356.000000
820.333333 354.000000
820.000000 352.000000
820.000000 350.000000
820.000000 347.666667
820.333333 345.000000
821.000000 342.000000
822.333333 338.666667
824.333333 334.666667
826.666667 330.333333
829.333333 325.666667
832.333333 320.666667
835.666667 315.333333
839.333333 310.000000
843.000000 305.000000
847.000000 300.000000
851.000000 295.000000
855.000000 290.000000
859.000000 284.333333
863.333333 278.333333
867.666667 272.333333
872.666667 266.333333
877.333333 261.000000
882.666667 255.666667
887.666667 250.666667
893.000000 245.666667
898.000000 240.666667
902.666667 236.333333
907.000000 232.000000
913.000000 226.333333
919.666667 220.333333
926.666667 214.000000
932.333333 209.333333
938.000000 205.333333
943.333333 202.000000
948.333333 199.000000
953.000000 196.000000
958.333333 193.000000
964.000000 190.000000
970.333333 187.000000
976.666667 184.000000
983.000000 181.333333
988.666667 178.666667
994.000000 176.000000
999.000000 173.000000
1004.333333 170.000000
1010.000000 166.666667
1016.000000 163.666667
1022.000000 160.666667
1028.333333 158.666667
1034.333333 157.000000
1040.000000 156.000000
1045.000000 154.666667
1050.000000 153.333333
1070.666667 152.666667
1092.666667 153.000000
1114.666667 154.000000
1120.666667 155.333333
1125.000000 156.666667
1129.000000 158.333333
1133.000000 160.000000
1136.666667 162.000000
1140.000000 164.000000
1142.666667 166.000000
1145.333333 168.000000
1148.000000 170.666667
1151.000000 173.666667
1153.666667 177.333333
1156.333333 181.000000
1159.000000 185.000000
1162.333333 189.000000
1165.666667 193.333333
1169.000000 198.000000
1172.000000 202.666667
1175.000000 207.333333
1178.000000 212.333333
1180.666667 217.333333
1183.000000 222.333333
1185.000000 227.000000
1187.000000 232.000000
1189.000000 237.333333
1190.666667 243.000000
1192.000000 249.000000
1193.000000 255.000000
1193.666667 261.333333
1194.333333 267.333333
1194.666667 273.333333
1195.000000 278.666667
1195.000000 284.333333
1194.666667 290.000000
1194.000000 296.000000
1193.000000 302.333333
1192.000000 308.666667
1191.000000 315.333333
1190.000000 321.666667
1188.666667 328.000000
1187.000000 334.333333
1184.666667 341.333333
1182.333333 348.666667
1179.666667 356.333333
1177.333333 363.666667
1174.666667 371.000000
1171.666667 378.333333
1168.333333 386.000000
1165.000000 394.000000
1162.000000 402.000000
1159.000000 410.000000
1155.666667 418.000000
1152.333333 426.000000
1148.666667 434.000000
1145.000000 442.666667
1140.666667 451.666667
1135.666667 460.666667
1130.333333 469.333333
1125.000000 478.000000
1119.666667 487.333333
1114.000000 496.666667
1108.000000 506.000000
1101.666667 515.000000
1094.666667 524.333333
1087.333333 534.000000
1080.000000 543.666667
1073.333333 553.000000
1067.000000 561.666667
1061.000000 570.333333
1055.000000 579.333333
1049.000000 588.666667
1042.666667 598.333333
1036.000000 607.333333
1029.000000 616.666667
1022.000000 626.333333
1015.000000 636.666667
1008.000000 647.000000
1000.666667 656.666667
993.333333 666.000000
986.000000 675.000000
979.000000 683.666667
972.333333 692.000000
966.333333 699.666667
960.666667 707.000000
955.000000 713.666667
948.666667 720.333333
942.000000 727.000000
935.333333 734.000000
928.666667 741.000000
922.000000 748.000000
915.333333 754.666667
908.333333 761.333333
901.333333 767.666667
894.000000 774.333333
887.333333 780.333333
881.000000 786.333333
875.333333 791.666667
870.000000 797.000000
865.333333 802.000000
861.000000 806.666667
857.333333 810.333333
854.000000 813.333333
851.666667 816.000000
850.000000 818.333333
849.000000 820.000000
848.333333 821.000000
848.000000 822.000000
