690.666667 369.666667
689.666667 368.000000
688.666667 365.666667
688.333333 363.333333
688.000000 360.666667
688.000000 358.000000
688.000000 355.333333
688.000000 352.666667
688.000000 350.000000
688.000000 346.666667
688.000000 343.333333
688.000000 340.000000
688.000000 336.666667
687.666667 333.000000
687.333333 329.000000
687.000000 325.000000
687.333333 320.666667
687.333333 316.333333
687.333333 311.666667
686.666667 307.333333
686.333333 303.000000
685.333333 298.666667
684.333333 294.333333
682.666667 289.666667
681.000000 285.000000
679.000000 280.000000
677.000000 275.333333
674.666667 270.666667
672.000000 265.666667
669.000000 260.666667
666.000000 255.666667
662.666667 250.666667
659.000000 245.333333
654.666667 240.000000
650.333333 235.000000
646.000000 230.000000
642.000000 225.000000
637.666667 220.000000
633.666667 215.333333
629.666667 211.000000
626.000000 207.000000
621.666667 202.666667
617.333333 198.333333
612.666667 194.000000
608.000000 190.000000
603.000000 186.333333
597.666667 182.666667
592.333333 179.333333
587.000000 176.000000
582.333333 173.000000
577.333333 170.000000
572.333333 167.000000
566.666667 164.000000
561.333333 161.333333
555.666667 159.000000
550.000000 157.000000
544.666667 155.333333
540.000000 153.666667
536.000000 152.333333
530.666667 151.000000
518.000000 150.666667
503.333333 151.000000
490.000000 152.000000
483.666667 153.000000
479.000000 154.000000
474.000000 155.666667
469.000000 157.666667
464.000000 160.333333
459.000000 163.000000
454.333333 166.333333
450.000000 169.666667
446.333333 173.333333
442.666667 177.000000
439.333333 180.666667
436.000000 184.333333
433.333333 188.000000
430.666667 192.000000
428.000000 196.333333
425.333333 201.000000
423.000000 206.000000
421.000000 211.333333
419.000000 217.000000
417.333333 222.666667
415.666667 228.333333
414.000000 233.666667
412.333333 239.000000
411.000000 244.000000
409.666667 249.000000
408.333333 253.666667
407.333333 258.000000
406.666667 262.333333
406.000000 266.666667
405.000000 271.333333
404.333333 276.000000
403.666667 281.000000
403.333333 285.666667
402.666667 290.666667
402.333333 296.000000
401.666667 302.000000
401.333333 308.000000
401.000000 313.666667
401.000000 319.000000
401.000000 324.000000
401.333333 329.000000
401.666667 334.000000
402.333333 339.000000
403.000000 344.000000
404.000000 349.000000
405.333333 354.000000
406.666667 359.000000
408.333333 364.333333
410.000000 369.666667
412.000000 375.000000
414.000000 380.000000
415.666667 385.333333
417.666667 391.000000
419.333333 396.666667
421.333333 402.333333
423.000000 408.000000
425.000000 414.000000
427.000000 420.000000
429.000000 426.000000
431.333333 432.000000
434.000000 438.333333
437.000000 444.666667
440.666667 451.666667
445.333333 458.666667
450.666667 465.666667
456.333333 472.333333
462.000000 479.333333
468.000000 486.666667
473.666667 494.000000
479.666667 501.000000
485.333333 507.666667
491.666667 514.333333
497.666667 520.666667
504.000000 527.333333
510.000000 534.000000
516.000000 541.000000
521.666667 548.333333
527.000000 555.666667
532.333333 562.666667
538.000000 569.333333
544.000000 576.000000
549.666667 583.333333
555.333333 591.000000
561.000000 599.000000
566.666667 607.000000
572.666667 615.333333
579.000000 624.000000
586.000000 633.333333
593.000000 643.000000
599.666667 652.666667
606.333333 662.000000
612.666667 670.666667
619.000000 679.333333
625.000000 687.333333
631.000000 695.000000
637.000000 701.666667
642.666667 708.000000
648.000000 713.666667
653.000000 719.333333
657.666667 724.333333
661.666667 729.000000
665.000000 732.666667
668.000000 736.000000
670.666667 738.666667
672.666667 741.000000
674.333333 743.000000
675.666667 744.666667
677.000000 746.333333
678.000000 747.666667
679.000000 749.000000
679.666667 750.000000
680.333333 751.000000
