828.333333 373.666667
827.666667 371.333333
827.333333 369.000000
827.333333 367.000000
827.666667 365.000000
828.000000 363.000000
828.000000 361.000000
828.000000 359.333333
828.333333 357.666667
828.666667 356.000000
829.000000 354.333333
829.333333 352.666667
829.666667 351.333333
830.000000 349.666667
830.333333 348.333333
830.666667 346.666667
831.333333 345.000000
832.000000 343.333333
832.666667 341.666667
833.333333 340.333333
834.000000 338.666667
835.000000 336.666667
836.000000 334.333333
837.333333 332.000000
838.666667 329.666667
840.333333 327.000000
841.666667 324.000000
843.333333 320.666667
845.000000 317.333333
846.666667 314.000000
848.333333 310.666667
850.000000 307.333333
852.333333 303.666667
854.666667 300.333333
857.000000 296.333333
859.000000 292.333333
861.000000 288.333333
863.333333 284.666667
865.666667 281.000000
868.333333 276.666667
870.666667 272.333333
873.333333 268.000000
876.333333 264.333333
880.000000 260.666667
884.333333 257.333333
888.666667 253.666667
893.000000 250.333333
897.000000 247.000000
901.000000 244.000000
907.000000 240.000000
913.333333 236.000000
920.000000 232.333333
925.333333 229.666667
931.000000 227.000000
936.666667 223.666667
942.333333 220.333333
947.666667 217.333333
953.000000 214.333333
958.000000 211.333333
963.333333 208.333333
969.333333 206.333333
975.666667 204.666667
982.000000 203.000000
988.000000 201.000000
993.666667 198.666667
999.333333 196.666667
1005.333333 194.666667
1011.666667 193.333333
1020.333333 192.000000
1041.333333 191.666667
1064.666667 192.000000
1085.666667 193.000000
1094.000000 194.000000
1100.000000 195.000000
1106.000000 196.000000
1112.000000 197.333333
1118.000000 199.000000
1123.666667 201.000000
1129.333333 203.000000
1134.333333 205.000000
1139.333333 207.333333
1143.666667 210.000000
1147.666667 212.666667
1151.333333 215.333333
1155.000000 218.333333
1158.666667 222.000000
1162.333333 226.000000
1165.666667 229.666667
1169.333333 233.333333
1172.666667 237.000000
1176.000000 241.000000
1179.000000 244.666667
1182.000000 248.666667
1184.666667 252.333333
1187.333333 256.666667
1189.333333 260.666667
1191.333333 265.333333
1192.666667 269.666667
1194.000000 274.000000
1195.000000 278.000000
1196.000000 282.000000
1196.666667 286.000000
1197.000000 291.666667
1196.666667 298.000000
1196.333333 305.000000
1195.333333 311.000000
1194.333333 317.000000
1192.666667 323.000000
1191.000000 328.666667
1188.666667 334.666667
1186.000000 340.666667
1183.000000 347.333333
1179.666667 353.666667
1176.000000 360.333333
1172.000000 366.666667
1168.000000 373.000000
1164.000000 379.000000
1160.000000 385.000000
1155.666667 391.333333
1151.000000 398.000000
1146.000000 405.000000
1140.666667 412.000000
1135.333333 419.000000
1129.666667 426.000000
1124.333333 433.000000
1119.000000 440.333333
1114.333333 447.666667
1110.000000 455.000000
1106.000000 462.000000
1101.666667 468.666667
1097.000000 475.333333
1092.000000 482.000000
1086.666667 489.000000
1080.666667 496.333333
1074.666667 503.666667
1068.666667 510.666667
1063.000000 517.000000
1057.333333 523.000000
1051.666667 529.000000
1046.000000 534.666667
1040.000000 540.000000
1034.333333 545.333333
1028.666667 550.666667
1023.333333 556.333333
1018.333333 562.000000
1013.666667 567.666667
1009.000000 573.333333
1004.000000 579.000000
998.666667 585.000000
993.000000 591.333333
987.000000 597.666667
981.000000 604.000000
975.333333 610.000000
970.000000 615.666667
964.666667 621.333333
959.000000 626.333333
953.000000 631.666667
947.000000 636.666667
940.666667 642.333333
934.666667 647.666667
928.666667 653.000000
923.666667 658.000000
918.666667 662.666667
914.333333 667.333333
910.000000 671.333333
906.000000 675.333333
902.333333 678.666667
898.666667 682.333333
895.000000 685.666667
891.333333 689.333333
888.000000 692.333333
885.000000 695.333333
882.000000 697.666667
879.666667 700.000000
877.666667 701.666667
876.333333 703.000000
875.000000 704.000000
874.000000 704.333333
873.333333 704.000000
873.000000 703.000000
873.000000 702.000000
873.000000 701.000000
