732.000000 385.666667
728.000000 383.666667
724.000000 381.333333
724.000000 379.000000
724.000000 376.666667
724.000000 373.666667
724.000000 370.333333
724.000000 366.666667
724.000000 363.333333
724.000000 360.000000
724.000000 356.666667
724.000000 353.333333
724.000000 350.000000
724.000000 346.666667
724.000000 343.333333
724.000000 339.666667
724.000000 336.000000
724.000000 331.666667
724.000000 327.000000
724.000000 322.000000
723.666667 316.666667
723.000000 311.333333
722.333333 306.000000
721.666667 301.000000
721.000000 296.000000
720.000000 291.000000
719.000000 286.000000
717.666667 280.666667
716.000000 275.333333
714.000000 269.666667
712.000000 264.333333
710.000000 259.333333
707.666667 254.666667
705.000000 250.333333
702.000000 245.666667
699.000000 241.000000
695.666667 236.000000
692.333333 231.333333
688.666667 226.666667
685.333333 222.000000
682.000000 217.333333
679.333333 213.000000
676.666667 209.000000
674.333333 205.000000
671.666667 201.333333
669.000000 198.000000
666.000000 194.666667
663.000000 191.000000
659.666667 187.000000
656.000000 183.000000
652.000000 179.000000
648.000000 175.000000
644.000000 171.000000
639.666667 167.000000
635.666667 163.333333
631.333333 159.666667
627.333333 156.333333
622.666667 153.000000
617.666667 150.000000
612.000000 147.000000
606.000000 144.333333
600.000000 142.000000
594.333333 140.333333
589.000000 139.000000
584.000000 138.000000
578.666667 137.000000
563.333333 136.666667
548.000000 137.000000
531.000000 138.000000
523.666667 139.000000
516.000000 140.000000
508.333333 141.333333
500.666667 142.666667
493.333333 144.000000
487.333333 145.000000
481.333333 146.333333
475.000000 147.666667
468.666667 149.333333
462.000000 151.000000
455.333333 153.333333
449.333333 155.666667
443.666667 158.333333
438.000000 161.000000
432.333333 164.000000
427.000000 167.000000
422.000000 170.000000
417.000000 173.000000
412.333333 175.666667
408.333333 178.000000
405.000000 180.000000
402.000000 182.000000
399.000000 184.000000
396.333333 186.000000
393.666667 188.666667
391.333333 192.000000
389.000000 196.666667
387.333333 202.000000
385.666667 208.000000
384.333333 214.666667
382.666667 221.333333
381.333333 228.333333
379.666667 234.666667
378.333333 241.333333
377.000000 248.000000
376.000000 254.666667
375.000000 261.000000
374.333333 266.666667
374.000000 272.666667
374.000000 278.666667
374.000000 284.666667
374.000000 290.666667
374.333333 296.333333
374.666667 302.333333
375.333333 307.666667
375.666667 313.333333
376.333333 318.333333
376.666667 323.000000
377.333333 327.333333
378.000000 331.666667
379.000000 336.000000
380.000000 340.333333
381.000000 345.333333
382.333333 351.333333
383.666667 358.000000
385.333333 364.666667
387.333333 371.333333
389.666667 378.000000
392.333333 384.666667
395.000000 391.000000
397.666667 396.666667
400.333333 402.333333
402.666667 407.666667
405.000000 412.666667
407.333333 417.000000
410.000000 421.333333
413.000000 425.666667
416.000000 430.333333
420.000000 436.666667
424.000000 443.666667
428.000000 451.000000
431.000000 457.333333
434.000000 463.666667
437.000000 469.666667
439.666667 475.000000
442.333333 479.666667
444.666667 484.333333
447.333333 488.333333
450.000000 492.666667
453.333333 496.666667
457.000000 501.000000
461.000000 505.000000
465.000000 509.000000
469.000000 513.000000
473.000000 516.666667
477.000000 520.333333
480.666667 523.333333
484.333333 526.333333
488.333333 528.666667
492.666667 531.333333
497.333333 533.666667
502.000000 536.333333
507.000000 539.000000
512.000000 542.333333
517.000000 546.000000
522.000000 550.333333
527.333333 555.333333
533.333333 561.000000
540.000000 567.333333
546.666667 574.000000
553.333333 581.333333
559.666667 588.666667
565.666667 596.000000
571.333333 603.000000
576.666667 609.666667
582.000000 615.666667
587.333333 621.333333
593.000000 627.000000
599.000000 632.666667
604.666667 638.000000
609.666667 643.000000
614.333333 648.333333
619.000000 654.000000
623.666667 659.666667
628.000000 665.000000
632.000000 670.333333
636.000000 675.666667
640.000000 681.000000
644.000000 686.333333
647.666667 692.000000
651.333333 698.000000
654.666667 703.666667
658.000000 709.333333
661.000000 714.333333
664.000000 719.000000
666.666667 723.000000
669.333333 727.000000
672.000000 731.000000
675.333333 735.000000
679.000000 739.333333
683.333333 744.000000
687.666667 749.333333
692.333333 755.000000
697.000000 761.000000
701.666667 767.000000
705.666667 772.666667
708.666667 777.666667
711.000000 781.333333
712.666667 784.333333
714.000000 786.333333
715.000000 788.333333
716.000000 789.666667
717.333333 790.333333
