931.000000 363.000000
929.666667 362.000000
928.333333 360.666667
927.333333 359.000000
926.333333 356.666667
926.000000 354.000000
926.000000 351.000000
926.000000 348.000000
926.000000 345.000000
926.000000 342.000000
926.333333 339.000000
926.666667 335.666667
927.000000 332.000000
927.333333 328.333333
927.666667 324.666667
928.333333 321.000000
928.666667 317.000000
929.333333 313.000000
930.000000 309.000000
930.666667 305.000000
931.333333 301.333333
932.000000 297.666667
933.000000 294.000000
934.333333 290.000000
935.666667 285.666667
937.333333 281.000000
939.000000 276.000000
941.333333 270.666667
944.000000 265.333333
947.000000 260.000000
951.000000 253.000000
954.666667 245.666667
958.333333 238.333333
961.000000 232.666667
964.000000 227.000000
967.333333 221.333333
970.666667 216.333333
974.333333 211.666667
978.000000 207.333333
982.333333 202.666667
987.000000 198.333333
991.666667 194.000000
996.333333 189.333333
1000.666667 184.333333
1005.333333 179.000000
1010.000000 174.000000
1015.000000 169.333333
1020.333333 164.666667
1026.000000 160.333333
1032.000000 156.333333
1037.666667 153.000000
1043.000000 150.000000
1048.000000 147.000000
1053.000000 144.000000
1058.333333 141.333333
1064.000000 138.666667
1070.000000 136.333333
1076.333333 133.666667
1082.666667 131.333333
1088.666667 129.000000
1094.000000 126.666667
1099.000000 124.333333
1104.000000 122.000000
1109.333333 120.333333
1115.000000 118.666667
1121.333333 117.000000
1127.666667 115.333333
1133.666667 114.000000
1139.000000 112.666667
1144.333333 111.333333
1149.666667 110.000000
1155.333333 109.000000
1161.000000 108.000000
1167.000000 107.000000
1173.000000 106.000000
1181.666667 105.000000
1193.333333 104.666667
1208.666667 105.000000
1221.000000 106.000000
1230.000000 107.000000
1234.666667 108.000000
1238.666667 109.000000
1242.333333 110.333333
1245.666667 111.666667
1249.333333 113.333333
1252.666667 115.333333
1256.333333 118.000000
1260.000000 121.333333
1264.000000 124.666667
1268.000000 128.333333
1271.666667 131.666667
1275.333333 135.333333
1278.666667 139.000000
1282.000000 142.666667
1285.000000 146.333333
1287.666667 150.000000
1290.000000 154.333333
1291.666667 159.000000
1293.333333 163.666667
1294.333333 168.333333
1295.333333 173.000000
1296.000000 177.666667
1296.666667 182.333333
1297.000000 186.666667
1297.333333 191.000000
1297.666667 195.333333
1298.000000 200.000000
1298.333333 205.000000
1298.666667 210.000000
1299.000000 215.333333
1299.333333 220.666667
1299.666667 225.666667
1300.333333 230.333333
1300.666667 235.000000
1301.000000 240.000000
1301.333333 245.000000
1301.666667 250.000000
1302.333333 254.666667
1302.666667 259.000000
1303.333333 263.666667
1303.666667 268.333333
1304.333333 273.000000
1304.666667 277.000000
1305.333333 281.000000
1306.000000 285.000000
1306.666667 288.666667
1307.000000 292.000000
1307.333333 295.000000
1307.666667 298.666667
1307.666667 302.666667
1307.333333 307.333333
1306.666667 312.000000
1306.000000 317.333333
1305.000000 323.000000
1303.666667 329.000000
1302.333333 335.000000
1300.666667 341.000000
1299.000000 347.333333
1297.000000 354.000000
1295.000000 361.000000
1293.000000 367.666667
1290.666667 373.666667
1287.666667 379.333333
1283.666667 384.666667
1278.666667 390.333333
1273.333333 395.666667
1267.666667 401.666667
1262.333333 407.666667
1257.333333 413.666667
1252.666667 419.333333
1248.333333 424.666667
1243.666667 430.000000
1238.000000 435.333333
1231.666667 441.000000
1225.000000 446.666667
1219.333333 452.333333
1214.000000 458.000000
1209.000000 464.000000
1204.000000 469.666667
1199.000000 475.000000
1193.666667 480.333333
1187.666667 485.666667
1181.000000 490.666667
1174.666667 495.333333
1168.666667 500.000000
1163.333333 505.000000
1158.333333 509.666667
1153.666667 514.333333
1148.666667 518.666667
1143.333333 523.333333
1137.333333 527.666667
1131.666667 531.666667
1126.000000 535.000000
1121.333333 538.000000
1117.000000 541.000000
1113.333333 544.000000
1110.000000 547.333333
1107.000000 550.666667
1104.000000 554.333333
1101.000000 558.000000
1097.666667 562.000000
1093.666667 566.000000
1089.000000 570.000000
1084.000000 573.666667
1079.000000 577.000000
1074.333333 580.000000
1070.333333 582.666667
1067.000000 585.000000
1064.000000 587.000000
1061.000000 589.333333
1058.000000 592.000000
1055.000000 595.000000
1052.000000 598.333333
1048.333333 602.000000
1044.000000 606.000000
1038.666667 610.000000
1033.333333 614.000000
1028.333333 617.666667
1023.666667 621.333333
1019.666667 624.333333
1016.000000 627.333333
1012.666667 630.000000
1009.333333 633.000000
1006.000000 636.000000
1002.333333 639.333333
998.333333 643.000000
993.333333 646.666667
988.333333 650.333333
983.333333 653.666667
979.000000 657.000000
975.333333 659.666667
972.000000 662.000000
969.666667 663.666667
967.666667 665.000000
966.333333 666.000000
965.333333 667.000000
964.666667 668.000000
964.333333 667.666667
