777.000000 336.333333
776.333333 334.333333
776.000000 332.000000
776.000000 328.666667
776.000000 325.000000
776.333333 321.000000
777.000000 317.000000
777.666667 313.000000
778.333333 309.333333
779.000000 305.666667
780.333333 302.000000
782.000000 297.666667
784.000000 293.000000
786.000000 288.000000
788.333333 282.666667
791.000000 277.333333
793.666667 271.666667
796.333333 266.333333
799.000000 261.333333
801.666667 257.000000
804.333333 253.000000
806.666667 249.000000
809.000000 245.000000
811.000000 241.333333
813.000000 238.000000
815.000000 235.000000
817.000000 232.000000
819.000000 228.666667
821.000000 225.333333
822.666667 222.333333
824.666667 219.333333
826.666667 216.666667
829.333333 213.666667
832.000000 211.000000
835.000000 208.333333
838.333333 205.666667
841.666667 203.333333
845.333333 201.000000
848.666667 199.000000
852.000000 197.000000
855.000000 194.666667
858.333333 192.000000
862.000000 188.666667
865.666667 185.666667
869.666667 182.666667
873.666667 180.000000
878.333333 177.000000
883.000000 174.333333
888.000000 171.666667
892.666667 169.666667
897.000000 167.666667
901.000000 166.333333
904.666667 164.666667
908.333333 163.333333
913.000000 162.000000
918.000000 161.000000
922.666667 160.000000
926.333333 159.000000
934.000000 158.666667
942.666667 159.000000
954.000000 160.000000
962.000000 161.000000
973.333333 162.000000
981.666667 163.000000
989.333333 164.333333
993.000000 165.666667
996.666667 167.000000
1000.000000 168.000000
1002.666667 169.333333
1005.333333 170.666667
1008.000000 172.333333
1011.000000 174.000000
1014.333333 176.000000
1017.666667 178.000000
1021.666667 180.000000
1025.666667 182.333333
1030.333333 184.666667
1034.666667 187.000000
1039.000000 189.000000
1042.666667 190.666667
1046.000000 192.333333
1049.000000 193.666667
1052.000000 195.333333
1055.000000 197.333333
1058.000000 199.666667
1061.000000 202.333333
1064.333333 205.333333
1067.666667 209.000000
1071.333333 213.333333
1074.666667 217.333333
1078.333333 221.333333
1081.333333 225.000000
1084.333333 228.666667
1086.666667 232.000000
1089.000000 234.666667
1091.000000 237.333333
1093.333333 240.000000
1095.333333 243.000000
1097.333333 246.333333
1099.000000 250.333333
1101.000000 254.666667
1102.666667 259.333333
1104.000000 264.000000
1105.000000 269.000000
1106.000000 274.000000
1107.000000 278.666667
1108.000000 283.333333
1108.666667 288.000000
1109.333333 293.000000
1110.000000 298.000000
1111.000000 302.666667
1111.666667 307.333333
1112.333333 311.666667
1112.666667 316.000000
1113.000000 320.000000
1113.000000 323.666667
1113.000000 327.000000
1113.000000 330.333333
1113.000000 333.666667
1112.666667 337.333333
1112.333333 341.333333
1111.666667 346.000000
1111.000000 351.000000
1110.000000 356.000000
1109.000000 361.000000
1108.000000 366.000000
1107.000000 371.000000
1106.333333 375.666667
1105.333333 380.333333
1103.666667 386.333333
1101.333333 393.000000
1099.000000 400.666667
1096.666667 407.333333
1093.666667 414.666667
1090.000000 421.666667
1086.000000 429.333333
1081.666667 437.333333
1077.000000 445.666667
1072.333333 454.000000
1067.666667 462.000000
1063.333333 469.666667
1059.000000 477.333333
1054.666667 485.333333
1050.333333 493.666667
1045.666667 501.666667
1041.000000 509.333333
1036.000000 516.333333
1031.000000 523.000000
1026.000000 529.333333
1021.000000 536.333333
1016.000000 543.666667
1011.000000 551.333333
1006.000000 559.000000
1000.666667 566.333333
995.000000 573.666667
989.000000 580.666667
983.000000 588.333333
977.000000 596.000000
971.666667 603.333333
966.666667 610.333333
962.333333 616.666667
958.000000 623.000000
954.000000 628.666667
949.666667 634.333333
945.333333 640.000000
940.333333 646.000000
935.333333 652.333333
930.000000 658.666667
925.333333 664.666667
920.666667 670.333333
914.666667 677.666667
908.333333 685.333333
902.000000 692.666667
897.000000 698.333333
892.333333 704.000000
887.666667 709.666667
883.333333 715.000000
879.000000 720.000000
875.333333 725.000000
871.666667 730.666667
868.000000 736.666667
864.000000 743.000000
860.000000 749.333333
855.666667 756.000000
851.333333 762.333333
846.666667 768.333333
842.000000 773.666667
837.000000 779.333333
832.000000 785.000000
827.333333 791.000000
823.333333 797.000000
820.000000 802.333333
817.333333 807.000000
815.333333 811.000000
814.000000 814.333333
813.000000 817.333333
812.333333 819.333333
812.000000 821.000000
812.000000 822.000000
812.000000 823.000000
812.000000 824.000000
