709.333333 399.000000
710.666667 397.333333
711.333333 395.333333
711.666667 392.333333
712.000000 389.000000
712.000000 384.666667
711.666667 379.666667
711.333333 374.000000
711.000000 368.333333
711.000000 362.666667
711.000000 357.333333
710.666667 352.000000
710.333333 346.666667
709.666667 340.666667
708.666667 334.333333
706.666667 327.333333
703.333333 320.333333
699.333333 313.000000
694.333333 305.666667
689.666667 298.333333
684.666667 290.666667
680.333333 283.333333
676.000000 275.666667
672.000000 268.666667
667.666667 261.666667
663.000000 255.333333
657.666667 248.666667
652.000000 242.333333
646.333333 236.000000
640.666667 229.666667
635.666667 223.666667
630.666667 217.666667
626.333333 212.333333
621.666667 207.000000
616.666667 202.000000
611.000000 197.000000
605.000000 192.666667
599.000000 189.000000
593.333333 186.000000
588.333333 183.000000
584.000000 180.333333
579.666667 177.666667
575.333333 175.000000
570.000000 172.000000
563.666667 169.333333
556.333333 167.000000
549.333333 165.333333
542.666667 163.666667
536.333333 162.333333
526.333333 161.000000
513.333333 160.666667
499.666667 161.000000
489.333333 162.000000
482.000000 163.000000
474.000000 164.333333
465.666667 165.666667
457.333333 167.333333
450.333333 168.666667
444.000000 170.333333
438.333333 172.000000
433.000000 174.333333
428.333333 176.666667
424.000000 179.000000
419.333333 181.666667
414.333333 184.666667
409.333333 188.000000
405.000000 191.333333
401.333333 195.333333
397.666667 200.333333
394.333333 206.000000
391.333333 212.333333
389.333333 218.666667
387.666667 224.666667
386.333333 230.666667
385.000000 236.666667
384.000000 243.333333
383.000000 250.333333
382.333333 258.000000
381.666667 266.000000
381.333333 274.000000
381.000000 282.000000
381.000000 290.000000
381.000000 298.333333
381.000000 307.000000
381.333333 315.666667
381.666667 323.666667
382.000000 331.333333
382.000000 339.000000
382.333333 347.000000
382.666667 355.000000
383.333333 362.666667
383.666667 369.666667
384.666667 376.333333
385.666667 382.666667
387.000000 389.000000
388.333333 395.000000
390.000000 401.000000
392.333333 407.333333
395.000000 414.000000
398.000000 420.666667
401.666667 427.333333
406.000000 434.333333
410.666667 442.000000
415.000000 450.000000
418.666667 457.666667
422.000000 465.000000
425.333333 472.333333
429.000000 479.333333
433.000000 486.333333
437.333333 493.000000
442.666667 500.000000
448.666667 507.000000
455.000000 513.333333
461.000000 519.333333
467.000000 525.000000
472.666667 530.666667
478.333333 536.666667
484.000000 542.666667
490.666667 549.333333
497.666667 555.666667
504.666667 562.000000
511.333333 568.000000
517.666667 574.000000
524.666667 580.000000
532.333333 586.000000
540.666667 592.000000
549.000000 598.000000
556.666667 604.000000
564.000000 610.000000
571.000000 615.666667
578.666667 621.000000
586.666667 626.000000
595.000000 630.666667
602.666667 635.666667
609.666667 641.000000
616.333333 647.333333
623.333333 654.000000
631.000000 661.333333
639.000000 668.666667
646.666667 675.666667
653.666667 682.666667
660.000000 689.333333
666.333333 696.000000
673.000000 702.000000
680.333333 708.000000
687.666667 713.666667
695.000000 718.666667
701.333333 722.666667
707.333333 726.333333
712.333333 729.666667
717.000000 733.000000
720.666667 735.666667
723.666667 738.000000
726.333333 740.000000
728.333333 742.000000
730.333333 743.666667
731.666667 745.000000
733.000000 746.000000
733.666667 747.000000
