973.333333 388.000000
932.333333 387.000000
931.000000 385.666667
930.333333 384.333333
929.666667 382.666667
929.333333 381.000000
928.666667 378.666667
928.333333 376.333333
927.666667 373.666667
927.000000 371.000000
926.000000 367.666667
925.000000 364.333333
924.000000 361.000000
923.333333 358.000000
922.666667 355.000000
922.000000 352.333333
921.333333 349.666667
920.666667 347.000000
920.333333 344.333333
919.666667 341.666667
919.333333 339.333333
919.000000 336.666667
918.666667 334.333333
918.000000 331.666667
917.333333 329.000000
917.000000 325.666667
916.666667 322.333333
916.000000 318.666667
915.333333 315.000000
914.666667 311.000000
914.000000 307.000000
913.000000 303.000000
912.000000 299.000000
911.000000 294.666667
909.666667 290.000000
908.000000 285.000000
905.666667 279.666667
903.333333 274.000000
900.000000 268.000000
895.666667 262.333333
890.000000 257.000000
884.666667 252.333333
879.666667 247.666667
875.333333 243.333333
871.000000 239.000000
867.000000 235.000000
863.000000 231.000000
858.333333 226.666667
852.666667 222.333333
846.333333 218.000000
840.000000 214.333333
834.333333 210.666667
829.000000 207.666667
824.000000 204.666667
819.333333 202.000000
814.666667 199.000000
809.333333 196.333333
803.333333 194.000000
797.000000 192.333333
791.000000 190.666667
785.333333 189.333333
779.000000 188.000000
773.333333 187.000000
766.666667 186.000000
753.666667 185.666667
736.666667 186.000000
721.000000 187.000000
710.000000 188.000000
702.333333 189.333333
694.333333 190.666667
689.000000 192.000000
684.000000 193.333333
679.333333 195.000000
675.000000 196.666667
671.000000 198.333333
666.666667 200.000000
661.666667 202.333333
656.333333 204.666667
651.000000 207.000000
646.333333 209.333333
642.000000 212.000000
638.333333 215.333333
635.000000 218.666667
632.000000 222.333333
629.333333 226.000000
627.333333 230.000000
625.666667 234.000000
624.333333 238.000000
623.333333 242.000000
622.666667 246.333333
622.333333 251.000000
622.000000 256.333333
622.000000 262.000000
622.333333 268.000000
622.666667 274.000000
623.333333 279.666667
624.000000 285.000000
624.666667 290.000000
625.333333 294.666667
626.000000 299.333333
626.666667 303.666667
627.333333 308.000000
628.000000 312.000000
629.000000 316.333333
630.000000 321.000000
631.000000 326.000000
632.000000 331.000000
633.333333 336.000000
634.666667 341.333333
636.000000 347.000000
637.000000 352.666667
638.333333 358.333333
639.666667 363.666667
641.333333 369.000000
643.000000 373.333333
645.000000 377.333333
647.000000 380.666667
649.333333 384.000000
651.666667 387.333333
654.333333 391.000000
656.666667 395.333333
659.333333 400.333333
661.666667 406.000000
664.000000 412.333333
666.000000 418.666667
668.333333 425.333333
670.333333 431.666667
672.666667 438.000000
674.666667 444.000000
677.000000 450.000000
679.666667 455.666667
683.333333 461.333333
688.000000 466.666667
693.333333 472.333333
699.000000 478.000000
705.000000 484.000000
711.333333 490.000000
718.000000 496.333333
724.666667 503.000000
731.666667 510.000000
738.333333 516.666667
745.000000 522.666667
750.666667 528.333333
756.000000 534.000000
760.333333 539.333333
764.000000 544.333333
767.000000 548.333333
769.666667 552.333333
772.333333 555.666667
774.666667 559.333333
777.666667 562.666667
781.000000 566.000000
785.333333 569.333333
790.000000 572.666667
794.666667 576.000000
799.000000 579.333333
803.000000 583.000000
807.333333 587.333333
811.666667 592.000000
816.000000 597.000000
820.333333 602.000000
824.666667 606.666667
829.333333 611.333333
833.666667 615.666667
838.666667 620.000000
843.666667 624.333333
849.000000 628.666667
854.000000 633.333333
859.000000 638.000000
864.333333 643.000000
870.000000 647.666667
875.666667 652.333333
881.333333 656.666667
887.000000 661.000000
892.333333 664.666667
897.000000 667.666667
901.000000 670.000000
904.333333 672.000000
907.333333 674.000000
909.666667 675.666667
912.000000 677.000000
913.666667 678.000000
915.333333 679.000000
916.666667 680.000000
918.666667 681.000000
921.000000 682.333333
924.000000 684.333333
927.000000 687.000000
930.333333 690.333333
933.666667 694.000000
937.333333 698.333333
941.000000 702.666667
944.666667 707.000000
948.000000 710.666667
950.666667 714.333333
953.000000 717.333333
955.000000 720.000000
956.666667 721.666667
958.000000 723.000000
958.666667 724.000000
959.333333 725.000000
960.000000 726.000000
961.000000 727.000000
