672.000000 432.000000
672.000000 429.666667
672.000000 426.666667
672.333333 423.000000
672.666667 418.666667
673.333333 414.000000
673.666667 409.000000
674.333333 403.666667
675.000000 398.000000
676.000000 392.000000
677.333333 385.666667
678.666667 378.666667
680.666667 371.000000
683.000000 363.333333
686.000000 355.666667
689.333333 348.000000
693.333333 339.666667
698.000000 330.666667
702.666667 321.666667
707.000000 313.000000
711.000000 304.666667
715.000000 296.000000
718.666667 287.000000
722.333333 278.000000
726.333333 269.666667
731.333333 261.666667
737.000000 254.000000
743.333333 246.000000
749.666667 237.666667
756.333333 229.333333
763.000000 221.000000
770.666667 213.000000
779.000000 205.000000
788.000000 197.333333
796.333333 189.666667
804.333333 182.333333
812.333333 174.666667
821.333333 167.666667
830.666667 161.000000
840.000000 155.333333
848.666667 150.000000
857.666667 145.000000
867.000000 140.000000
877.000000 135.333333
886.333333 131.000000
895.333333 127.000000
904.000000 123.333333
913.333333 120.333333
923.000000 118.000000
932.666667 116.000000
941.666667 114.333333
949.666667 113.000000
958.000000 112.000000
972.333333 111.666667
986.666667 112.000000
999.666667 113.333333
1006.333333 115.000000
1013.000000 117.333333
1020.000000 120.000000
1027.000000 123.333333
1033.666667 127.333333
1040.000000 131.666667
1045.333333 136.000000
1050.000000 140.333333
1054.000000 145.000000
1057.666667 150.333333
1061.333333 156.333333
1065.000000 162.666667
1069.000000 169.333333
1073.000000 175.666667
1077.000000 182.000000
1081.000000 188.000000
1084.666667 194.333333
1088.000000 201.000000
1091.000000 208.000000
1093.333333 215.000000
1095.333333 221.666667
1096.666667 228.000000
1098.000000 234.333333
1099.000000 241.000000
1099.666667 248.000000
1100.000000 255.333333
1100.333333 262.666667
1100.333333 269.666667
1100.666667 276.333333
1100.666667 282.666667
1100.666667 289.333333
1100.333333 296.000000
1100.000000 303.000000
1100.000000 310.000000
1100.000000 317.000000
1099.666667 323.666667
1099.333333 330.000000
1098.666667 336.333333
1098.000000 343.000000
1097.000000 350.000000
1095.666667 357.000000
1094.333333 364.000000
1093.000000 370.666667
1091.666667 377.000000
1089.666667 383.333333
1087.333333 390.000000
1084.666667 397.000000
1082.000000 404.000000
1078.666667 411.000000
1075.333333 417.666667
1072.000000 424.333333
1068.666667 431.000000
1065.333333 438.333333
1062.000000 445.666667
1059.000000 453.333333
1055.666667 461.000000
1052.000000 468.666667
1047.666667 476.000000
1042.666667 483.333333
1037.000000 490.666667
1031.000000 498.333333
1025.000000 506.000000
1019.666667 514.000000
1014.666667 521.333333
1010.000000 528.333333
1004.333333 535.333333
998.000000 543.000000
990.666667 551.333333
983.666667 559.333333
976.666667 567.333333
970.333333 574.666667
964.000000 582.000000
957.333333 589.333333
950.000000 597.000000
942.333333 604.666667
935.000000 611.666667
928.333333 618.000000
921.666667 624.333333
914.666667 631.000000
906.333333 638.333333
897.666667 646.000000
889.000000 654.000000
881.333333 662.000000
873.666667 670.000000
865.000000 678.333333
855.666667 687.000000
846.000000 696.000000
837.666667 704.666667
830.000000 712.666667
823.333333 720.333333
817.666667 727.000000
813.000000 733.000000
809.666667 737.666667
806.666667 741.666667
804.666667 745.000000
803.000000 747.333333
802.000000 749.333333
801.000000 750.666667
800.333333 752.000000
800.333333 752.333333
801.000000 751.666667
802.000000 750.333333
803.333333 748.333333
805.333333 746.000000
807.666667 743.000000
