818.000000 379.000000
722.000000 377.000000
722.000000 374.666667
722.000000 372.000000
722.000000 369.333333
722.000000 366.666667
722.000000 364.333333
722.000000 361.666667
721.666667 359.000000
721.333333 356.333333
721.000000 353.666667
720.666667 351.333333
720.333333 348.666667
719.666667 345.666667
719.000000 342.000000
717.666667 337.333333
716.333333 332.333333
714.666667 326.333333
712.666667 320.000000
710.000000 313.333333
707.000000 306.666667
704.000000 300.000000
700.666667 293.333333
697.000000 286.666667
693.000000 280.333333
689.333333 274.000000
686.000000 268.000000
683.000000 262.333333
680.333333 257.333333
677.666667 252.666667
675.000000 248.333333
672.000000 244.000000
669.333333 240.333333
666.666667 237.000000
663.666667 233.666667
660.000000 230.000000
656.000000 226.333333
651.666667 222.666667
647.000000 219.333333
642.000000 215.666667
637.333333 212.333333
633.000000 209.000000
628.666667 206.000000
624.000000 203.333333
619.000000 200.666667
613.666667 198.333333
608.000000 196.000000
602.000000 194.333333
596.333333 193.000000
591.000000 192.000000
583.000000 191.000000
572.666667 190.666667
557.666667 191.000000
545.000000 192.000000
535.000000 193.000000
530.333333 194.000000
527.000000 195.000000
522.666667 196.000000
518.000000 197.000000
513.000000 198.000000
509.000000 199.000000
505.333333 200.000000
502.000000 201.000000
499.000000 202.000000
496.000000 203.000000
493.333333 204.000000
490.666667 205.333333
488.000000 207.000000
485.333333 209.333333
482.333333 212.333333
479.333333 216.000000
476.000000 220.000000
473.333333 223.666667
470.666667 227.333333
468.000000 230.666667
465.333333 234.000000
463.000000 237.333333
460.666667 240.666667
458.333333 244.333333
455.333333 249.333333
452.666667 255.333333
450.000000 261.666667
448.000000 267.333333
446.333333 273.000000
445.000000 279.000000
444.000000 284.666667
443.000000 290.333333
442.000000 295.666667
441.000000 301.000000
440.333333 306.000000
439.666667 311.000000
439.000000 316.000000
438.333333 321.000000
437.666667 326.333333
437.333333 331.666667
437.000000 337.333333
437.000000 343.333333
437.333333 349.666667
437.666667 356.666667
438.333333 363.333333
439.000000 370.333333
439.666667 377.000000
440.666667 383.666667
441.666667 390.000000
443.333333 396.000000
444.666667 401.666667
446.666667 407.333333
448.666667 412.666667
451.333333 418.000000
454.000000 423.000000
457.333333 428.333333
460.666667 433.666667
464.333333 439.333333
468.333333 445.000000
472.666667 451.333333
477.000000 457.666667
481.333333 464.000000
486.000000 470.000000
491.000000 476.333333
496.333333 483.333333
502.000000 490.666667
508.000000 498.333333
514.000000 506.000000
520.000000 513.666667
526.000000 521.333333
532.666667 529.333333
539.666667 537.666667
547.333333 546.333333
554.666667 554.666667
562.000000 562.666667
569.000000 570.666667
576.333333 578.666667
584.333333 587.333333
592.666667 595.666667
600.666667 604.000000
608.000000 612.000000
615.000000 620.000000
622.000000 627.666667
629.000000 635.000000
636.000000 642.333333
643.000000 649.666667
649.666667 657.000000
656.000000 663.666667
661.666667 670.000000
667.333333 675.666667
672.666667 681.000000
678.000000 686.000000
682.666667 690.666667
687.333333 695.000000
691.666667 699.000000
696.000000 703.000000
700.000000 707.000000
704.000000 710.666667
707.666667 714.000000
711.000000 717.000000
714.000000 720.000000
716.666667 723.000000
719.666667 726.666667
722.333333 730.333333
725.000000 734.000000
727.000000 737.333333
728.666667 740.333333
730.000000 743.000000
731.000000 745.000000
732.000000 747.000000
733.000000 748.666667
733.666667 750.333333
734.333333 751.666667
734.666667 752.333333
734.666667 751.333333
733.666667 748.000000
