667.666667 392.333333
570.000000 390.333333
570.000000 387.333333
570.000000 384.333333
570.000000 380.000000
569.666667 375.333333
569.333333 369.666667
568.666667 364.333333
568.333333 358.666667
567.666667 353.333333
567.000000 348.000000
566.000000 342.666667
565.000000 337.333333
563.666667 331.666667
562.000000 326.000000
560.000000 320.333333
558.000000 314.666667
555.666667 309.333333
553.333333 303.666667
550.666667 298.000000
548.000000 292.333333
545.000000 286.666667
542.000000 281.000000
539.333333 275.333333
537.000000 270.000000
535.000000 265.000000
533.000000 260.333333
531.000000 256.000000
529.000000 252.000000
527.000000 248.333333
525.000000 244.666667
522.666667 241.000000
520.000000 237.000000
517.000000 233.000000
514.000000 229.000000
511.000000 225.000000
507.666667 221.333333
504.000000 218.000000
500.333333 215.000000
497.000000 212.000000
494.000000 209.333333
491.333333 207.000000
489.000000 205.333333
487.000000 204.000000
485.333333 202.666667
483.666667 201.333333
482.000000 200.000000
480.333333 199.000000
478.333333 198.000000
476.333333 197.000000
473.666667 196.000000
471.333333 195.000000
468.666667 194.000000
465.666667 193.000000
461.000000 192.000000
456.000000 191.000000
451.000000 190.000000
447.000000 189.000000
441.333333 188.000000
435.333333 187.000000
429.333333 186.000000
424.666667 185.000000
415.666667 184.666667
405.333333 185.000000
394.000000 186.000000
387.333333 187.000000
382.000000 188.000000
378.000000 189.333333
374.000000 191.000000
369.666667 193.000000
365.333333 195.000000
361.000000 197.333333
357.333333 200.000000
353.666667 202.666667
350.333333 205.000000
347.333333 207.333333
344.666667 210.000000
342.000000 213.000000
339.000000 216.000000
336.333333 219.333333
333.666667 223.000000
331.000000 227.333333
328.333333 232.000000
325.666667 237.000000
323.333333 242.333333
321.000000 248.000000
319.000000 254.000000
317.000000 260.000000
315.333333 265.666667
313.666667 271.333333
312.333333 276.666667
311.333333 281.666667
310.666667 286.000000
310.333333 290.000000
309.666667 294.000000
309.333333 297.666667
309.000000 301.333333
309.333333 304.666667
309.666667 308.333333
310.333333 311.666667
310.666667 315.666667
311.333333 319.666667
312.000000 324.333333
313.333333 328.666667
315.000000 333.333333
316.666667 338.000000
318.333333 343.333333
320.000000 348.666667
322.000000 354.000000
324.000000 359.000000
325.666667 364.000000
327.333333 369.000000
329.000000 373.666667
331.000000 378.333333
333.000000 382.666667
335.000000 387.333333
337.000000 391.666667
339.333333 396.333333
342.000000 401.333333
345.000000 407.000000
348.333333 412.666667
351.666667 418.000000
355.333333 423.333333
358.666667 428.666667
362.000000 434.666667
365.333333 440.666667
368.666667 447.333333
372.000000 454.000000
375.000000 461.000000
378.000000 467.666667
380.666667 474.000000
383.333333 480.333333
386.000000 486.666667
389.333333 493.666667
393.333333 500.666667
398.000000 508.333333
403.000000 515.666667
408.000000 523.333333
413.333333 531.000000
418.666667 539.333333
424.000000 547.666667
429.000000 555.666667
434.000000 563.000000
439.333333 570.000000
445.000000 577.333333
451.000000 585.000000
457.333333 593.000000
463.666667 601.000000
469.666667 609.000000
475.333333 617.333333
481.333333 626.000000
487.666667 635.000000
494.333333 644.000000
500.666667 652.666667
507.000000 661.000000
513.000000 668.666667
519.000000 676.000000
525.000000 683.000000
531.000000 689.666667
537.000000 696.333333
543.333333 703.333333
549.666667 710.333333
556.000000 717.333333
562.000000 724.000000
568.000000 731.333333
573.666667 738.666667
579.333333 746.333333
584.666667 753.666667
590.333333 761.000000
595.666667 767.666667
601.000000 774.000000
605.666667 780.000000
610.000000 785.666667
613.666667 790.666667
617.000000 795.000000
619.666667 798.666667
621.666667 801.666667
623.000000 803.666667
624.000000 805.000000
625.000000 806.000000
625.666667 807.000000
626.333333 808.000000
