784.666667 435.000000
782.333333 433.666667
781.666667 431.666667
781.333333 429.333333
780.666667 427.000000
780.333333 424.666667
780.000000 422.000000
780.000000 419.000000
779.666667 416.000000
779.333333 413.000000
779.000000 409.666667
779.000000 406.000000
779.333333 402.000000
780.000000 398.000000
781.333333 393.666667
783.000000 389.000000
784.666667 383.666667
786.333333 378.000000
788.333333 372.000000
791.000000 366.000000
794.000000 360.000000
797.000000 354.333333
800.000000 348.666667
803.000000 342.666667
806.000000 336.333333
809.000000 329.666667
812.000000 323.333333
815.000000 316.666667
818.333333 310.000000
822.333333 303.333333
827.333333 296.666667
833.000000 289.666667
839.000000 282.000000
844.666667 274.666667
850.000000 268.000000
855.000000 262.000000
860.000000 256.333333
865.333333 250.666667
871.333333 245.333333
878.333333 239.333333
885.666667 233.666667
892.666667 227.666667
899.333333 222.333333
907.000000 216.666667
915.666667 211.666667
925.000000 207.000000
933.666667 203.000000
942.000000 199.333333
950.333333 195.666667
959.333333 192.333333
969.333333 188.666667
979.000000 185.333333
988.000000 182.000000
996.000000 179.000000
1004.666667 176.000000
1014.333333 172.666667
1024.000000 169.666667
1033.000000 167.000000
1041.000000 165.000000
1049.333333 163.000000
1057.666667 161.333333
1066.333333 160.000000
1074.666667 159.000000
1082.666667 158.000000
1094.666667 157.666667
1106.666667 158.000000
1121.333333 159.000000
1130.666667 160.000000
1139.666667 161.333333
1145.333333 162.666667
1151.000000 164.333333
1156.666667 166.000000
1162.333333 168.000000
1168.666667 170.333333
1174.333333 172.666667
1180.000000 175.333333
1184.666667 177.666667
1189.000000 180.333333
1193.000000 183.000000
1197.000000 185.666667
1201.000000 188.333333
1205.333333 191.333333
1209.666667 194.666667
1214.000000 198.000000
1218.333333 201.333333
1222.666667 205.000000
1227.000000 209.000000
1231.000000 213.333333
1234.666667 218.000000
1238.000000 223.000000
1240.666667 227.666667
1243.000000 232.333333
1245.000000 236.666667
1246.666667 241.666667
1248.333333 246.666667
1249.666667 252.000000
1251.000000 257.333333
1252.000000 262.666667
1253.000000 268.333333
1254.000000 273.333333
1255.000000 278.333333
1256.000000 282.666667
1257.000000 287.333333
1258.000000 291.666667
1258.666667 296.333333
1259.333333 301.000000
1259.666667 305.666667
1260.333333 310.333333
1260.666667 315.000000
1261.000000 319.666667
1261.333333 324.000000
1261.666667 328.333333
1261.666667 332.666667
1261.333333 337.333333
1260.666667 342.333333
1260.000000 348.000000
1259.000000 354.333333
1258.000000 361.000000
1257.000000 367.666667
1256.000000 374.333333
1254.666667 380.333333
1253.333333 386.666667
1252.000000 392.666667
1251.000000 399.333333
1250.000000 405.666667
1249.000000 412.333333
1248.000000 418.666667
1246.666667 425.000000
1245.333333 431.000000
1243.666667 437.000000
1242.000000 443.333333
1240.000000 450.000000
1237.333333 457.000000
1234.333333 463.666667
1230.333333 470.000000
1226.000000 476.000000
1221.000000 482.666667
1216.000000 489.666667
1211.333333 497.000000
1207.000000 504.333333
1203.333333 511.666667
1199.666667 519.000000
1195.666667 526.000000
1191.000000 533.333333
1185.333333 541.000000
1179.333333 549.000000
1173.333333 556.666667
1168.000000 564.000000
1163.000000 570.666667
1158.000000 577.666667
1153.000000 585.000000
1147.666667 592.666667
1141.666667 600.333333
1135.000000 607.333333
1128.333333 614.333333
1122.333333 620.333333
1117.000000 626.666667
1111.666667 632.666667
1106.333333 639.000000
1101.000000 645.333333
1095.333333 651.666667
1089.000000 658.000000
1082.000000 663.666667
1075.333333 669.000000
1069.333333 673.666667
1063.666667 678.666667
1058.000000 683.666667
1051.333333 689.666667
1044.000000 695.666667
1036.666667 702.000000
1029.666667 708.000000
1023.333333 714.000000
1014.666667 721.666667
1005.333333 729.333333
995.333333 737.000000
987.333333 742.666667
980.333333 748.333333
974.000000 753.666667
968.000000 759.000000
962.000000 763.666667
955.000000 768.000000
947.666667 772.000000
940.000000 776.000000
933.333333 779.666667
927.333333 783.000000
922.333333 785.333333
918.333333 787.333333
915.666667 788.666667
913.666667 790.000000
912.333333 791.000000
911.000000 791.333333
910.333333 791.000000
910.000000 790.000000
