720.000000 440.666667
720.000000 438.333333
720.000000 435.666667
720.333333 433.000000
720.666667 430.000000
721.000000 426.666667
721.000000 423.000000
721.000000 418.333333
721.000000 413.333333
720.666667 408.000000
720.333333 402.666667
719.666667 397.000000
719.333333 391.000000
718.666667 384.333333
718.000000 377.333333
717.333333 369.666667
716.666667 362.333333
716.000000 355.333333
715.000000 348.666667
714.000000 341.666667
712.666667 334.000000
710.333333 326.333333
707.333333 319.333333
703.333333 312.666667
699.000000 306.666667
694.000000 300.333333
689.333333 294.666667
685.000000 289.000000
681.000000 283.666667
677.000000 278.333333
673.333333 273.000000
670.000000 268.333333
666.333333 264.000000
662.000000 259.666667
657.000000 255.333333
652.000000 251.333333
647.000000 248.000000
642.333333 245.333333
638.000000 243.000000
634.333333 241.000000
630.666667 239.000000
627.333333 237.000000
623.666667 235.333333
620.333333 233.666667
616.000000 232.333333
609.000000 231.000000
598.000000 230.666667
587.333333 231.000000
579.000000 232.000000
573.666667 233.000000
567.666667 234.000000
561.333333 235.000000
555.000000 236.000000
549.000000 237.000000
543.333333 238.000000
537.666667 239.333333
532.333333 240.666667
526.666667 242.000000
520.333333 243.000000
513.333333 244.000000
506.333333 245.000000
500.000000 246.333333
494.000000 247.666667
488.000000 249.333333
482.333333 251.333333
477.000000 254.000000
471.000000 257.333333
464.666667 261.333333
458.333333 265.666667
453.000000 270.333333
448.333333 274.666667
444.000000 279.000000
440.333333 283.000000
437.000000 286.666667
434.000000 290.000000
431.333333 293.000000
429.000000 296.000000
427.000000 299.333333
425.333333 302.666667
424.000000 306.333333
423.000000 310.000000
422.333333 314.333333
422.000000 319.000000
422.000000 324.000000
422.333333 329.333333
422.666667 335.333333
423.333333 342.000000
423.666667 349.000000
424.333333 356.666667
424.666667 364.333333
425.333333 371.666667
426.000000 378.333333
427.000000 385.000000
428.000000 391.666667
429.000000 398.333333
430.000000 405.000000
431.333333 412.000000
432.666667 418.666667
434.000000 424.666667
435.333333 430.333333
437.000000 436.333333
439.000000 443.000000
441.666667 450.333333
444.666667 457.666667
448.666667 465.000000
452.666667 471.666667
457.333333 478.000000
461.666667 484.000000
466.000000 490.000000
470.000000 496.000000
474.000000 502.000000
480.000000 510.666667
487.333333 519.666667
496.000000 529.666667
504.000000 538.333333
511.666667 548.000000
519.333333 558.000000
527.000000 568.000000
535.000000 578.000000
543.000000 587.333333
550.333333 596.000000
557.000000 604.000000
563.000000 611.666667
568.666667 619.000000
574.000000 625.666667
579.333333 632.333333
584.666667 639.000000
590.666667 646.000000
596.666667 653.000000
603.333333 660.000000
609.666667 667.000000
616.000000 674.000000
622.666667 681.333333
630.000000 689.000000
638.000000 697.000000
645.666667 704.666667
653.000000 711.666667
659.666667 718.666667
666.333333 725.666667
673.333333 733.666667
681.333333 741.666667
689.666667 750.000000
698.000000 757.666667
705.666667 765.333333
713.666667 773.000000
722.333333 781.333333
731.666667 789.000000
740.666667 796.333333
748.666667 802.666667
755.666667 808.666667
761.666667 813.666667
766.666667 817.666667
770.666667 820.666667
773.666667 823.000000
775.666667 824.666667
777.000000 826.000000
778.000000 827.000000
778.666667 828.000000
