802.333333 370.000000
841.000000 366.666667
841.000000 363.000000
841.000000 359.000000
841.333333 354.666667
842.000000 349.666667
843.000000 344.333333
844.000000 338.333333
845.000000 332.333333
846.000000 325.666667
847.333333 319.333333
848.666667 313.000000
850.333333 307.000000
852.000000 301.000000
853.666667 294.666667
855.333333 288.333333
857.333333 281.333333
859.666667 274.000000
862.000000 266.666667
864.333333 259.666667
867.000000 253.000000
870.333333 246.000000
873.666667 239.333333
877.666667 232.666667
882.000000 226.333333
887.000000 220.000000
892.000000 213.666667
896.666667 208.000000
901.333333 202.000000
906.000000 197.000000
911.333333 191.333333
917.000000 185.666667
923.000000 179.666667
929.000000 174.333333
935.333333 169.666667
941.333333 165.333333
947.000000 161.000000
952.333333 157.333333
958.333333 154.000000
964.666667 151.333333
971.666667 148.666667
978.666667 146.666667
985.666667 144.666667
994.000000 143.333333
1007.666667 142.000000
1021.333333 141.000000
1038.000000 140.666667
1049.333333 141.000000
1064.333333 142.333333
1074.666667 144.000000
1085.333333 146.000000
1092.666667 148.000000
1100.333333 150.333333
1108.000000 153.333333
1115.666667 156.666667
1122.666667 160.000000
1129.000000 163.333333
1134.666667 167.000000
1139.666667 171.000000
1144.000000 175.000000
1148.000000 179.000000
1152.000000 183.000000
1156.000000 187.000000
1160.000000 191.333333
1164.000000 196.000000
1168.000000 201.333333
1172.333333 207.000000
1176.666667 213.000000
1181.000000 219.000000
1184.666667 224.666667
1188.000000 230.000000
1191.000000 235.333333
1193.666667 240.666667
1196.000000 246.333333
1198.000000 252.666667
1199.666667 259.333333
1201.000000 266.666667
1202.000000 273.333333
1203.000000 280.666667
1203.666667 288.333333
1204.000000 296.666667
1203.666667 305.000000
1203.333333 313.000000
1202.666667 321.000000
1202.000000 329.000000
1201.000000 337.333333
1199.666667 346.000000
1198.333333 354.333333
1196.666667 362.333333
1195.000000 370.000000
1193.000000 378.000000
1190.333333 386.333333
1187.000000 395.333333
1183.000000 404.666667
1178.666667 414.333333
1173.666667 424.333333
1168.333333 434.666667
1163.000000 445.333333
1157.666667 455.666667
1152.000000 466.000000
1145.666667 476.333333
1138.666667 487.000000
1131.333333 497.333333
1124.000000 507.333333
1117.000000 516.666667
1110.000000 526.333333
1102.666667 536.000000
1095.000000 546.000000
1087.000000 556.000000
1079.333333 565.666667
1072.000000 575.333333
1065.000000 585.333333
1058.000000 595.666667
1050.666667 606.000000
1043.000000 616.000000
1034.666667 626.000000
1026.333333 636.333333
1017.666667 646.666667
1009.000000 656.666667
999.333333 666.000000
989.333333 675.000000
978.666667 683.666667
968.333333 692.333333
957.666667 700.333333
947.333333 708.333333
937.333333 715.333333
928.000000 722.666667
919.333333 730.000000
911.333333 738.333333
904.000000 746.666667
897.000000 754.666667
890.666667 762.000000
885.000000 768.666667
880.333333 775.000000
876.000000 780.666667
872.666667 785.666667
870.000000 789.666667
868.333333 792.333333
867.000000 794.333333
866.333333 795.666667
