737.333333 371.666667
820.333333 370.000000
819.666667 368.000000
819.000000 365.666667
818.333333 363.000000
818.000000 360.000000
818.000000 357.333333
817.666667 354.333333
817.333333 351.666667
817.000000 349.000000
817.000000 346.666667
817.000000 344.333333
817.000000 342.000000
817.000000 339.666667
817.000000 337.333333
817.000000 334.666667
817.000000 332.000000
817.000000 329.333333
817.000000 326.666667
817.000000 324.000000
817.000000 321.000000
817.000000 318.000000
816.666667 314.666667
816.333333 311.333333
816.000000 308.000000
816.000000 305.000000
815.666667 301.666667
815.333333 298.333333
814.666667 294.666667
814.000000 291.000000
813.000000 287.000000
811.666667 283.000000
810.000000 278.666667
808.000000 274.333333
806.000000 270.000000
804.000000 266.333333
801.333333 262.666667
798.333333 259.333333
794.666667 256.000000
791.333333 253.000000
787.666667 250.000000
784.333333 247.000000
781.000000 244.333333
777.666667 241.666667
774.666667 239.333333
771.666667 236.666667
769.000000 234.000000
765.666667 231.333333
762.333333 228.666667
758.666667 226.000000
754.666667 223.333333
750.333333 221.000000
746.000000 219.000000
742.000000 217.000000
738.000000 215.000000
734.666667 213.333333
731.666667 211.666667
729.000000 210.333333
725.666667 209.000000
722.666667 208.000000
715.333333 207.666667
707.666667 208.000000
699.666667 209.000000
695.666667 210.000000
692.000000 211.000000
687.000000 212.000000
682.000000 213.000000
677.333333 214.000000
673.666667 215.333333
670.000000 217.000000
665.666667 219.000000
661.000000 221.000000
655.666667 223.000000
650.333333 225.333333
645.333333 227.666667
640.333333 230.000000
635.666667 232.333333
630.666667 234.666667
626.333333 237.000000
622.000000 238.666667
617.666667 240.333333
613.333333 242.000000
608.333333 244.000000
603.666667 246.000000
599.000000 248.000000
595.000000 250.000000
591.333333 252.000000
588.000000 254.333333
585.333333 256.666667
583.000000 259.000000
581.000000 261.333333
579.000000 264.000000
577.000000 266.666667
575.333333 269.000000
574.000000 271.333333
572.666667 274.000000
571.333333 277.000000
570.000000 279.666667
569.333333 282.333333
568.666667 284.666667
568.000000 287.333333
567.333333 290.000000
566.666667 292.666667
566.333333 295.666667
566.000000 298.666667
566.000000 302.333333
566.000000 306.333333
566.000000 310.666667
566.000000 315.333333
566.000000 319.666667
566.333333 324.000000
566.666667 328.000000
567.333333 332.000000
567.666667 336.000000
568.333333 339.666667
569.000000 343.333333
570.000000 347.000000
571.000000 351.000000
571.666667 354.666667
572.333333 358.333333
573.000000 362.333333
574.000000 367.000000
575.000000 372.000000
576.000000 376.666667
577.000000 381.666667
578.333333 386.666667
579.666667 392.333333
581.000000 398.000000
582.333333 404.000000
583.666667 409.666667
585.000000 415.000000
586.000000 420.000000
587.333333 424.666667
589.000000 429.000000
591.000000 433.000000
593.000000 437.333333
595.000000 441.666667
597.666667 446.333333
600.666667 451.000000
604.000000 456.000000
607.333333 461.000000
610.333333 466.333333
613.333333 471.333333
615.666667 476.333333
618.333333 481.000000
620.666667 485.666667
623.000000 490.000000
625.000000 494.000000
627.000000 498.000000
629.333333 502.000000
632.333333 506.000000
636.000000 510.333333
640.333333 515.000000
645.333333 520.000000
651.000000 525.000000
657.333333 530.666667
664.333333 537.000000
672.000000 544.000000
680.333333 551.333333
689.000000 558.666667
697.333333 566.000000
705.333333 573.000000
713.333333 580.333333
721.333333 587.666667
729.666667 595.000000
737.666667 601.666667
745.333333 608.000000
752.000000 614.000000
758.333333 620.000000
765.000000 626.000000
772.000000 632.000000
779.000000 637.666667
786.000000 643.333333
792.666667 648.666667
799.000000 653.666667
804.666667 658.333333
810.000000 662.666667
814.666667 667.000000
819.666667 671.000000
825.000000 675.000000
831.000000 679.666667
837.000000 684.666667
843.000000 690.666667
849.000000 697.333333
855.000000 704.666667
860.666667 712.000000
866.333333 718.666667
871.666667 725.000000
877.000000 731.000000
882.000000 736.333333
887.000000 741.000000
892.000000 745.000000
896.333333 748.333333
900.000000 750.666667
902.666667 752.333333
904.666667 753.666667
906.333333 755.000000
907.666667 756.000000
909.000000 757.333333
909.666667 758.666667
910.333333 760.000000
910.666667 761.000000
911.000000 762.000000
911.000000 763.000000
