788.000000 381.000000
788.333333 378.666667
788.666667 376.000000
789.000000 373.000000
789.333333 370.000000
790.000000 367.000000
790.666667 363.666667
791.333333 360.000000
792.000000 356.333333
793.000000 352.666667
794.000000 349.000000
795.000000 345.000000
796.000000 341.000000
797.333333 336.666667
799.000000 332.000000
801.000000 326.666667
803.000000 320.666667
805.000000 314.666667
807.000000 308.666667
809.000000 303.000000
811.666667 294.666667
814.333333 286.333333
817.333333 278.000000
819.666667 272.000000
822.000000 266.333333
824.333333 261.333333
827.000000 256.666667
830.000000 252.333333
833.000000 248.000000
836.333333 244.000000
839.666667 240.333333
843.333333 236.666667
846.666667 233.000000
850.000000 229.000000
853.333333 225.000000
856.666667 221.000000
860.000000 217.000000
863.000000 213.000000
866.333333 209.000000
870.333333 204.666667
875.000000 200.666667
880.333333 197.000000
886.000000 193.666667
891.666667 190.333333
897.000000 187.000000
902.333333 183.666667
907.666667 180.333333
913.000000 177.000000
918.000000 174.000000
923.333333 171.000000
929.000000 168.000000
934.666667 165.333333
940.333333 163.000000
945.333333 161.000000
950.333333 159.000000
955.000000 157.000000
960.000000 155.000000
965.333333 153.333333
970.666667 152.000000
979.666667 151.000000
991.333333 150.666667
1003.000000 151.000000
1011.000000 152.000000
1019.333333 153.000000
1029.000000 154.000000
1038.666667 155.000000
1044.666667 156.000000
1048.666667 157.333333
1052.333333 159.000000
1056.333333 161.000000
1060.666667 163.333333
1065.333333 165.666667
1070.000000 168.000000
1074.666667 170.333333
1079.333333 173.000000
1083.666667 175.666667
1088.000000 178.333333
1091.666667 180.666667
1095.000000 183.333333
1098.000000 186.000000
1101.000000 188.666667
1104.000000 191.333333
1106.666667 194.000000
1109.333333 197.000000
1112.333333 200.333333
1115.666667 204.000000
1119.333333 208.666667
1123.000000 213.666667
1126.666667 219.000000
1130.000000 224.000000
1133.000000 228.666667
1136.000000 233.333333
1138.666667 238.000000
1141.333333 243.333333
1143.333333 249.000000
1145.333333 255.000000
1146.666667 261.000000
1148.000000 266.666667
1149.000000 272.000000
1150.000000 277.000000
1150.666667 281.666667
1151.000000 286.333333
1151.000000 290.666667
1151.333333 295.000000
1151.666667 299.000000
1152.000000 303.000000
1151.666667 307.333333
1151.333333 311.666667
1151.000000 316.333333
1150.666667 321.000000
1150.000000 325.666667
1149.000000 330.333333
1148.000000 335.333333
1146.666667 341.000000
1145.000000 347.333333
1143.000000 354.000000
1141.000000 360.666667
1139.000000 367.000000
1136.666667 373.000000
1134.000000 378.666667
1131.333333 384.000000
1128.666667 389.333333
1126.000000 395.000000
1123.333333 401.000000
1120.666667 407.333333
1118.000000 413.333333
1115.333333 419.333333
1112.666667 425.000000
1109.000000 433.333333
1105.000000 442.333333
1101.000000 452.000000
1097.666667 459.666667
1094.000000 467.000000
1090.000000 474.000000
1085.666667 481.000000
1081.000000 488.333333
1076.333333 495.666667
1071.666667 503.000000
1067.666667 510.000000
1063.666667 516.666667
1060.000000 523.333333
1056.000000 529.666667
1051.333333 536.666667
1046.333333 544.000000
1040.666667 551.666667
1035.000000 559.000000
1029.000000 565.666667
1023.333333 572.333333
1018.000000 579.000000
1013.000000 585.666667
1008.000000 592.333333
1003.000000 599.000000
997.666667 605.666667
992.333333 611.666667
986.666667 617.333333
981.333333 622.666667
976.000000 628.333333
971.000000 633.666667
965.333333 639.666667
959.333333 646.000000
952.333333 653.000000
945.333333 659.666667
937.666667 666.333333
930.333333 672.666667
923.333333 679.000000
916.666667 685.000000
909.666667 691.333333
902.333333 697.666667
895.000000 704.000000
888.333333 710.000000
882.000000 715.666667
876.333333 721.000000
871.000000 726.000000
866.000000 731.000000
861.000000 736.000000
856.000000 741.000000
851.000000 746.000000
846.000000 751.000000
841.333333 755.333333
837.000000 759.333333
833.333333 762.333333
830.333333 765.000000
828.333333 766.666667
827.000000 768.000000
826.000000 769.000000
825.000000 770.000000
824.333333 770.000000
