857.333333 375.666667
858.333333 373.333333
858.666667 370.333333
859.333333 367.000000
859.666667 363.000000
860.000000 359.333333
860.333333 355.333333
860.666667 351.666667
861.333333 347.666667
861.666667 344.000000
862.333333 339.666667
863.000000 335.000000
864.000000 329.666667
865.333333 323.666667
867.000000 317.666667
869.666667 311.666667
873.000000 306.000000
877.000000 300.000000
881.666667 293.666667
886.333333 287.333333
891.333333 281.000000
896.000000 274.666667
900.666667 268.333333
905.000000 262.333333
909.000000 257.333333
913.666667 252.666667
918.666667 248.333333
924.333333 243.666667
930.000000 239.333333
936.333333 235.000000
942.333333 231.000000
948.000000 226.666667
953.666667 222.000000
959.666667 217.666667
965.666667 213.666667
971.666667 210.000000
977.333333 206.000000
983.333333 202.666667
988.666667 199.666667
993.666667 197.666667
998.333333 195.333333
1002.666667 193.333333
1007.333333 191.000000
1012.333333 189.000000
1018.000000 187.000000
1024.333333 185.333333
1030.666667 184.000000
1036.666667 183.000000
1049.000000 182.666667
1061.000000 183.000000
1075.000000 184.333333
1082.333333 186.000000
1089.333333 187.666667
1094.333333 189.333333
1099.333333 190.666667
1105.000000 192.333333
1111.000000 194.000000
1117.000000 196.333333
1122.666667 199.000000
1128.000000 201.666667
1133.000000 204.333333
1137.666667 207.000000
1142.000000 210.666667
1145.666667 215.000000
1149.333333 220.000000
1152.666667 225.333333
1156.000000 230.666667
1158.666667 236.000000
1161.333333 241.666667
1164.000000 247.666667
1167.000000 254.333333
1169.666667 261.000000
1172.000000 268.333333
1174.000000 275.333333
1175.666667 282.333333
1177.333333 288.666667
1178.666667 295.666667
1179.666667 302.666667
1180.333333 310.000000
1180.333333 317.000000
1180.333333 324.000000
1180.000000 331.000000
1179.666667 338.000000
1179.000000 345.000000
1178.000000 352.333333
1176.666667 359.666667
1175.333333 367.000000
1173.666667 374.000000
1172.000000 381.000000
1170.000000 388.333333
1167.666667 396.000000
1165.333333 404.000000
1162.666667 411.666667
1160.000000 419.333333
1157.000000 427.000000
1154.000000 435.000000
1150.666667 442.666667
1147.333333 450.333333
1143.333333 457.666667
1139.000000 465.000000
1134.000000 471.666667
1129.000000 478.333333
1123.666667 485.000000
1118.333333 492.333333
1113.000000 500.000000
1107.666667 507.666667
1102.000000 515.333333
1095.666667 523.333333
1088.666667 531.666667
1081.000000 540.666667
1073.666667 549.666667
1066.333333 558.666667
1059.333333 567.000000
1051.666667 575.000000
1043.666667 583.333333
1035.333333 591.666667
1027.333333 600.000000
1020.000000 608.000000
1013.000000 616.000000
1005.666667 624.000000
998.000000 632.666667
990.000000 641.666667
982.333333 651.000000
975.333333 660.000000
969.000000 668.666667
963.000000 677.666667
957.000000 686.333333
951.000000 695.333333
945.000000 703.333333
939.333333 711.000000
933.666667 718.000000
928.000000 725.000000
922.333333 732.333333
917.000000 739.333333
912.000000 746.333333
907.000000 753.000000
901.666667 759.666667
896.333333 766.000000
891.000000 772.000000
886.000000 778.333333
881.333333 784.333333
877.000000 790.333333
873.333333 795.666667
870.000000 800.333333
867.333333 804.333333
865.000000 807.666667
863.333333 810.666667
862.000000 812.666667
861.000000 814.333333
860.000000 815.666667
859.000000 817.000000
