665.000000 377.000000
665.000000 374.333333
665.000000 371.333333
766.333333 367.666667
867.666667 363.333333
969.333333 359.000000
970.000000 354.000000
971.000000 349.333333
972.000000 343.666667
973.333333 338.000000
975.000000 332.000000
977.333333 326.000000
979.666667 320.000000
982.333333 313.666667
985.000000 307.333333
988.000000 300.666667
991.333333 294.333333
995.000000 287.666667
998.666667 281.333333
1002.333333 274.333333
1006.000000 267.333333
1010.000000 260.333333
1014.333333 254.333333
1019.000000 249.333333
1024.000000 244.666667
1029.000000 239.666667
1033.666667 234.666667
1038.333333 229.666667
1042.666667 225.333333
1047.333333 220.666667
1051.333333 216.333333
1055.666667 211.666667
1060.000000 207.333333
1065.666667 202.666667
1071.666667 198.666667
1077.666667 194.333333
1083.333333 190.333333
1088.666667 186.000000
1094.000000 182.333333
1099.333333 178.666667
1104.666667 175.000000
1110.666667 171.000000
1116.666667 167.000000
1123.000000 163.333333
1129.000000 160.000000
1134.666667 157.000000
1140.000000 154.000000
1145.000000 151.333333
1150.333333 149.000000
1156.000000 146.666667
1162.000000 144.333333
1168.333333 142.333333
1174.666667 140.666667
1181.000000 139.333333
1186.666667 137.666667
1192.333333 136.333333
1198.333333 135.000000
1205.000000 134.000000
1212.333333 133.000000
1229.333333 132.666667
1254.000000 133.000000
1278.333333 134.000000
1293.000000 135.000000
1300.333333 136.333333
1307.666667 138.000000
1315.000000 140.333333
1321.666667 142.666667
1328.000000 145.333333
1334.000000 148.333333
1339.666667 152.333333
1345.333333 157.000000
1351.000000 162.000000
1357.000000 167.333333
1363.000000 173.000000
1368.666667 179.000000
1374.000000 185.000000
1378.666667 191.666667
1383.000000 199.333333
1387.000000 208.000000
1390.333333 216.666667
1393.333333 225.333333
1395.666667 234.000000
1398.000000 243.333333
1400.333333 253.000000
1402.333333 262.333333
1404.333333 271.000000
1405.666667 279.000000
1407.000000 287.333333
1408.000000 295.666667
1409.333333 304.333333
1410.666667 312.666667
1411.666667 321.000000
1412.000000 329.000000
1412.000000 337.333333
1412.333333 346.333333
1412.333333 355.666667
1412.333333 365.000000
1411.666667 373.666667
1411.000000 382.333333
1410.000000 391.000000
1408.666667 400.000000
1407.000000 409.000000
1405.000000 418.333333
1402.666667 428.000000
1400.000000 438.333333
1397.333333 448.666667
1394.333333 459.000000
1391.333333 468.666667
1387.333333 478.333333
1383.000000 488.333333
1377.666667 498.333333
1372.000000 508.000000
1365.666667 517.000000
1359.333333 526.000000
1353.000000 535.000000
1346.333333 544.000000
1339.333333 552.666667
1331.666667 561.000000
1324.000000 568.666667
1316.333333 576.333333
1309.333333 584.000000
1302.666667 592.333333
1296.000000 600.666667
1289.333333 608.666667
1282.666667 616.333333
1276.000000 624.000000
1269.000000 632.333333
1262.333333 640.666667
1255.666667 649.000000
1248.666667 656.666667
1241.000000 664.333333
1232.666667 671.666667
1224.000000 679.000000
1215.666667 686.333333
1207.333333 694.000000
1198.666667 702.000000
1189.333333 709.666667
1180.333333 716.666667
1172.000000 723.333333
1164.333333 730.000000
1156.666667 737.000000
1149.333333 744.000000
1141.333333 751.000000
1133.333333 757.666667
1125.333333 764.000000
1115.666667 772.000000
1106.333333 780.333333
1096.666667 788.666667
1089.333333 794.666667
1081.666667 800.000000
1074.666667 804.666667
1068.000000 808.666667
1062.000000 812.333333
1056.333333 815.333333
1051.000000 818.000000
1046.333333 819.666667
1042.000000 821.000000
1038.333333 822.000000
1034.666667 823.000000
1031.333333 824.000000
1027.000000 825.000000
1023.000000 826.000000
1017.666667 825.333333
