874.000000 341.000000
872.000000 340.000000
871.333333 338.666667
871.000000 337.333333
871.000000 335.333333
871.000000 332.666667
871.333333 329.000000
872.000000 324.666667
873.000000 320.000000
874.333333 315.333333
875.666667 310.666667
877.666667 306.333333
879.333333 302.000000
881.666667 298.000000
883.666667 293.666667
886.333333 289.333333
889.000000 284.333333
892.000000 279.666667
895.333333 274.666667
899.000000 269.666667
902.666667 264.000000
906.333333 258.000000
910.000000 252.333333
914.000000 247.000000
918.333333 242.000000
923.333333 236.666667
929.000000 231.000000
934.000000 225.333333
938.666667 220.000000
942.666667 215.000000
947.000000 210.333333
951.000000 206.000000
955.333333 202.000000
959.666667 198.333333
964.666667 194.666667
970.000000 190.666667
976.000000 186.000000
982.000000 181.333333
988.000000 177.000000
994.000000 173.000000
1000.000000 169.000000
1006.000000 165.333333
1012.333333 162.000000
1018.666667 158.666667
1025.333333 155.333333
1031.666667 152.333333
1037.666667 150.000000
1043.333333 147.666667
1049.000000 145.333333
1055.333333 143.000000
1062.333333 141.000000
1069.666667 139.000000
1077.000000 137.333333
1083.666667 135.666667
1090.333333 134.333333
1102.000000 133.000000
1114.333333 132.666667
1128.666667 133.000000
1137.333333 134.000000
1145.666667 135.000000
1151.666667 136.000000
1158.000000 137.000000
1164.000000 138.000000
1170.000000 139.000000
1175.666667 140.000000
1181.333333 141.000000
1186.000000 142.000000
1190.666667 143.333333
1196.333333 145.000000
1202.666667 147.000000
1209.000000 148.666667
1214.000000 150.333333
1219.000000 152.000000
1224.000000 154.333333
1228.333333 156.666667
1232.333333 159.333333
1235.666667 162.000000
1239.000000 165.333333
1242.000000 169.000000
1244.666667 172.666667
1247.333333 176.666667
1249.666667 180.333333
1251.666667 184.333333
1253.666667 188.333333
1255.333333 192.666667
1257.666667 197.666667
1259.666667 203.000000
1262.000000 209.000000
1263.666667 215.000000
1265.333333 221.333333
1266.666667 227.333333
1268.000000 233.333333
1269.000000 239.000000
1270.000000 245.333333
1270.666667 252.000000
1271.000000 259.000000
1271.000000 266.000000
1270.666667 272.666667
1270.000000 279.333333
1268.666667 286.000000
1267.000000 293.333333
1265.000000 300.666667
1262.666667 308.666667
1260.333333 316.333333
1257.666667 324.000000
1255.000000 331.333333
1252.000000 339.000000
1248.666667 347.333333
1245.333333 355.666667
1241.666667 363.666667
1238.000000 371.000000
1233.666667 378.000000
1229.333333 384.666667
1224.666667 391.333333
1219.666667 398.000000
1214.666667 405.000000
1209.666667 412.000000
1205.000000 419.000000
1199.666667 426.000000
1194.000000 433.333333
1188.000000 441.000000
1182.000000 449.000000
1176.000000 456.666667
1170.333333 464.000000
1165.000000 470.666667
1159.666667 477.666667
1154.333333 484.666667
1148.666667 492.000000
1143.000000 499.000000
1136.666667 506.000000
1130.333333 512.666667
1123.666667 519.333333
1117.000000 526.000000
1110.000000 533.666667
1103.000000 541.666667
1096.000000 550.000000
1089.000000 557.666667
1082.333333 565.000000
1076.000000 572.333333
1070.333333 579.333333
1065.000000 586.333333
1060.000000 593.333333
1055.333333 600.666667
1051.000000 607.666667
1046.666667 614.000000
1042.000000 620.000000
1037.333333 626.000000
1032.333333 632.000000
1027.333333 638.000000
1021.666667 644.333333
1016.000000 650.666667
1010.000000 657.000000
1003.666667 663.000000
997.333333 668.666667
990.333333 674.333333
983.666667 679.666667
977.000000 685.333333
971.000000 691.000000
965.000000 696.666667
959.333333 702.333333
954.333333 707.666667
950.333333 713.000000
946.666667 717.666667
943.000000 721.666667
939.333333 724.666667
936.333333 727.000000
934.000000 729.000000
932.333333 730.666667
931.000000 732.000000
930.000000 733.000000
929.000000 734.000000
928.000000 735.000000
927.333333 735.333333
