850.333333 443.333333
850.666667 440.333333
851.000000 437.333333
851.000000 433.000000
851.000000 428.000000
851.333333 421.666667
851.666667 415.333333
852.333333 409.333333
852.666667 403.333333
853.333333 397.333333
854.000000 390.666667
855.000000 384.000000
856.000000 377.000000
857.000000 370.333333
858.333333 363.666667
859.666667 357.666667
861.000000 352.000000
862.333333 346.666667
864.000000 341.333333
866.333333 335.666667
868.666667 330.000000
871.000000 324.000000
873.333333 318.333333
875.666667 313.000000
878.333333 308.000000
881.000000 303.333333
884.666667 298.666667
888.333333 294.000000
892.333333 289.000000
896.000000 283.666667
900.000000 278.333333
903.666667 273.000000
907.333333 268.333333
911.000000 263.666667
915.000000 259.333333
919.666667 255.000000
924.333333 251.333333
929.666667 248.000000
934.333333 245.000000
939.333333 242.333333
943.666667 239.666667
948.000000 237.333333
952.333333 234.333333
957.000000 231.333333
962.000000 228.000000
967.666667 224.666667
973.666667 221.333333
980.333333 218.333333
986.666667 216.333333
1001.000000 215.000000
1019.000000 214.666667
1044.666667 214.333333
1066.333333 214.666667
1084.000000 215.000000
1093.333333 216.000000
1097.666667 217.000000
1101.000000 218.000000
1104.333333 219.333333
1108.333333 221.333333
1113.000000 224.000000
1118.333333 227.000000
1124.000000 230.333333
1129.666667 233.666667
1135.000000 237.333333
1140.000000 241.000000
1145.000000 245.000000
1150.000000 249.333333
1155.000000 254.333333
1160.333333 260.000000
1165.666667 265.666667
1170.666667 271.333333
1175.000000 276.666667
1178.666667 282.000000
1182.333333 286.666667
1185.666667 291.333333
1188.666667 296.000000
1191.000000 301.333333
1193.000000 307.000000
1194.666667 313.000000
1196.000000 319.000000
1197.000000 325.000000
1198.000000 330.666667
1198.666667 336.333333
1199.333333 342.000000
1199.666667 348.000000
1200.333333 354.000000
1200.666667 360.000000
1201.000000 365.666667
1201.333333 371.000000
1201.666667 375.666667
1202.000000 380.333333
1202.000000 384.333333
1201.666667 388.333333
1201.000000 392.333333
1200.000000 397.000000
1199.000000 402.666667
1197.666667 408.666667
1196.000000 415.333333
1193.666667 422.333333
1190.666667 429.666667
1187.000000 437.666667
1183.000000 445.666667
1178.666667 454.333333
1174.000000 462.666667
1169.000000 470.666667
1164.333333 478.333333
1159.333333 486.000000
1154.333333 494.333333
1148.333333 502.666667
1142.333333 510.666667
1135.666667 518.000000
1129.000000 525.000000
1122.000000 532.333333
1115.000000 539.666667
1108.000000 547.333333
1100.666667 554.666667
1093.333333 562.000000
1086.000000 569.000000
1079.333333 575.666667
1073.000000 582.666667
1066.666667 589.666667
1060.666667 597.333333
1054.666667 605.000000
1049.000000 612.333333
1043.000000 619.333333
1036.666667 626.333333
1030.333333 634.000000
1024.000000 642.000000
1018.000000 650.000000
1012.333333 658.000000
1006.666667 666.000000
1000.666667 674.000000
994.333333 682.333333
988.000000 690.666667
982.000000 699.333333
976.333333 707.333333
971.000000 715.333333
966.333333 723.000000
962.000000 731.333333
957.666667 740.000000
953.666667 748.666667
949.333333 757.000000
945.333333 764.666667
941.000000 772.333333
936.666667 779.666667
932.666667 787.000000
928.666667 793.666667
925.333333 799.666667
921.666667 805.000000
918.666667 809.333333
916.000000 813.000000
914.333333 815.666667
913.000000 817.666667
912.000000 819.000000
911.333333 820.000000
910.666667 821.000000
