708.333333 378.000000
708.666667 377.000000
709.000000 375.666667
709.000000 374.000000
709.000000 372.000000
709.000000 369.666667
709.000000 367.000000
708.666667 364.333333
708.333333 361.666667
708.000000 359.000000
708.000000 356.000000
707.666667 353.333333
707.333333 350.666667
706.666667 348.333333
706.333333 345.666667
705.666667 343.333333
705.333333 340.666667
704.666667 338.333333
704.000000 335.666667
703.000000 333.333333
702.000000 330.666667
701.333333 328.000000
700.333333 325.000000
699.333333 321.666667
698.000000 318.333333
697.000000 315.000000
695.666667 312.000000
694.333333 309.000000
692.666667 306.000000
691.333333 303.000000
689.666667 300.333333
688.000000 297.666667
686.333333 295.000000
684.666667 292.333333
683.333333 290.000000
681.666667 287.666667
680.333333 285.333333
678.666667 282.666667
677.333333 280.000000
675.666667 277.000000
674.000000 274.000000
672.000000 271.000000
670.000000 268.000000
667.666667 265.000000
665.000000 262.000000
662.333333 259.000000
659.333333 256.000000
656.333333 253.000000
652.666667 250.000000
649.000000 247.333333
645.333333 245.000000
641.666667 243.000000
638.666667 241.000000
635.666667 239.000000
633.000000 237.000000
630.000000 235.333333
627.000000 233.666667
624.000000 232.000000
621.000000 229.666667
617.666667 227.333333
614.000000 225.000000
609.666667 222.666667
605.333333 220.333333
601.000000 218.000000
597.000000 216.000000
593.000000 214.000000
589.000000 212.000000
585.000000 210.000000
581.333333 208.000000
577.666667 206.333333
574.333333 204.666667
570.666667 203.333333
567.000000 202.000000
563.000000 201.000000
559.000000 200.000000
554.666667 199.000000
550.333333 197.666667
544.666667 196.333333
539.666667 195.000000
532.333333 194.000000
525.333333 193.666667
516.333333 194.000000
507.666667 195.000000
498.666667 196.000000
490.000000 197.000000
483.333333 198.000000
478.333333 199.000000
474.666667 200.000000
471.000000 201.000000
467.000000 202.333333
463.333333 204.000000
459.666667 206.000000
456.000000 208.333333
452.333333 210.666667
449.000000 213.333333
446.000000 216.000000
443.000000 219.000000
440.000000 222.000000
437.333333 225.000000
434.666667 228.000000
432.333333 231.333333
429.666667 235.000000
427.333333 238.666667
424.666667 242.333333
421.666667 246.333333
418.333333 251.000000
415.000000 256.000000
412.000000 260.666667
409.000000 265.333333
406.333333 269.666667
404.000000 274.000000
402.000000 277.666667
400.333333 281.000000
399.000000 284.000000
398.000000 287.000000
397.000000 289.666667
396.333333 292.333333
396.000000 295.000000
396.000000 298.333333
396.000000 301.666667
396.000000 305.333333
396.000000 308.666667
396.333333 312.333333
396.666667 315.666667
397.333333 319.666667
398.000000 323.666667
399.333333 327.666667
400.666667 331.333333
402.333333 335.000000
403.666667 338.666667
405.000000 342.333333
406.333333 346.000000
407.666667 349.666667
409.333333 353.333333
411.000000 357.333333
413.000000 362.000000
415.000000 367.000000
417.333333 372.333333
420.000000 378.333333
423.000000 384.666667
425.666667 391.333333
428.666667 398.000000
431.666667 405.000000
435.000000 411.333333
438.000000 417.666667
441.333333 423.333333
444.666667 429.000000
448.333333 434.333333
452.333333 439.666667
456.666667 445.000000
461.000000 450.333333
465.000000 456.000000
469.000000 461.666667
473.333333 467.666667
477.666667 473.666667
483.666667 482.000000
489.333333 490.000000
495.000000 498.000000
499.000000 503.666667
503.000000 509.000000
507.000000 514.000000
510.666667 518.666667
514.000000 523.000000
517.000000 527.000000
520.000000 531.000000
523.000000 535.000000
526.333333 539.333333
530.000000 544.333333
534.333333 550.000000
539.000000 556.000000
544.000000 562.333333
549.666667 569.000000
555.666667 576.000000
562.000000 583.000000
568.000000 590.333333
574.333333 598.000000
581.000000 605.666667
588.000000 613.000000
595.000000 620.000000
602.000000 627.000000
608.666667 634.000000
615.000000 641.000000
621.000000 647.666667
627.000000 654.333333
632.666667 660.333333
638.333333 666.333333
643.666667 671.666667
649.333333 677.333333
654.333333 683.000000
659.000000 688.666667
662.666667 694.333333
666.000000 699.666667
669.000000 705.000000
672.000000 709.666667
674.666667 714.000000
677.333333 718.000000
680.000000 721.666667
683.000000 725.000000
686.000000 728.000000
689.000000 731.333333
692.333333 734.666667
696.000000 738.000000
699.666667 741.000000
703.333333 744.000000
706.333333 747.000000
709.666667 750.000000
712.333333 753.000000
715.000000 756.000000
717.333333 759.000000
719.333333 761.333333
721.333333 763.333333
722.666667 765.000000
724.000000 766.666667
725.000000 768.000000
726.333333 769.000000
727.333333 770.000000
728.666667 771.000000
729.666667 772.000000
