575.666667 343.000000
576.333333 341.666667
576.666667 340.333333
577.000000 338.666667
577.000000 337.000000
577.000000 334.666667
577.000000 332.333333
576.666667 329.666667
576.333333 327.000000
575.666667 323.666667
575.333333 320.333333
575.000000 316.666667
574.666667 313.000000
574.333333 309.333333
573.666667 305.666667
573.000000 302.333333
572.333333 299.000000
571.666667 296.000000
571.000000 293.000000
570.000000 290.000000
569.000000 287.333333
567.666667 284.666667
566.333333 282.000000
564.666667 279.000000
563.333333 276.000000
561.666667 272.666667
559.666667 269.333333
557.333333 266.000000
554.666667 262.666667
552.000000 259.333333
549.333333 255.666667
546.666667 252.333333
544.000000 249.000000
541.000000 245.666667
538.000000 242.333333
535.000000 239.000000
531.666667 235.666667
528.000000 232.000000
524.000000 227.666667
519.666667 223.333333
515.000000 218.666667
510.000000 214.333333
504.666667 210.000000
499.333333 205.666667
494.000000 201.666667
489.000000 197.666667
484.000000 194.000000
479.000000 190.000000
473.666667 186.000000
468.000000 182.000000
461.666667 178.333333
455.333333 174.666667
448.666667 171.333333
442.000000 167.666667
434.666667 164.666667
427.333333 161.666667
419.666667 159.333333
412.333333 157.333333
405.333333 156.000000
398.666667 155.000000
392.333333 154.000000
386.000000 153.000000
380.333333 152.000000
374.333333 151.000000
368.333333 150.000000
362.333333 149.000000
354.000000 148.000000
345.000000 147.666667
335.666667 148.000000
330.000000 149.000000
325.666667 150.000000
322.666667 151.000000
319.666667 152.333333
317.000000 153.666667
314.000000 155.333333
311.333333 157.000000
308.666667 159.000000
306.333333 161.000000
304.000000 163.333333
302.000000 166.000000
300.000000 169.000000
298.000000 172.000000
296.333333 174.666667
294.666667 177.333333
293.333333 180.000000
292.000000 183.333333
291.000000 186.666667
290.000000 190.333333
289.000000 194.333333
288.000000 199.000000
287.333333 204.000000
286.666667 209.000000
286.000000 214.000000
285.333333 219.000000
284.666667 223.666667
284.333333 228.000000
283.666667 232.333333
283.333333 236.666667
283.000000 241.000000
283.000000 245.333333
283.000000 250.000000
283.000000 255.000000
283.000000 260.000000
283.000000 265.000000
283.000000 269.666667
283.333333 274.000000
283.666667 277.666667
284.000000 281.333333
284.333333 285.000000
285.000000 289.000000
286.000000 293.000000
287.000000 297.000000
288.333333 301.000000
289.666667 305.000000
291.333333 309.000000
292.666667 313.333333
294.333333 317.666667
296.000000 322.333333
297.666667 326.666667
299.666667 331.333333
301.666667 336.000000
304.333333 341.333333
307.000000 346.666667
310.333333 352.333333
313.666667 357.666667
317.333333 363.000000
321.000000 368.000000
324.666667 372.666667
329.000000 378.333333
333.000000 383.666667
336.666667 389.000000
339.333333 393.000000
342.000000 397.000000
345.000000 401.000000
348.333333 405.000000
352.000000 409.333333
356.000000 414.000000
360.333333 418.666667
364.666667 423.333333
369.000000 428.000000
373.000000 433.000000
377.000000 437.666667
381.333333 442.666667
385.666667 447.666667
390.333333 453.333333
395.000000 458.666667
400.333333 464.333333
406.333333 470.000000
412.666667 476.000000
421.666667 484.333333
430.666667 493.000000
439.666667 501.666667
446.333333 508.000000
452.333333 513.333333
458.000000 518.333333
462.666667 522.666667
467.000000 526.666667
472.333333 532.000000
477.666667 537.666667
482.666667 544.000000
486.333333 549.333333
490.000000 554.666667
493.666667 560.666667
497.333333 566.333333
501.000000 572.333333
505.000000 578.000000
508.666667 584.000000
512.333333 590.333333
516.000000 596.666667
519.666667 603.000000
523.333333 609.000000
527.000000 615.333333
531.000000 621.666667
535.000000 628.000000
539.333333 634.000000
544.000000 640.000000
549.000000 646.000000
554.000000 651.666667
558.666667 657.000000
563.000000 661.666667
567.000000 666.000000
570.333333 669.666667
575.000000 674.333333
578.666667 678.333333
582.333333 682.000000
584.000000 683.666667
585.666667 685.333333
587.000000 686.666667
588.000000 688.000000
589.000000 689.000000
590.000000 690.000000
591.000000 691.000000
