868.000000 412.000000
868.000000 410.666667
785.666667 409.333333
703.333333 408.000000
621.000000 406.666667
621.000000 405.000000
621.000000 402.666667
621.000000 400.333333
621.000000 397.666667
621.000000 395.000000
621.000000 391.666667
621.000000 388.000000
621.333333 383.666667
621.666667 379.000000
622.000000 373.666667
622.333333 368.333333
622.666667 363.000000
623.000000 358.333333
623.333333 354.000000
624.000000 349.666667
625.000000 345.333333
626.000000 340.333333
627.333333 335.333333
629.333333 329.666667
631.666667 323.666667
634.333333 317.666667
637.333333 311.666667
641.000000 306.000000
645.000000 300.000000
649.333333 294.000000
653.666667 287.666667
658.000000 281.333333
662.000000 274.666667
665.666667 268.666667
669.333333 263.000000
673.000000 258.000000
677.333333 253.333333
682.000000 248.666667
687.000000 244.000000
692.333333 239.333333
697.666667 235.000000
702.666667 230.666667
707.333333 226.333333
711.666667 222.333333
716.000000 218.666667
720.000000 214.666667
724.333333 210.333333
729.333333 206.333333
735.000000 202.666667
741.000000 199.333333
746.666667 196.000000
752.000000 193.000000
757.000000 190.333333
762.000000 187.333333
767.333333 184.333333
773.000000 181.000000
779.000000 178.333333
785.333333 175.666667
791.666667 173.333333
798.000000 171.000000
804.000000 169.000000
810.000000 167.333333
816.333333 165.666667
822.666667 164.333333
829.333333 163.000000
836.333333 161.666667
843.333333 160.333333
849.666667 159.000000
855.333333 158.000000
863.666667 157.000000
873.000000 156.000000
884.666667 155.000000
902.666667 154.666667
920.000000 155.000000
935.000000 156.000000
941.000000 157.333333
946.333333 158.666667
951.333333 160.333333
955.666667 162.333333
960.333333 165.000000
965.000000 168.000000
970.000000 171.000000
975.000000 174.000000
979.666667 177.000000
984.333333 180.000000
988.666667 183.000000
993.000000 186.333333
996.666667 189.666667
1000.333333 193.666667
1003.666667 198.000000
1007.000000 202.666667
1010.000000 207.666667
1013.333333 213.000000
1017.000000 219.000000
1021.000000 224.666667
1025.000000 230.333333
1029.333333 236.000000
1034.000000 242.666667
1038.666667 249.666667
1043.000000 257.000000
1046.333333 263.666667
1049.333333 270.000000
1051.666667 276.000000
1054.000000 281.666667
1056.000000 287.333333
1057.666667 293.333333
1059.000000 299.666667
1060.000000 306.666667
1060.666667 313.333333
1061.333333 320.000000
1061.666667 326.333333
1062.000000 333.333333
1062.000000 341.000000
1062.000000 349.000000
1061.666667 356.666667
1061.333333 364.000000
1060.666667 370.666667
1060.000000 377.000000
1059.000000 383.000000
1057.666667 389.333333
1056.333333 395.666667
1054.333333 402.333333
1052.000000 409.000000
1048.666667 415.333333
1044.666667 421.333333
1039.666667 427.333333
1034.000000 433.666667
1028.000000 440.333333
1022.333333 447.000000
1017.000000 454.000000
1012.000000 460.666667
1006.666667 467.000000
1001.000000 473.000000
994.666667 479.000000
988.000000 485.000000
981.333333 490.666667
975.000000 496.333333
969.333333 502.333333
963.333333 508.666667
957.000000 515.333333
949.333333 521.666667
941.666667 528.000000
934.000000 534.000000
927.333333 540.333333
920.666667 547.000000
914.333333 554.000000
907.666667 560.666667
900.666667 567.000000
893.000000 573.000000
885.666667 579.000000
879.000000 584.666667
873.000000 590.333333
866.333333 596.333333
859.000000 602.666667
851.000000 609.333333
843.333333 615.333333
836.333333 621.000000
830.000000 626.000000
824.333333 631.000000
818.666667 636.333333
812.666667 642.000000
805.666667 648.000000
798.333333 654.333333
791.333333 660.333333
785.000000 666.000000
779.333333 671.000000
774.000000 676.333333
769.333333 682.000000
764.333333 687.666667
759.333333 693.333333
753.666667 698.666667
748.000000 704.333333
742.333333 709.333333
737.000000 714.333333
732.333333 718.666667
728.000000 723.000000
724.000000 727.000000
720.000000 731.000000
716.333333 735.000000
712.666667 738.666667
709.333333 742.000000
706.333333 744.666667
703.666667 747.000000
701.000000 749.000000
698.000000 751.333333
695.333333 753.333333
693.000000 755.000000
691.333333 756.000000
690.000000 757.000000
689.000000 758.000000
687.666667 759.000000
686.333333 760.000000
684.666667 761.000000
683.000000 762.000000
681.333333 763.000000
679.666667 764.000000
678.666667 765.000000
677.666667 766.000000
677.000000 767.000000
676.000000 768.000000
675.333333 768.333333
