667.333333 486.333333
619.666667 485.333333
621.333333 483.333333
622.333333 480.666667
623.000000 477.666667
623.666667 474.000000
624.000000 469.666667
624.333333 465.333333
624.666667 461.000000
625.333333 457.000000
625.666667 453.000000
626.000000 449.000000
626.000000 445.000000
626.333333 441.333333
626.666667 438.000000
627.000000 435.333333
627.000000 432.666667
627.000000 430.000000
627.000000 427.333333
627.000000 424.666667
627.000000 421.666667
627.000000 418.333333
626.666667 414.333333
626.333333 410.000000
626.000000 405.000000
625.666667 399.666667
625.333333 394.000000
624.666667 387.333333
624.000000 380.333333
623.000000 373.000000
621.666667 366.000000
620.333333 359.333333
619.000000 353.000000
617.666667 347.000000
616.000000 341.333333
614.000000 335.666667
611.666667 330.333333
609.000000 325.000000
605.666667 320.000000
602.000000 315.000000
598.333333 310.333333
594.666667 306.000000
591.000000 301.666667
587.333333 297.333333
584.000000 293.000000
580.666667 288.666667
577.333333 284.333333
574.000000 279.666667
571.000000 275.333333
568.000000 271.333333
564.000000 267.333333
559.333333 263.333333
553.666667 259.333333
548.333333 255.666667
543.333333 252.333333
539.000000 249.333333
534.666667 247.000000
530.333333 244.666667
525.666667 242.333333
520.000000 240.000000
513.333333 238.000000
506.333333 236.000000
500.000000 234.333333
494.000000 232.666667
488.333333 231.333333
483.000000 229.666667
477.666667 228.333333
471.333333 226.666667
464.666667 225.333333
457.666667 224.000000
451.333333 223.000000
442.000000 222.666667
433.333333 223.000000
424.000000 224.333333
417.666667 225.666667
411.333333 227.333333
406.000000 229.000000
401.333333 230.666667
397.000000 232.333333
393.333333 233.666667
390.333333 235.000000
388.000000 236.000000
386.000000 237.333333
384.000000 239.000000
382.000000 240.666667
380.000000 242.333333
378.000000 244.333333
376.000000 246.666667
374.000000 249.666667
371.666667 252.666667
369.333333 256.000000
366.666667 259.333333
364.000000 263.333333
361.333333 268.000000
358.666667 273.000000
356.333333 278.000000
354.333333 282.666667
353.000000 287.666667
352.000000 292.666667
351.000000 298.666667
350.333333 304.666667
350.000000 310.666667
350.000000 316.333333
350.000000 322.000000
350.333333 328.333333
351.333333 335.000000
352.666667 342.333333
354.333333 350.000000
355.666667 358.000000
356.666667 365.666667
357.333333 372.666667
358.000000 379.000000
359.000000 385.333333
360.333333 391.666667
362.000000 398.000000
364.000000 404.000000
366.333333 410.000000
368.333333 415.666667
370.333333 421.333333
372.000000 426.666667
374.000000 432.333333
376.000000 438.000000
378.000000 444.000000
380.000000 450.000000
381.666667 456.000000
383.333333 462.333333
385.000000 468.666667
387.000000 475.333333
389.000000 482.000000
391.000000 489.000000
393.000000 496.000000
395.333333 503.000000
398.333333 510.000000
402.333333 516.666667
406.333333 523.000000
410.666667 529.666667
414.666667 536.666667
419.000000 544.333333
423.000000 551.666667
426.666667 559.000000
430.333333 566.000000
434.333333 573.333333
439.000000 581.000000
444.666667 589.000000
451.000000 597.333333
457.666667 605.333333
464.000000 613.333333
469.666667 620.333333
475.000000 627.333333
480.000000 633.666667
485.333333 639.666667
491.333333 645.333333
497.666667 651.000000
504.000000 656.666667
509.666667 662.000000
515.000000 666.666667
520.333333 671.000000
526.333333 675.333333
533.333333 679.666667
540.666667 684.000000
547.666667 687.666667
553.666667 691.333333
559.333333 694.666667
564.333333 698.333333
569.333333 702.000000
574.000000 706.333333
579.666667 711.000000
586.000000 716.000000
593.000000 721.333333
600.000000 726.666667
606.666667 732.333333
613.333333 738.333333
620.666667 745.333333
629.333333 752.666667
638.666667 759.666667
647.333333 766.000000
654.666667 771.333333
660.666667 776.000000
665.666667 779.666667
670.000000 783.000000
674.000000 785.666667
678.000000 788.000000
681.666667 789.666667
685.333333 790.333333
