839.333333 370.666667
808.333333 369.000000
808.666667 367.333333
809.000000 365.333333
809.333333 363.000000
810.000000 360.000000
811.000000 356.666667
811.666667 353.333333
812.666667 350.000000
813.666667 346.666667
815.333333 342.666667
817.333333 338.000000
820.000000 333.000000
823.666667 327.666667
827.666667 322.000000
832.333333 316.000000
837.000000 310.333333
842.000000 305.000000
846.666667 300.000000
851.000000 294.666667
855.333333 289.333333
859.333333 284.000000
863.333333 278.666667
867.333333 273.000000
872.000000 267.333333
877.333333 262.000000
882.666667 257.000000
888.000000 252.000000
893.000000 247.000000
898.000000 242.333333
903.000000 237.666667
908.000000 233.333333
913.333333 228.666667
919.333333 224.333333
925.666667 220.000000
932.000000 216.000000
937.666667 212.333333
943.000000 209.000000
948.333333 206.000000
953.666667 203.000000
959.666667 200.333333
966.000000 198.000000
973.000000 196.333333
979.666667 194.333333
986.333333 192.666667
992.666667 190.666667
998.666667 189.333333
1004.666667 188.000000
1013.000000 187.000000
1024.000000 186.666667
1036.333333 187.333333
1046.333333 188.666667
1053.666667 190.333333
1059.666667 192.333333
1065.666667 195.000000
1072.000000 197.666667
1078.000000 200.666667
1083.666667 203.666667
1088.666667 207.000000
1092.666667 210.000000
1096.333333 213.666667
1099.666667 217.333333
1102.666667 221.333333
1105.333333 224.666667
1107.666667 228.333333
1110.000000 232.333333
1112.000000 236.333333
1114.000000 240.333333
1116.333333 244.333333
1118.666667 248.666667
1121.000000 253.333333
1123.000000 258.000000
1125.000000 263.000000
1127.000000 268.000000
1128.666667 273.000000
1130.333333 278.000000
1131.666667 282.666667
1133.000000 287.333333
1134.000000 292.333333
1134.666667 298.000000
1135.000000 304.333333
1135.000000 311.000000
1135.000000 318.000000
1134.666667 325.000000
1134.000000 332.000000
1133.000000 339.000000
1131.666667 346.000000
1130.000000 353.333333
1128.000000 360.666667
1126.000000 368.000000
1123.666667 374.666667
1121.000000 381.333333
1117.666667 387.666667
1114.333333 394.333333
1111.000000 401.000000
1108.000000 408.000000
1104.666667 415.000000
1101.000000 422.000000
1097.000000 429.333333
1093.000000 437.333333
1088.333333 446.000000
1083.333333 454.666667
1077.666667 463.000000
1072.333333 471.000000
1066.666667 479.333333
1061.000000 488.000000
1054.666667 496.666667
1048.333333 505.000000
1041.666667 512.666667
1035.000000 520.000000
1028.333333 527.000000
1022.000000 534.000000
1016.000000 541.333333
1009.666667 549.000000
1003.333333 556.666667
997.000000 564.000000
991.000000 571.000000
984.666667 578.000000
978.666667 585.000000
973.000000 592.333333
967.666667 599.666667
962.666667 607.000000
957.666667 613.666667
952.666667 620.333333
946.666667 626.666667
940.333333 633.000000
933.666667 639.333333
927.333333 646.000000
921.000000 652.666667
914.666667 659.000000
908.000000 665.000000
900.666667 671.000000
893.333333 676.666667
886.000000 682.000000
879.000000 687.333333
872.333333 693.000000
866.333333 698.333333
861.666667 702.666667
857.333333 706.333333
853.666667 709.333333
850.333333 712.000000
848.000000 713.666667
846.333333 715.000000
