870.333333 426.000000
871.000000 421.333333
872.000000 416.333333
873.000000 411.333333
874.333333 406.666667
876.000000 402.333333
877.666667 397.666667
879.333333 392.666667
881.000000 387.000000
883.000000 381.000000
885.000000 375.000000
887.000000 369.000000
889.000000 363.000000
891.333333 357.000000
894.000000 351.000000
897.000000 344.666667
899.666667 338.000000
902.333333 331.000000
904.666667 324.000000
907.333333 317.000000
909.666667 310.333333
912.666667 304.000000
916.000000 297.666667
920.333333 291.333333
925.333333 284.333333
930.666667 277.666667
936.666667 270.333333
942.333333 264.000000
948.000000 257.666667
953.000000 252.000000
958.333333 246.333333
964.666667 240.666667
971.333333 235.000000
978.666667 229.000000
985.333333 223.333333
992.000000 218.000000
997.666667 213.333333
1003.333333 209.333333
1009.000000 205.666667
1015.333333 202.666667
1021.666667 199.666667
1028.333333 197.666667
1034.333333 196.000000
1040.333333 195.000000
1045.666667 194.000000
1053.666667 193.000000
1076.333333 192.666667
1104.000000 193.000000
1129.000000 194.000000
1139.000000 195.000000
1145.666667 196.333333
1152.333333 198.000000
1159.000000 200.000000
1164.333333 202.000000
1169.666667 204.000000
1175.000000 206.333333
1180.000000 209.000000
1184.666667 212.000000
1189.000000 215.333333
1193.000000 219.000000
1197.000000 223.333333
1200.666667 228.000000
1204.333333 232.666667
1207.666667 237.666667
1211.333333 242.666667
1215.000000 248.333333
1219.000000 254.000000
1223.000000 260.000000
1227.000000 266.000000
1231.000000 272.000000
1234.666667 277.666667
1237.666667 283.333333
1240.333333 288.666667
1242.333333 294.666667
1244.333333 301.000000
1245.666667 308.000000
1247.333333 314.666667
1248.333333 321.333333
1249.333333 327.666667
1249.666667 334.333333
1250.000000 340.666667
1250.333333 347.333333
1250.666667 354.000000
1251.000000 361.333333
1251.000000 368.333333
1250.666667 375.000000
1250.333333 381.333333
1250.000000 388.000000
1249.666667 395.000000
1249.333333 402.000000
1248.666667 409.000000
1248.000000 416.333333
1247.000000 423.666667
1246.000000 431.333333
1244.666667 439.333333
1242.666667 448.000000
1240.000000 456.666667
1237.000000 465.000000
1233.666667 473.000000
1229.666667 481.000000
1225.000000 489.333333
1220.000000 498.000000
1215.333333 507.000000
1210.333333 516.000000
1205.333333 525.000000
1199.000000 534.333333
1192.333333 544.000000
1184.666667 553.666667
1177.666667 562.333333
1170.666667 570.333333
1164.666667 577.666667
1158.666667 585.333333
1152.666667 593.333333
1145.666667 601.666667
1138.000000 610.000000
1130.333333 617.666667
1122.666667 625.333333
1115.333333 633.333333
1107.666667 642.000000
1099.666667 651.000000
1091.333333 659.666667
1083.000000 668.000000
1075.333333 676.333333
1068.333333 685.000000
1062.000000 693.666667
1055.666667 702.000000
1049.333333 709.666667
1042.333333 717.000000
1035.333333 724.333333
1027.666667 732.333333
1020.333333 740.666667
1012.333333 749.333333
1003.666667 758.000000
994.333333 766.333333
985.333333 774.000000
977.333333 781.333333
970.333333 788.666667
964.000000 796.000000
957.666667 802.666667
951.333333 808.666667
945.333333 813.666667
940.333333 817.666667
936.333333 820.666667
933.000000 823.000000
930.333333 824.666667
928.666667 825.333333
