797.000000 363.000000
734.000000 364.000000
734.000000 364.333333
734.000000 363.666667
734.000000 362.000000
734.000000 359.666667
734.000000 357.333333
733.666667 354.666667
733.333333 351.666667
732.666667 348.666667
732.000000 345.333333
731.000000 342.333333
730.333333 338.666667
729.666667 335.333333
729.000000 331.666667
728.000000 328.000000
727.000000 324.000000
726.000000 320.000000
725.333333 316.000000
724.666667 312.000000
724.000000 308.000000
723.000000 304.000000
722.000000 300.000000
721.333333 296.000000
720.666667 292.000000
720.000000 287.666667
719.000000 283.000000
718.000000 278.333333
717.000000 273.666667
715.666667 269.000000
714.333333 264.000000
713.000000 259.333333
711.666667 254.666667
710.333333 250.333333
708.666667 246.000000
707.000000 242.000000
704.666667 238.000000
702.333333 234.000000
700.000000 230.333333
697.666667 227.000000
695.333333 224.000000
693.000000 221.000000
690.666667 218.000000
688.333333 215.333333
686.000000 212.666667
684.000000 210.000000
682.000000 207.333333
679.666667 205.000000
677.666667 202.666667
675.666667 200.333333
673.666667 198.000000
671.000000 195.666667
668.000000 192.666667
664.666667 189.333333
661.000000 186.000000
656.666667 182.666667
652.000000 179.333333
647.000000 176.000000
642.000000 172.666667
637.000000 169.333333
632.000000 166.000000
627.000000 163.000000
622.000000 159.666667
616.666667 156.333333
611.000000 153.000000
605.000000 150.000000
599.000000 147.000000
593.000000 144.333333
587.333333 142.000000
581.333333 139.666667
575.333333 137.333333
568.666667 135.333333
562.000000 134.000000
552.666667 133.000000
536.666667 132.666667
510.333333 133.000000
486.333333 134.000000
469.333333 135.333333
463.000000 137.000000
457.000000 139.000000
451.333333 141.000000
446.000000 143.333333
441.333333 146.000000
437.000000 149.000000
432.666667 152.000000
428.666667 155.000000
424.666667 158.000000
421.333333 161.000000
418.000000 164.000000
415.000000 166.666667
412.333333 169.333333
409.666667 172.333333
407.000000 175.666667
404.333333 179.333333
402.000000 183.000000
400.000000 187.333333
398.000000 192.666667
396.333333 198.666667
395.000000 205.000000
394.333333 211.333333
394.000000 218.000000
394.000000 224.666667
394.333333 231.000000
394.666667 237.000000
395.333333 243.333333
396.333333 249.666667
397.666667 256.000000
399.000000 262.333333
400.000000 268.666667
401.333333 275.000000
403.000000 281.333333
405.333333 288.000000
408.000000 295.666667
411.000000 304.000000
414.333333 313.333333
418.000000 323.333333
422.000000 334.000000
425.666667 345.000000
429.000000 355.666667
431.666667 366.000000
434.333333 375.666667
437.000000 384.666667
440.000000 392.666667
443.000000 400.000000
446.000000 407.333333
449.333333 414.333333
453.333333 421.000000
458.000000 427.666667
462.666667 435.000000
467.333333 442.666667
471.666667 450.000000
476.000000 457.000000
479.666667 463.666667
483.333333 470.000000
486.666667 476.333333
490.000000 482.333333
493.333333 488.000000
496.666667 493.000000
500.333333 497.666667
504.333333 502.000000
508.666667 506.000000
513.333333 510.000000
518.000000 514.000000
523.666667 518.333333
529.666667 523.000000
536.666667 528.000000
544.000000 533.333333
552.000000 539.333333
560.000000 546.000000
568.333333 553.333333
577.000000 561.000000
586.000000 569.000000
595.000000 577.000000
604.000000 585.000000
613.000000 593.333333
622.333333 602.000000
631.666667 610.666667
641.000000 619.000000
650.000000 627.000000
658.666667 635.000000
667.333333 642.666667
675.666667 650.000000
684.000000 656.666667
692.333333 663.000000
700.333333 668.666667
708.000000 674.000000
714.666667 679.333333
721.333333 684.666667
727.666667 690.333333
733.666667 696.000000
739.000000 701.666667
744.000000 707.000000
748.666667 711.666667
753.000000 716.000000
756.666667 720.000000
760.000000 723.666667
762.666667 726.666667
765.000000 729.000000
766.666667 730.666667
768.000000 732.000000
769.000000 733.000000
770.000000 734.000000
771.000000 734.333333
