724.000000 369.000000
723.666667 366.000000
723.333333 362.666667
723.000000 359.000000
722.666667 355.000000
722.333333 351.000000
721.666667 346.666667
720.666667 342.000000
719.333333 336.666667
718.000000 331.000000
716.666667 325.000000
715.000000 319.000000
713.333333 313.333333
711.666667 307.666667
710.000000 302.333333
708.333333 297.333333
706.333333 293.000000
704.666667 289.333333
702.666667 286.000000
701.333333 283.000000
699.666667 280.000000
698.000000 277.333333
695.666667 274.666667
693.333333 272.333333
690.666667 269.666667
688.000000 267.000000
685.000000 264.000000
682.333333 261.000000
679.666667 258.000000
677.000000 255.000000
674.000000 252.000000
670.666667 249.000000
667.000000 245.666667
662.666667 242.000000
658.000000 238.333333
653.333333 235.000000
648.666667 232.000000
644.000000 228.666667
639.333333 225.333333
634.666667 222.000000
630.000000 218.666667
624.666667 214.666667
619.000000 210.666667
613.000000 206.666667
607.000000 203.333333
601.333333 200.000000
596.000000 197.333333
591.333333 194.666667
587.000000 192.666667
583.000000 190.666667
579.000000 189.333333
575.333333 187.666667
571.333333 186.000000
567.000000 184.333333
562.000000 182.666667
556.666667 181.000000
551.333333 179.333333
546.000000 177.666667
541.000000 176.333333
536.333333 175.000000
530.666667 174.000000
516.333333 173.666667
500.666667 174.000000
486.333333 175.000000
478.666667 176.000000
471.333333 177.000000
464.000000 178.000000
459.000000 179.333333
455.333333 180.666667
452.000000 182.333333
449.000000 184.000000
446.000000 186.000000
443.333333 188.333333
441.000000 190.333333
439.000000 192.666667
436.666667 194.666667
434.666667 197.000000
432.666667 199.333333
431.333333 202.000000
429.666667 205.000000
428.666667 208.000000
427.666667 211.333333
427.000000 215.000000
426.000000 219.333333
425.000000 224.000000
424.333333 229.000000
423.666667 234.000000
423.333333 239.333333
422.666667 244.666667
422.000000 250.000000
421.000000 255.333333
420.333333 260.666667
419.666667 266.000000
419.333333 271.333333
418.666667 276.666667
418.333333 282.333333
417.666667 288.000000
417.333333 293.666667
417.000000 299.333333
417.000000 304.666667
417.000000 310.000000
417.333333 315.333333
418.000000 320.666667
418.666667 326.333333
419.666667 331.666667
420.666667 337.333333
422.333333 343.000000
423.666667 348.666667
425.333333 354.000000
427.000000 359.000000
429.000000 364.000000
431.000000 369.000000
433.000000 374.000000
435.000000 379.333333
437.000000 384.666667
439.333333 390.000000
441.666667 395.000000
444.333333 400.333333
447.000000 405.666667
450.000000 411.000000
453.000000 416.000000
456.000000 421.333333
459.000000 426.666667
462.000000 432.000000
465.000000 437.333333
468.000000 443.000000
471.333333 449.000000
474.666667 455.000000
478.000000 461.333333
481.333333 467.666667
485.000000 474.333333
489.333333 481.000000
493.666667 488.000000
498.333333 495.000000
503.000000 502.000000
508.000000 508.666667
513.000000 515.000000
518.000000 521.333333
522.666667 528.000000
527.333333 535.000000
532.333333 542.333333
537.666667 549.333333
543.666667 556.000000
549.666667 562.333333
556.000000 568.666667
562.333333 575.333333
569.000000 582.000000
576.000000 589.000000
583.000000 596.333333
590.000000 603.666667
597.000000 611.333333
603.666667 619.333333
610.000000 627.666667
616.000000 636.000000
621.666667 644.000000
627.333333 652.000000
632.666667 660.000000
638.333333 667.666667
644.000000 675.000000
650.000000 682.000000
655.666667 688.666667
660.666667 695.000000
665.333333 701.000000
669.666667 707.000000
674.000000 712.666667
678.333333 718.333333
683.000000 723.666667
687.666667 729.333333
692.000000 734.666667
696.333333 739.666667
700.333333 744.333333
704.000000 748.666667
707.000000 753.000000
710.000000 756.666667
712.666667 760.000000
714.666667 762.666667
716.333333 765.000000
717.666667 766.666667
719.000000 768.000000
720.333333 769.000000
721.666667 770.000000
723.000000 771.000000
725.333333 771.333333
728.333333 769.666667
731.333333 766.666667
733.000000 763.000000
