870.000000 375.000000
795.000000 373.666667
719.666667 372.000000
719.333333 370.000000
719.000000 367.666667
719.000000 365.000000
719.000000 362.000000
719.333333 358.666667
719.666667 355.333333
720.333333 351.666667
721.000000 348.000000
722.000000 344.000000
723.000000 339.666667
724.333333 335.000000
726.000000 329.666667
728.333333 324.000000
730.666667 318.333333
733.333333 312.666667
736.000000 307.666667
739.000000 302.666667
742.000000 298.000000
745.000000 293.000000
748.000000 288.000000
751.000000 282.666667
754.000000 277.333333
756.666667 271.666667
759.333333 266.333333
761.666667 261.333333
764.000000 256.666667
766.333333 252.000000
769.000000 247.333333
772.000000 242.666667
775.333333 237.666667
779.000000 232.333333
783.000000 227.000000
787.000000 222.000000
791.000000 217.333333
795.000000 212.666667
799.000000 208.666667
803.000000 204.666667
806.666667 201.333333
810.333333 198.000000
813.666667 195.000000
817.333333 192.000000
820.666667 189.000000
824.333333 186.333333
828.333333 183.666667
833.000000 181.000000
838.333333 178.000000
843.666667 174.666667
849.000000 171.333333
854.000000 168.000000
858.666667 165.000000
863.000000 162.333333
867.333333 159.666667
872.000000 157.333333
877.000000 155.000000
882.000000 153.333333
887.666667 152.000000
893.000000 151.000000
898.666667 150.000000
904.666667 149.000000
915.000000 148.666667
925.333333 149.000000
934.666667 150.000000
940.000000 151.000000
944.666667 152.000000
950.666667 153.000000
956.333333 154.000000
964.333333 155.000000
971.333333 156.333333
979.000000 157.666667
984.666667 159.333333
990.000000 161.333333
995.333333 164.000000
1000.666667 167.000000
1006.333333 170.333333
1012.000000 174.000000
1018.000000 177.666667
1023.666667 181.333333
1029.000000 184.666667
1033.666667 188.000000
1038.000000 190.666667
1041.666667 193.000000
1045.000000 195.000000
1047.333333 197.000000
1049.666667 199.333333
1052.000000 202.333333
1054.666667 206.000000
1056.666667 209.333333
1058.666667 213.000000
1060.666667 216.666667
1062.666667 220.333333
1064.666667 224.000000
1066.666667 227.666667
1069.000000 231.666667
1071.000000 235.000000
1073.000000 238.000000
1075.333333 241.333333
1077.666667 244.666667
1080.000000 248.333333
1082.000000 252.000000
1084.000000 256.666667
1086.000000 261.666667
1088.000000 267.000000
1089.666667 272.000000
1091.000000 276.666667
1092.333333 281.333333
1093.666667 286.000000
1095.333333 292.666667
1096.333333 299.333333
1097.333333 305.666667
1098.000000 310.333333
1099.000000 314.666667
1099.666667 319.333333
1100.333333 323.666667
1100.666667 327.666667
1101.000000 331.333333
1101.000000 334.666667
1101.000000 338.000000
1100.666667 341.333333
1100.333333 345.000000
1100.000000 349.000000
1100.000000 353.000000
1099.666667 357.000000
1099.333333 361.000000
1099.000000 365.000000
1099.000000 369.333333
1098.666667 373.333333
1098.000000 377.000000
1097.000000 380.333333
1096.000000 384.000000
1094.666667 388.333333
1093.000000 393.000000
1090.666667 398.000000
1088.333333 403.333333
1085.666667 408.666667
1083.333333 414.000000
1080.666667 419.000000
1078.333333 423.666667
1075.666667 428.000000
1073.000000 432.000000
1069.000000 438.000000
1065.000000 444.333333
1061.000000 451.333333
1058.000000 457.000000
1055.000000 462.666667
1052.000000 468.333333
1048.666667 473.666667
1045.000000 479.000000
1040.666667 484.000000
1036.000000 489.333333
1031.000000 495.333333
1026.333333 501.333333
1022.000000 507.333333
1018.000000 512.666667
1014.333333 518.000000
1010.666667 523.000000
1007.000000 528.333333
1003.000000 533.666667
998.666667 539.666667
994.333333 545.666667
989.666667 552.333333
985.333333 558.666667
981.333333 564.666667
977.666667 570.000000
974.333333 575.000000
970.666667 580.000000
967.333333 585.333333
964.000000 591.000000
961.000000 597.000000
958.000000 603.000000
954.666667 608.666667
951.000000 614.000000
947.000000 619.000000
943.000000 624.000000
938.666667 629.000000
934.000000 634.000000
929.000000 639.333333
924.333333 645.000000
920.333333 651.000000
916.666667 657.000000
913.000000 662.666667
909.333333 667.666667
905.666667 672.333333
902.000000 677.000000
898.000000 682.000000
893.666667 687.000000
889.333333 692.000000
885.000000 697.333333
880.666667 702.666667
876.333333 708.000000
872.333333 713.000000
869.000000 717.666667
866.000000 722.000000
862.666667 726.000000
859.000000 730.333333
855.000000 735.000000
851.000000 740.000000
847.000000 745.000000
843.000000 750.000000
838.666667 755.333333
834.000000 760.666667
829.333333 766.000000
824.666667 771.333333
820.333333 777.000000
815.666667 783.000000
811.000000 789.000000
806.000000 795.000000
801.000000 800.666667
796.000000 806.000000
791.333333 811.000000
787.000000 815.666667
783.333333 819.666667
780.333333 822.666667
778.000000 825.000000
776.333333 826.666667
775.000000 828.000000
774.000000 829.000000
