737.000000 345.000000
737.000000 344.000000
737.000000 342.666667
737.000000 341.333333
737.000000 339.666667
737.000000 338.000000
737.000000 336.000000
668.333333 333.666667
599.666667 331.000000
531.000000 328.000000
531.000000 325.000000
531.000000 322.000000
531.000000 318.666667
531.000000 315.333333
531.000000 311.666667
530.666667 308.000000
530.333333 304.333333
530.000000 300.666667
529.666667 297.000000
529.000000 293.333333
528.000000 289.666667
527.000000 285.666667
526.000000 281.333333
524.666667 276.666667
523.000000 272.333333
521.000000 267.333333
518.666667 262.333333
516.333333 257.000000
513.666667 252.333333
510.666667 248.000000
507.333333 244.000000
504.000000 240.000000
500.666667 235.666667
497.333333 231.333333
493.666667 227.000000
490.333333 223.000000
487.000000 219.000000
484.000000 215.000000
480.666667 211.000000
477.333333 207.000000
473.666667 203.333333
470.000000 199.666667
465.666667 196.000000
461.000000 192.333333
456.000000 188.666667
451.333333 185.333333
446.666667 182.333333
442.333333 179.666667
437.666667 176.666667
433.000000 173.333333
428.000000 170.000000
423.000000 167.333333
417.666667 164.666667
412.333333 162.333333
406.666667 160.000000
401.666667 158.000000
396.666667 156.333333
392.000000 155.000000
387.000000 154.000000
381.666667 153.000000
372.333333 152.666667
359.666667 153.000000
347.333333 154.000000
339.333333 155.000000
334.666667 156.000000
330.333333 157.333333
325.666667 158.666667
321.333333 160.666667
317.000000 162.666667
313.000000 165.000000
309.333333 167.333333
306.000000 169.666667
303.333333 172.000000
301.000000 174.000000
299.000000 176.000000
297.333333 178.000000
295.666667 180.000000
294.333333 182.000000
293.000000 184.333333
292.000000 187.333333
291.000000 190.666667
290.000000 194.666667
289.333333 199.000000
288.666667 204.000000
288.000000 209.000000
287.333333 214.000000
287.000000 218.666667
287.000000 223.000000
287.000000 227.000000
287.000000 230.666667
287.000000 234.333333
287.000000 238.000000
287.333333 242.666667
288.000000 248.000000
288.666667 254.333333
289.333333 261.000000
289.666667 268.000000
290.333333 275.000000
291.000000 282.000000
292.000000 289.000000
293.000000 296.000000
294.333333 303.333333
296.000000 310.666667
298.000000 318.333333
300.333333 326.000000
303.000000 334.000000
306.000000 341.666667
309.000000 349.000000
312.000000 355.666667
315.000000 362.333333
318.000000 368.333333
320.666667 374.000000
323.333333 379.000000
326.666667 386.000000
330.333333 393.333333
334.000000 400.666667
336.666667 406.000000
339.333333 410.666667
341.666667 415.000000
344.000000 418.666667
346.000000 422.000000
348.333333 425.000000
351.000000 428.000000
354.333333 431.000000
358.000000 434.333333
362.000000 437.666667
366.333333 441.333333
370.666667 445.000000
375.000000 448.666667
379.000000 452.666667
383.333333 456.666667
388.000000 461.000000
392.666667 465.000000
397.333333 469.000000
402.000000 473.000000
407.000000 476.666667
411.666667 480.000000
416.333333 483.000000
421.000000 486.333333
426.333333 489.666667
432.000000 493.666667
438.333333 497.666667
445.000000 502.000000
452.333333 506.333333
459.333333 510.666667
466.000000 515.333333
472.333333 519.666667
478.666667 524.000000
485.000000 528.000000
490.666667 532.000000
496.333333 536.333333
501.666667 540.666667
507.000000 545.000000
512.000000 549.000000
516.666667 553.333333
521.333333 557.666667
526.000000 562.333333
531.000000 566.666667
536.000000 571.333333
541.666667 576.000000
547.333333 581.000000
553.333333 586.666667
559.000000 592.666667
565.333333 599.333333
571.666667 606.333333
578.333333 614.000000
585.000000 622.000000
592.000000 630.000000
599.000000 638.000000
605.333333 645.333333
611.000000 651.666667
615.333333 656.666667
619.000000 660.666667
621.333333 663.666667
623.333333 666.000000
624.666667 667.666667
626.000000 669.000000
