668.000000 360.000000
668.000000 359.000000
668.000000 358.000000
668.000000 356.333333
668.000000 354.000000
668.000000 351.333333
668.000000 348.666667
668.000000 346.000000
668.000000 342.666667
668.000000 339.333333
668.000000 336.000000
668.000000 332.666667
668.000000 329.000000
668.000000 325.333333
704.000000 321.666667
740.000000 318.000000
776.000000 314.333333
776.000000 310.666667
775.666667 307.333333
775.333333 304.000000
774.666667 301.000000
774.333333 298.000000
773.666667 294.666667
773.333333 291.333333
772.666667 287.666667
772.000000 284.000000
771.000000 279.666667
770.000000 275.000000
768.666667 269.666667
767.000000 264.333333
764.666667 258.666667
762.000000 252.666667
758.666667 246.333333
755.000000 240.000000
751.000000 234.333333
747.000000 228.666667
743.000000 223.666667
739.333333 218.666667
736.000000 214.333333
733.000000 210.333333
730.000000 206.666667
727.333333 203.666667
725.000000 200.666667
723.000000 198.000000
721.000000 195.000000
718.666667 192.000000
716.333333 189.333333
714.000000 186.666667
711.666667 184.000000
709.000000 181.000000
706.000000 178.333333
703.000000 175.666667
700.000000 173.000000
696.666667 170.333333
693.000000 168.000000
689.333333 165.666667
685.666667 163.333333
682.333333 161.000000
678.666667 159.000000
675.000000 157.000000
671.000000 155.000000
666.666667 153.000000
662.000000 151.333333
656.666667 149.666667
651.333333 148.333333
645.666667 147.000000
638.666667 146.000000
631.666667 145.000000
616.000000 144.000000
597.000000 143.000000
576.000000 142.000000
558.666667 141.666667
544.666667 142.000000
533.000000 143.000000
525.000000 144.000000
518.666667 145.333333
512.000000 146.666667
507.000000 148.000000
502.333333 149.333333
498.000000 151.000000
494.000000 152.666667
490.333333 154.333333
487.333333 155.666667
484.666667 157.333333
482.333333 159.000000
479.666667 161.000000
477.333333 163.000000
475.000000 165.333333
472.666667 168.333333
470.000000 172.000000
467.000000 176.000000
464.000000 180.666667
460.666667 185.666667
457.333333 191.666667
454.000000 198.000000
451.333333 205.000000
449.000000 212.000000
447.333333 219.000000
445.666667 226.000000
444.333333 232.333333
443.000000 238.333333
442.333333 243.666667
441.666667 249.000000
441.333333 254.000000
441.333333 258.666667
441.666667 263.000000
442.333333 267.333333
443.000000 271.666667
444.000000 276.333333
445.000000 281.000000
446.000000 286.000000
447.333333 291.666667
449.000000 298.000000
450.666667 305.000000
452.333333 311.666667
453.666667 318.000000
455.000000 323.666667
456.333333 328.666667
458.000000 333.000000
460.000000 337.000000
462.000000 341.333333
464.333333 346.000000
467.000000 351.333333
470.333333 357.000000
473.666667 363.000000
477.000000 369.000000
480.000000 374.666667
483.000000 380.000000
486.000000 385.000000
489.333333 390.333333
493.000000 395.666667
497.000000 401.000000
501.000000 406.000000
505.000000 410.666667
509.333333 415.666667
513.333333 420.333333
517.000000 425.000000
520.333333 429.000000
523.666667 433.000000
527.666667 437.333333
532.333333 442.333333
538.000000 448.000000
544.000000 454.000000
550.000000 460.333333
556.000000 466.333333
562.000000 472.333333
567.666667 478.000000
573.333333 484.000000
579.000000 490.000000
585.333333 496.333333
591.666667 502.333333
598.000000 507.666667
603.333333 512.333333
608.333333 517.000000
612.666667 521.666667
617.000000 526.000000
621.000000 530.000000
625.000000 534.000000
629.000000 538.333333
633.333333 543.000000
638.333333 548.000000
643.666667 552.333333
648.666667 556.333333
653.333333 559.666667
657.333333 563.000000
661.333333 566.000000
664.666667 569.333333
668.000000 572.333333
671.000000 575.333333
674.000000 577.666667
677.000000 580.000000
681.000000 582.333333
685.333333 585.000000
690.333333 587.666667
695.000000 590.333333
699.666667 592.666667
703.666667 595.333333
707.333333 598.000000
710.666667 601.000000
714.000000 604.333333
717.000000 608.000000
720.333333 612.000000
724.000000 615.666667
728.666667 619.666667
733.666667 623.333333
739.000000 627.333333
744.000000 631.000000
748.666667 634.666667
753.000000 638.333333
757.000000 641.666667
760.666667 645.333333
764.000000 648.666667
767.333333 652.000000
770.666667 655.333333
774.000000 658.666667
778.000000 662.333333
782.333333 665.666667
787.000000 668.666667
790.666667 671.000000
794.000000 673.000000
797.333333 675.000000
800.666667 677.000000
804.000000 679.000000
806.666667 680.666667
809.000000 682.000000
810.666667 683.000000
812.000000 684.000000
813.333333 685.000000
814.666667 686.000000
816.000000 686.333333
