911.000000 370.333333
911.000000 368.666667
911.000000 367.000000
911.000000 364.666667
847.000000 362.000000
783.000000 358.666667
719.000000 355.333333
719.000000 352.000000
719.000000 348.666667
718.666667 345.333333
718.333333 341.666667
717.666667 338.333333
717.333333 334.666667
716.666667 331.000000
716.000000 327.000000
714.666667 323.000000
713.333333 318.666667
711.333333 314.000000
709.333333 309.000000
706.666667 304.000000
704.000000 299.000000
700.666667 294.000000
697.333333 289.000000
693.666667 284.000000
690.000000 278.666667
686.333333 273.333333
682.666667 268.000000
679.000000 263.000000
675.333333 258.333333
671.666667 254.000000
667.666667 249.666667
663.000000 245.333333
658.000000 240.666667
652.666667 236.333333
647.333333 231.666667
642.000000 227.333333
637.000000 223.000000
632.000000 218.666667
627.000000 214.333333
621.666667 210.000000
616.000000 206.000000
610.000000 202.333333
604.333333 199.000000
598.666667 195.666667
593.333333 192.666667
588.000000 189.666667
583.000000 187.000000
578.000000 184.333333
573.333333 182.333333
569.000000 180.666667
565.000000 179.000000
561.000000 177.333333
557.000000 176.000000
551.666667 175.000000
538.000000 174.666667
523.333333 175.000000
510.333333 176.000000
506.000000 177.000000
503.000000 178.000000
500.333333 179.000000
497.666667 180.000000
495.666667 181.000000
493.666667 182.000000
492.333333 183.000000
491.000000 184.000000
490.000000 185.000000
489.000000 186.000000
487.666667 187.333333
486.333333 189.333333
484.666667 192.000000
483.333333 195.000000
481.666667 198.333333
480.333333 202.000000
478.666667 206.333333
477.333333 211.000000
476.000000 215.333333
475.000000 219.333333
474.000000 223.000000
473.000000 226.666667
472.000000 230.000000
471.000000 233.000000
470.333333 236.000000
469.666667 239.333333
469.333333 242.666667
468.666667 246.666667
468.333333 251.000000
468.000000 256.000000
467.666667 261.000000
467.333333 266.000000
467.000000 271.000000
466.666667 276.000000
466.333333 280.666667
466.000000 285.333333
465.666667 289.333333
465.333333 293.333333
465.000000 296.666667
465.000000 300.000000
465.333333 303.000000
465.666667 306.333333
466.333333 309.666667
467.000000 313.333333
468.333333 317.333333
470.000000 321.666667
471.666667 326.333333
473.666667 331.000000
475.666667 336.333333
478.000000 342.000000
480.333333 348.333333
482.666667 354.666667
485.666667 361.333333
489.000000 367.666667
493.000000 374.000000
497.333333 380.000000
502.000000 385.666667
507.000000 391.333333
512.333333 397.000000
517.666667 403.000000
523.333333 409.333333
529.000000 415.666667
535.333333 422.333333
542.000000 429.000000
549.000000 435.666667
556.000000 442.333333
563.000000 449.333333
570.000000 456.333333
577.333333 463.333333
585.000000 469.666667
592.666667 476.000000
600.333333 482.333333
607.666667 489.000000
615.333333 496.333333
623.000000 503.666667
631.333333 511.000000
639.333333 518.333333
647.000000 525.333333
654.000000 533.000000
661.000000 540.666667
667.666667 549.000000
674.000000 557.000000
680.000000 565.000000
686.000000 572.666667
691.666667 580.333333
697.000000 587.666667
702.000000 595.333333
707.000000 602.333333
711.333333 609.000000
715.333333 615.000000
718.666667 620.666667
722.000000 626.333333
725.000000 631.666667
728.000000 637.333333
731.000000 643.000000
734.000000 648.666667
737.000000 654.000000
740.000000 659.333333
743.000000 664.333333
745.666667 669.333333
748.000000 673.666667
750.000000 677.666667
752.333333 681.333333
754.666667 684.666667
757.000000 688.333333
759.000000 692.000000
761.000000 696.000000
763.000000 700.000000
765.000000 704.000000
766.666667 708.000000
768.000000 711.666667
769.000000 715.000000
770.000000 717.666667
770.666667 720.000000
771.333333 721.666667
771.666667 723.000000
772.333333 724.000000
772.666667 725.000000
773.000000 726.000000
