771.000000 327.000000
772.000000 325.666667
772.666667 324.000000
773.333333 321.333333
773.666667 318.000000
774.333333 313.666667
774.666667 309.000000
775.000000 304.000000
775.000000 298.666667
774.666667 293.000000
774.333333 286.666667
774.000000 280.333333
773.666667 273.666667
773.000000 267.000000
771.666667 260.000000
770.000000 252.666667
767.666667 244.666667
765.000000 236.000000
761.666667 227.333333
758.000000 219.000000
753.333333 211.000000
748.333333 203.000000
742.666667 195.333333
737.333333 187.666667
732.333333 180.666667
728.000000 174.333333
724.000000 168.666667
720.000000 163.666667
715.333333 159.000000
710.333333 155.000000
704.333333 151.000000
698.666667 147.000000
692.666667 143.000000
687.333333 139.333333
682.333333 136.000000
677.666667 133.000000
673.333333 130.333333
669.000000 128.333333
665.000000 126.666667
661.333333 125.333333
657.666667 124.000000
653.000000 123.000000
644.666667 122.000000
635.333333 121.000000
615.000000 120.666667
598.000000 121.000000
582.000000 122.000000
577.666667 123.000000
573.333333 124.000000
569.000000 125.000000
565.000000 126.000000
561.000000 127.333333
557.000000 129.000000
553.000000 131.000000
549.000000 133.000000
545.000000 135.000000
541.333333 137.000000
538.000000 139.333333
535.333333 141.666667
532.666667 144.333333
530.333333 146.666667
527.666667 149.000000
525.333333 151.333333
522.666667 154.333333
520.333333 157.666667
518.000000 161.333333
516.000000 165.333333
514.333333 169.666667
513.000000 174.000000
512.000000 178.000000
511.000000 182.333333
510.000000 186.666667
509.333333 191.000000
509.000000 195.000000
508.666667 199.000000
508.333333 203.000000
508.000000 207.000000
507.666667 211.333333
507.333333 216.000000
507.000000 221.000000
507.333333 226.333333
508.333333 232.333333
509.666667 239.000000
511.333333 246.333333
512.666667 254.000000
514.333333 262.000000
516.000000 270.000000
518.000000 277.666667
520.000000 284.666667
522.000000 291.333333
523.666667 298.000000
525.333333 305.000000
527.000000 312.000000
529.000000 319.333333
531.000000 327.000000
533.333333 335.000000
536.000000 343.666667
539.000000 352.666667
542.000000 361.666667
545.000000 370.000000
548.000000 377.333333
551.000000 384.333333
554.000000 390.666667
557.000000 397.000000
560.000000 403.000000
563.000000 409.000000
566.000000 414.666667
569.000000 420.666667
572.000000 427.000000
575.333333 434.666667
579.333333 443.000000
583.666667 452.000000
588.666667 461.000000
593.666667 470.000000
599.000000 478.666667
603.666667 487.333333
608.000000 495.666667
612.000000 503.666667
616.000000 511.333333
620.000000 518.666667
624.333333 526.000000
629.000000 533.666667
634.333333 542.333333
640.000000 552.000000
646.000000 562.000000
652.000000 572.666667
658.000000 584.000000
664.000000 595.666667
669.666667 607.000000
675.333333 617.666667
681.000000 628.000000
686.666667 637.666667
692.333333 647.000000
697.666667 655.666667
703.000000 664.000000
708.000000 672.000000
713.000000 679.666667
718.333333 687.333333
723.666667 694.666667
729.000000 702.000000
734.000000 709.000000
739.000000 715.333333
744.000000 721.333333
749.333333 726.666667
754.333333 732.000000
759.000000 737.000000
762.666667 741.666667
766.333333 746.000000
769.333333 750.333333
772.000000 754.666667
774.000000 759.000000
776.000000 762.666667
777.666667 765.333333
779.000000 767.333333
779.666667 768.666667
780.333333 770.000000
780.666667 771.000000
781.000000 772.000000
781.333333 773.000000
781.666667 774.000000
782.000000 775.000000
