815.000000 384.000000
815.000000 382.666667
815.000000 381.000000
795.333333 379.333333
775.666667 378.000000
756.000000 376.666667
756.000000 375.333333
756.333333 374.000000
756.666667 373.000000
757.000000 371.666667
757.333333 370.333333
757.666667 368.333333
757.666667 366.000000
757.000000 362.666667
756.000000 359.000000
755.000000 355.000000
753.666667 350.333333
752.000000 345.333333
749.666667 339.666667
747.333333 334.333333
744.666667 329.000000
742.333333 324.000000
740.000000 319.000000
738.000000 314.000000
736.000000 309.333333
733.333333 303.333333
730.666667 297.666667
727.666667 291.666667
725.333333 287.333333
723.000000 283.000000
721.000000 278.666667
718.666667 274.000000
716.000000 269.000000
713.333333 264.333333
710.666667 259.666667
708.333333 255.333333
705.666667 251.000000
702.666667 246.666667
699.333333 242.333333
695.666667 237.666667
692.333333 233.333333
688.666667 228.666667
685.000000 224.333333
681.000000 219.666667
677.000000 215.333333
672.666667 210.666667
668.666667 206.333333
664.333333 201.666667
660.333333 197.333333
655.666667 193.000000
651.000000 189.000000
646.000000 185.000000
641.333333 181.333333
636.666667 178.000000
632.333333 175.333333
627.666667 173.000000
622.666667 171.000000
617.000000 169.333333
609.333333 168.000000
597.000000 167.000000
582.666667 166.000000
570.666667 165.000000
562.333333 164.000000
556.666667 163.000000
551.000000 162.000000
546.666667 161.000000
540.666667 160.000000
534.000000 159.000000
524.000000 158.000000
507.000000 157.666667
491.000000 158.000000
479.000000 159.333333
476.000000 160.666667
473.333333 162.333333
470.666667 164.333333
468.333333 166.666667
466.000000 169.000000
464.000000 171.000000
462.333333 173.000000
461.000000 174.666667
459.666667 176.333333
458.333333 178.333333
457.000000 180.666667
456.000000 183.333333
454.666667 186.333333
453.333333 190.333333
452.000000 195.000000
451.000000 200.333333
450.000000 205.666667
449.000000 211.333333
448.000000 216.666667
447.000000 221.666667
446.333333 226.000000
445.666667 229.666667
445.333333 233.000000
444.666667 235.666667
444.333333 238.000000
444.000000 240.000000
444.000000 242.000000
444.000000 244.333333
444.000000 247.333333
444.333333 251.000000
445.000000 255.333333
446.000000 259.666667
447.000000 264.333333
448.000000 269.000000
448.666667 273.666667
449.333333 278.000000
450.000000 282.000000
450.666667 285.666667
451.333333 289.000000
452.000000 292.333333
453.000000 295.666667
454.333333 299.333333
456.000000 303.000000
458.000000 307.333333
460.333333 312.000000
462.666667 317.333333
465.333333 322.666667
467.666667 327.666667
470.000000 332.666667
472.000000 337.666667
474.000000 342.666667
476.000000 347.333333
478.000000 352.000000
480.000000 357.000000
482.000000 362.000000
484.000000 367.000000
486.333333 372.000000
489.000000 377.000000
492.000000 382.333333
495.000000 387.666667
498.333333 393.000000
501.666667 398.000000
505.000000 403.333333
508.000000 408.666667
511.000000 414.000000
513.666667 418.666667
516.000000 423.000000
518.333333 427.000000
520.666667 431.000000
523.333333 434.666667
526.000000 438.333333
529.000000 442.000000
532.333333 446.333333
536.333333 451.000000
541.333333 456.333333
547.333333 462.000000
553.666667 468.000000
560.666667 474.333333
568.000000 481.000000
576.000000 488.666667
584.333333 496.666667
593.333333 505.000000
602.666667 513.333333
612.000000 522.000000
621.666667 531.000000
631.666667 539.666667
642.000000 548.000000
651.333333 556.000000
660.333333 563.666667
668.333333 571.000000
676.333333 577.666667
683.666667 584.000000
691.000000 590.000000
697.333333 595.666667
703.333333 601.333333
708.333333 607.000000
713.333333 612.666667
717.666667 618.000000
721.666667 622.666667
725.333333 627.333333
729.000000 631.666667
732.666667 636.000000
736.333333 640.000000
739.666667 644.000000
743.333333 648.000000
747.000000 651.666667
751.000000 655.000000
754.666667 658.333333
758.333333 662.000000
762.000000 666.000000
765.666667 669.666667
769.333333 673.666667
773.000000 677.666667
777.000000 682.000000
780.666667 686.000000
784.333333 690.000000
788.000000 693.666667
791.666667 697.000000
795.000000 699.666667
798.000000 702.000000
800.666667 704.000000
803.000000 705.666667
804.666667 707.000000
806.000000 708.000000
807.000000 709.000000
808.000000 710.000000
