1008.000000 320.333333
1008.000000 318.666667
935.000000 317.333333
862.000000 315.666667
789.333333 314.000000
790.000000 312.000000
791.000000 310.333333
792.333333 308.666667
793.666667 307.333333
795.000000 305.666667
796.000000 304.333333
796.666667 302.666667
797.333333 301.333333
798.000000 299.666667
799.000000 298.333333
799.666667 296.333333
800.000000 294.333333
800.000000 292.000000
799.666667 289.666667
799.000000 287.000000
798.000000 283.666667
797.000000 280.333333
795.666667 276.666667
794.333333 273.333333
792.666667 269.666667
791.333333 266.333333
789.666667 262.666667
788.000000 259.333333
786.333333 256.000000
784.666667 252.666667
783.333333 249.333333
781.666667 246.000000
780.000000 243.000000
778.000000 240.000000
776.000000 236.666667
774.000000 233.333333
772.333333 229.666667
770.666667 226.333333
769.333333 222.666667
767.666667 219.333333
766.000000 215.666667
764.000000 212.000000
762.000000 208.333333
760.000000 204.666667
758.000000 201.666667
755.666667 198.333333
753.000000 195.333333
750.000000 191.666667
746.666667 188.000000
743.333333 184.333333
739.666667 180.666667
736.000000 177.333333
732.333333 174.000000
728.666667 171.000000
725.333333 168.000000
721.666667 165.333333
718.000000 162.666667
714.000000 160.333333
710.000000 157.666667
706.000000 155.333333
701.666667 152.666667
697.000000 150.333333
692.333333 148.000000
688.000000 146.000000
684.000000 144.000000
680.333333 142.000000
676.666667 140.000000
673.333333 138.000000
669.666667 135.666667
666.000000 133.333333
662.333333 131.000000
658.666667 129.000000
655.000000 127.000000
651.000000 125.000000
646.666667 123.333333
642.666667 121.666667
638.666667 120.333333
635.000000 119.000000
631.333333 118.000000
628.000000 117.000000
624.666667 115.666667
621.333333 114.333333
617.666667 113.000000
614.000000 112.000000
609.666667 110.666667
605.000000 109.333333
600.333333 108.000000
595.666667 107.000000
591.000000 106.000000
584.666667 105.000000
575.666667 104.666667
566.666667 105.000000
559.000000 106.000000
554.333333 107.000000
549.666667 108.333333
545.333333 110.000000
541.000000 112.000000
537.000000 114.333333
533.333333 117.000000
529.666667 120.000000
526.666667 122.666667
523.666667 125.333333
521.000000 128.000000
518.000000 131.000000
515.000000 133.666667
512.000000 136.666667
509.000000 140.000000
506.000000 144.000000
503.000000 148.000000
500.333333 152.000000
497.666667 156.000000
495.333333 160.000000
493.000000 164.000000
491.000000 167.666667
489.333333 171.000000
488.000000 174.000000
487.000000 177.333333
486.000000 180.666667
485.000000 184.000000
484.000000 187.666667
483.333333 191.666667
482.666667 196.333333
482.333333 201.333333
482.000000 206.666667
481.666667 212.333333
481.333333 217.666667
481.000000 223.000000
481.000000 227.666667
481.000000 232.000000
481.000000 236.333333
481.000000 240.666667
481.000000 244.666667
481.000000 248.333333
481.000000 252.000000
481.333333 256.000000
481.666667 260.333333
482.333333 264.666667
482.666667 269.333333
483.333333 274.000000
484.000000 279.000000
484.666667 284.333333
485.333333 289.666667
486.000000 295.333333
487.000000 300.666667
488.000000 306.333333
489.000000 311.666667
490.000000 317.000000
491.333333 322.000000
492.666667 326.666667
494.333333 331.000000
496.000000 335.000000
498.000000 339.000000
500.000000 343.000000
502.000000 347.000000
504.000000 350.666667
506.000000 354.333333
508.000000 358.000000
510.000000 361.666667
512.000000 365.333333
514.000000 369.000000
516.000000 372.666667
518.000000 376.333333
520.000000 379.666667
521.666667 382.666667
523.333333 385.333333
524.666667 387.666667
526.000000 390.333333
527.000000 392.666667
528.333333 395.333333
529.666667 397.666667
531.000000 400.333333
532.000000 403.000000
533.333333 406.000000
534.666667 408.666667
536.000000 411.333333
537.333333 413.666667
539.000000 416.333333
541.000000 419.000000
543.000000 421.666667
545.000000 424.333333
547.000000 427.000000
549.333333 430.333333
552.000000 434.000000
555.000000 438.000000
558.333333 442.000000
561.666667 446.333333
565.333333 451.000000
568.666667 456.333333
572.666667 461.666667
576.666667 467.333333
581.666667 472.666667
587.000000 478.333333
592.666667 484.000000
598.666667 490.000000
604.333333 496.333333
610.333333 502.666667
615.666667 508.666667
621.333333 514.333333
627.000000 519.666667
633.000000 525.000000
639.000000 530.000000
645.000000 535.000000
650.666667 539.666667
656.000000 544.333333
660.666667 549.000000
665.333333 553.666667
669.666667 558.333333
674.000000 562.666667
678.333333 567.000000
682.666667 571.000000
687.333333 574.666667
691.666667 578.333333
696.000000 581.666667
699.666667 585.000000
703.333333 588.000000
707.000000 591.333333
710.666667 595.000000
714.333333 598.666667
717.666667 602.333333
721.000000 606.000000
724.333333 610.000000
728.000000 614.000000
732.000000 617.666667
736.000000 621.333333
740.333333 625.333333
744.666667 629.333333
749.000000 633.333333
753.000000 637.000000
757.000000 641.000000
761.000000 645.000000
765.000000 649.333333
769.000000 653.666667
772.666667 658.000000
776.333333 662.000000
780.000000 666.333333
783.666667 670.333333
787.000000 674.333333
790.000000 677.333333
793.000000 680.666667
796.000000 683.666667
798.666667 687.000000
801.000000 690.000000
803.000000 693.000000
805.000000 696.000000
807.000000 699.000000
808.666667 702.000000
810.000000 705.000000
811.000000 707.666667
812.000000 709.666667
812.666667 711.000000
813.333333 712.000000
813.666667 713.000000
814.333333 714.000000
814.666667 715.000000
815.333333 716.000000
816.333333 716.000000
