852.333333 389.000000
853.666667 388.000000
854.666667 386.666667
855.333333 385.000000
855.666667 382.666667
856.333333 379.666667
856.666667 376.000000
857.333333 371.666667
858.000000 367.000000
858.666667 362.000000
859.333333 357.000000
860.000000 352.333333
861.000000 347.666667
862.000000 343.000000
863.000000 337.666667
864.000000 332.333333
865.333333 327.000000
867.000000 321.666667
869.333333 316.000000
872.000000 310.333333
875.666667 305.000000
880.000000 300.000000
885.333333 294.333333
891.000000 288.333333
897.000000 281.666667
903.000000 275.000000
909.000000 268.000000
915.666667 261.333333
923.000000 255.333333
931.000000 250.000000
938.333333 245.333333
945.000000 240.666667
951.000000 236.000000
957.666667 231.000000
964.666667 225.666667
972.333333 220.333333
980.000000 215.333333
987.666667 210.666667
995.000000 206.333333
1002.333333 202.333333
1010.333333 198.666667
1018.666667 195.333333
1027.000000 192.000000
1034.666667 189.000000
1041.666667 186.000000
1048.333333 183.000000
1055.000000 180.000000
1062.333333 177.333333
1070.333333 175.000000
1078.333333 172.666667
1086.000000 170.333333
1093.000000 168.333333
1100.666667 166.666667
1108.666667 165.333333
1117.666667 164.000000
1131.333333 163.666667
1145.333333 164.000000
1159.333333 165.000000
1168.333333 166.666667
1176.666667 168.666667
1183.666667 171.666667
1190.000000 174.666667
1196.000000 178.333333
1202.333333 181.666667
1208.666667 185.000000
1215.333333 188.333333
1222.000000 191.666667
1228.333333 195.000000
1234.000000 198.333333
1238.666667 202.000000
1243.333333 206.000000
1248.000000 210.666667
1252.666667 215.666667
1257.333333 221.000000
1262.333333 226.000000
1267.333333 230.666667
1272.333333 235.333333
1276.666667 239.666667
1280.666667 244.333333
1284.000000 248.666667
1287.000000 253.333333
1289.666667 258.000000
1292.000000 263.000000
1293.666667 268.000000
1295.000000 272.666667
1296.000000 277.000000
1297.000000 281.000000
1297.666667 285.000000
1298.333333 289.000000
1298.666667 293.333333
1299.000000 297.666667
1299.000000 302.666667
1299.000000 307.666667
1299.000000 313.333333
1299.000000 318.666667
1299.000000 324.000000
1298.666667 328.666667
1298.333333 333.333333
1297.666667 337.666667
1297.333333 342.000000
1296.666667 346.000000
1296.000000 350.333333
1295.000000 355.000000
1294.000000 360.333333
1292.666667 366.000000
1291.333333 371.666667
1289.666667 377.000000
1288.000000 382.666667
1286.000000 388.333333
1283.333333 394.333333
1280.000000 400.333333
1275.666667 407.000000
1271.333333 413.666667
1267.333333 420.333333
1263.666667 426.666667
1260.000000 433.333333
1256.000000 440.000000
1252.333333 447.000000
1248.666667 454.333333
1245.000000 461.333333
1241.000000 468.333333
1236.333333 475.000000
1231.000000 482.000000
1225.000000 489.000000
1219.000000 497.000000
1213.333333 505.000000
1208.333333 513.333333
1203.666667 520.333333
1199.000000 527.666667
1193.000000 535.000000
1186.000000 543.000000
1178.333333 551.333333
1171.000000 559.333333
1164.333333 567.333333
1157.666667 574.666667
1150.666667 582.333333
1142.666667 590.333333
1134.333333 598.333333
1126.333333 606.333333
1119.000000 613.666667
1112.000000 621.000000
1104.666667 628.333333
1096.666667 636.000000
1088.333333 644.000000
1080.000000 651.666667
1072.666667 658.666667
1065.666667 665.000000
1059.333333 671.000000
1051.666667 677.333333
1043.333333 683.666667
1034.666667 689.666667
1027.333333 695.666667
1020.666667 701.666667
1014.333333 708.000000
1007.333333 713.666667
999.666667 719.333333
991.333333 724.333333
983.666667 729.333333
977.000000 733.666667
971.333333 738.000000
966.000000 742.333333
960.666667 746.666667
954.666667 751.666667
947.666667 756.333333
940.333333 761.000000
933.333333 765.000000
927.666667 768.333333
923.333333 771.333333
920.000000 773.666667
917.333333 775.666667
915.333333 777.000000
913.666667 778.000000
912.333333 779.000000
911.333333 779.333333
