883.000000 371.000000
882.333333 370.000000
882.000000 368.666667
882.000000 367.000000
882.000000 365.000000
882.333333 363.000000
882.666667 361.000000
883.000000 358.666667
883.333333 356.000000
883.666667 353.333333
884.000000 350.666667
884.000000 348.333333
884.000000 346.000000
884.000000 343.666667
884.333333 341.333333
884.666667 339.333333
885.333333 337.333333
885.666667 334.666667
886.333333 331.333333
887.000000 328.333333
888.000000 325.333333
889.000000 322.000000
890.000000 318.000000
891.000000 314.000000
892.000000 310.333333
893.000000 306.666667
894.333333 303.333333
895.666667 300.000000
897.000000 296.666667
898.000000 293.333333
899.333333 290.000000
900.666667 286.333333
902.333333 282.666667
904.000000 278.333333
906.000000 274.333333
908.000000 270.000000
910.333333 265.666667
913.000000 261.333333
915.666667 257.000000
918.666667 253.333333
922.000000 249.666667
926.333333 246.000000
931.000000 242.333333
936.000000 238.333333
940.666667 234.000000
944.666667 229.666667
948.333333 225.000000
952.000000 220.666667
955.666667 216.333333
959.333333 212.666667
963.000000 209.000000
967.333333 205.333333
972.000000 201.666667
977.333333 198.000000
983.000000 194.000000
988.666667 190.333333
994.000000 187.000000
999.000000 183.666667
1003.666667 180.000000
1008.333333 176.000000
1013.000000 172.333333
1018.000000 169.000000
1023.000000 165.666667
1028.000000 162.666667
1033.000000 160.000000
1037.666667 158.000000
1042.333333 156.000000
1046.666667 154.000000
1051.000000 152.333333
1054.666667 150.666667
1059.000000 149.333333
1063.666667 147.666667
1068.666667 146.333333
1073.333333 145.000000
1078.000000 143.666667
1083.000000 142.333333
1087.666667 141.000000
1092.333333 140.000000
1096.666667 139.000000
1101.000000 138.000000
1105.333333 137.000000
1110.000000 136.000000
1114.666667 135.000000
1120.666667 134.000000
1127.666667 133.000000
1141.333333 132.666667
1154.666667 133.000000
1168.000000 134.000000
1176.000000 135.000000
1182.333333 136.000000
1187.000000 137.000000
1190.000000 138.000000
1193.000000 139.333333
1196.000000 140.666667
1199.333333 142.333333
1203.000000 144.000000
1207.000000 146.000000
1211.333333 148.000000
1215.666667 150.333333
1220.000000 152.666667
1224.000000 155.000000
1227.666667 157.000000
1231.000000 159.333333
1234.000000 161.666667
1236.666667 164.333333
1239.333333 167.000000
1242.000000 170.000000
1244.666667 173.333333
1247.000000 177.000000
1249.000000 180.666667
1250.666667 184.000000
1252.333333 187.333333
1254.333333 191.000000
1256.666667 195.000000
1259.000000 199.333333
1261.333333 204.000000
1263.666667 208.666667
1266.000000 213.333333
1267.666667 217.666667
1269.333333 222.000000
1270.666667 226.333333
1272.333333 230.666667
1273.666667 235.000000
1275.000000 239.333333
1276.000000 244.000000
1277.000000 249.000000
1278.000000 254.000000
1279.000000 259.000000
1280.000000 264.000000
1280.666667 269.000000
1281.333333 274.000000
1281.666667 278.666667
1281.666667 283.000000
1281.333333 286.666667
1280.666667 290.666667
1279.666667 295.000000
1278.333333 300.333333
1276.666667 306.000000
1275.000000 312.000000
1272.666667 318.000000
1270.000000 324.000000
1267.000000 330.000000
1263.666667 336.666667
1260.333333 343.666667
1256.666667 351.333333
1253.333333 359.333333
1249.666667 367.333333
1246.000000 375.333333
1241.666667 383.333333
1237.000000 392.000000
1231.666667 401.000000
1226.000000 410.000000
1220.333333 419.000000
1215.000000 428.000000
1210.000000 437.333333
1205.000000 446.666667
1200.000000 456.000000
1195.000000 465.000000
1189.666667 474.000000
1183.666667 483.000000
1177.333333 492.333333
1171.000000 502.000000
1165.000000 511.666667
1159.000000 521.000000
1152.333333 530.666667
1145.000000 540.666667
1137.000000 551.000000
1129.333333 560.666667
1121.666667 570.333333
1114.333333 579.666667
1106.666667 589.333333
1099.000000 599.000000
1091.000000 608.333333
1083.333333 617.333333
1075.666667 626.333333
1068.000000 636.000000
1060.000000 646.000000
1051.666667 656.000000
1042.666667 666.666667
1033.000000 678.333333
1023.333333 690.666667
1013.666667 703.000000
1003.666667 715.333333
993.333333 727.666667
983.000000 739.666667
973.666667 750.333333
965.333333 759.666667
958.333333 767.666667
952.333333 774.333333
947.666667 779.666667
944.333333 783.666667
942.000000 786.666667
940.333333 789.000000
939.333333 790.666667
939.000000 792.000000
935.000000 791.333333
