708.333333 382.000000
709.333333 380.333333
710.333333 378.333333
711.000000 375.666667
711.666667 372.666667
712.000000 369.000000
712.000000 364.666667
712.000000 360.333333
712.000000 355.666667
712.000000 351.333333
711.666667 346.666667
711.333333 341.666667
710.666667 336.666667
710.333333 331.333333
709.666667 326.000000
708.666667 320.000000
707.333333 313.666667
705.666667 307.333333
703.666667 300.333333
700.666667 293.000000
697.000000 284.666667
693.000000 276.666667
689.000000 268.666667
684.666667 261.333333
680.333333 254.000000
676.000000 247.000000
671.666667 240.000000
667.000000 233.000000
661.333333 226.000000
655.333333 219.000000
648.666667 212.333333
642.333333 206.333333
635.666667 201.000000
627.000000 194.333333
618.000000 187.666667
609.000000 181.333333
602.333333 177.000000
596.000000 173.000000
590.000000 169.333333
584.000000 166.000000
578.000000 162.666667
572.000000 159.333333
565.666667 156.000000
559.333333 153.333333
553.000000 150.666667
547.333333 148.333333
542.333333 146.333333
538.333333 144.666667
534.666667 143.333333
531.333333 142.000000
527.666667 141.000000
522.333333 140.000000
514.666667 139.666667
505.000000 140.000000
496.666667 141.000000
490.333333 142.000000
486.000000 143.000000
482.000000 144.333333
478.000000 146.000000
473.666667 148.000000
469.333333 150.000000
465.000000 152.000000
461.000000 154.333333
457.000000 157.000000
453.000000 160.000000
449.000000 163.000000
445.000000 166.333333
441.000000 170.000000
437.000000 174.000000
433.333333 178.000000
429.333333 182.333333
425.333333 187.000000
421.000000 192.000000
417.000000 197.333333
413.000000 203.333333
409.000000 209.666667
405.000000 216.333333
401.333333 223.000000
398.000000 230.000000
395.000000 237.000000
392.666667 244.000000
391.000000 251.333333
390.000000 258.666667
389.333333 266.000000
389.000000 272.666667
389.000000 279.333333
389.333333 286.000000
390.333333 293.000000
391.666667 300.000000
393.333333 306.666667
395.000000 313.333333
397.000000 320.333333
399.333333 327.666667
402.333333 335.333333
405.666667 343.333333
409.333333 352.000000
413.000000 361.000000
417.000000 369.666667
421.000000 378.333333
425.333333 387.000000
429.666667 396.000000
434.000000 404.333333
438.333333 412.333333
443.000000 419.666667
448.000000 427.333333
453.000000 434.666667
458.000000 442.333333
463.000000 450.000000
468.000000 458.000000
473.333333 466.000000
479.000000 474.000000
485.000000 482.000000
491.333333 490.333333
498.000000 498.666667
505.000000 507.000000
511.666667 514.666667
518.333333 522.333333
524.666667 529.666667
531.333333 537.333333
538.333333 544.666667
545.666667 552.000000
553.000000 559.000000
560.000000 565.666667
567.000000 572.333333
574.333333 579.000000
582.000000 586.000000
590.000000 593.333333
597.666667 600.666667
605.000000 607.666667
612.000000 614.333333
619.333333 621.000000
626.666667 628.000000
634.333333 635.000000
642.000000 642.333333
649.666667 650.000000
657.000000 658.000000
664.000000 665.333333
671.000000 672.666667
678.333333 679.333333
685.666667 686.000000
692.666667 691.666667
699.000000 697.000000
704.666667 701.666667
710.000000 706.000000
714.333333 709.666667
717.666667 712.666667
720.333333 715.000000
722.333333 716.666667
724.000000 718.333333
725.000000 719.666667
726.000000 721.000000
727.000000 722.000000
727.666667 723.000000
