902.666667 371.666667
901.333333 369.666667
899.666667 367.000000
898.333333 364.000000
896.666667 361.000000
895.333333 357.666667
894.000000 354.333333
893.333333 350.666667
892.666667 347.000000
892.000000 343.000000
891.333333 338.666667
890.666667 334.000000
890.333333 328.666667
890.333333 323.000000
891.000000 317.000000
892.000000 311.000000
893.000000 305.333333
894.000000 299.666667
895.000000 293.666667
896.333333 287.000000
898.000000 280.000000
899.666667 273.333333
901.333333 267.000000
903.000000 260.666667
905.000000 254.333333
907.666667 246.000000
910.666667 238.000000
914.000000 230.333333
917.333333 224.666667
921.000000 219.000000
925.333333 213.000000
929.666667 207.666667
934.333333 203.000000
939.000000 198.666667
944.000000 194.333333
948.666667 190.000000
953.333333 186.000000
958.000000 182.000000
963.000000 177.666667
968.666667 173.333333
974.333333 169.000000
980.333333 165.333333
986.000000 162.333333
991.666667 160.000000
997.000000 157.666667
1002.333333 155.000000
1008.000000 152.333333
1014.333333 150.000000
1021.000000 148.333333
1027.666667 146.666667
1034.000000 145.333333
1040.000000 144.000000
1046.000000 143.000000
1054.666667 142.000000
1063.666667 141.000000
1077.333333 140.666667
1088.333333 141.000000
1099.000000 142.000000
1105.333333 143.000000
1112.000000 144.000000
1118.666667 145.333333
1125.000000 147.000000
1131.000000 149.000000
1136.666667 151.000000
1142.333333 153.333333
1147.666667 156.333333
1153.333333 160.000000
1158.666667 164.000000
1164.666667 168.333333
1170.333333 172.666667
1176.333333 177.333333
1181.666667 181.666667
1186.666667 186.333333
1191.000000 191.000000
1195.333333 196.000000
1199.666667 201.333333
1204.000000 207.000000
1208.000000 213.333333
1212.333333 220.000000
1216.333333 226.666667
1220.666667 233.666667
1224.333333 241.000000
1228.000000 249.000000
1231.000000 257.333333
1233.666667 265.666667
1236.000000 274.000000
1238.000000 282.000000
1239.666667 290.333333
1241.000000 299.333333
1242.000000 308.333333
1242.666667 317.000000
1243.000000 325.666667
1242.666667 334.666667
1242.000000 344.000000
1240.666667 353.333333
1238.666667 362.666667
1236.000000 372.000000
1232.666667 381.333333
1229.000000 391.000000
1224.666667 401.333333
1219.666667 411.666667
1214.333333 422.333333
1209.000000 433.000000
1203.666667 444.333333
1197.666667 455.333333
1191.000000 466.333333
1183.333333 477.333333
1175.666667 488.666667
1167.666667 500.000000
1160.000000 511.000000
1151.333333 522.000000
1142.000000 533.000000
1132.333333 544.000000
1123.000000 555.000000
1113.666667 566.000000
1104.000000 577.000000
1093.666667 588.333333
1083.666667 599.666667
1073.666667 611.333333
1063.666667 623.333333
1052.666667 635.666667
1041.333333 648.000000
1030.333333 660.000000
1019.666667 672.333333
1008.666667 685.000000
997.333333 697.333333
986.000000 709.000000
974.333333 720.333333
962.333333 732.000000
950.000000 743.666667
938.333333 754.333333
926.666667 764.000000
915.333333 773.000000
904.000000 781.666667
893.666667 789.666667
884.666667 796.666667
877.333333 802.333333
872.000000 806.666667
868.000000 809.666667
865.333333 811.666667
863.666667 813.000000
862.666667 810.666667
