730.000000 366.333333
729.333333 364.666667
729.000000 363.000000
728.666667 360.666667
728.333333 358.000000
728.000000 355.333333
728.000000 352.666667
727.666667 350.000000
727.333333 347.000000
727.000000 344.000000
727.000000 341.000000
727.000000 337.666667
726.666667 334.333333
726.333333 330.666667
726.000000 327.000000
726.000000 322.666667
725.666667 318.333333
725.333333 314.000000
725.000000 310.000000
725.000000 306.000000
725.000000 301.666667
724.666667 297.333333
724.333333 292.666667
724.000000 288.000000
723.666667 283.000000
723.000000 277.666667
722.333333 272.333333
721.333333 267.000000
720.000000 261.666667
718.000000 256.333333
716.000000 251.000000
713.666667 246.000000
710.666667 241.000000
707.000000 236.333333
703.000000 231.666667
699.000000 227.333333
694.333333 222.666667
689.666667 218.333333
684.666667 214.000000
679.666667 209.666667
674.333333 205.666667
668.666667 201.666667
663.000000 198.000000
657.000000 194.333333
650.666667 191.333333
644.666667 188.666667
638.666667 186.333333
633.000000 183.666667
627.000000 181.333333
621.000000 179.000000
614.666667 177.000000
608.333333 175.333333
601.333333 174.000000
594.666667 173.000000
566.333333 172.000000
538.000000 171.666667
503.000000 172.000000
487.333333 173.000000
470.333333 174.000000
460.000000 175.333333
452.666667 176.666667
447.666667 178.333333
443.333333 179.666667
439.000000 181.333333
435.333333 183.000000
432.000000 185.000000
429.000000 187.333333
426.000000 190.000000
422.666667 193.333333
419.333333 197.000000
416.000000 201.000000
413.333333 205.000000
410.666667 209.333333
408.333333 214.000000
405.666667 219.000000
403.333333 224.000000
401.333333 229.000000
399.666667 234.000000
398.333333 239.333333
397.000000 245.000000
396.333333 251.000000
396.000000 257.000000
396.000000 262.666667
396.000000 268.333333
396.000000 273.666667
396.000000 279.666667
396.000000 285.666667
396.333333 292.333333
396.666667 299.000000
397.000000 306.000000
397.333333 313.000000
397.666667 320.333333
398.000000 327.666667
398.333333 335.333333
398.666667 343.000000
399.333333 351.333333
400.000000 359.666667
401.333333 368.000000
402.666667 375.666667
404.666667 383.000000
407.000000 390.000000
410.000000 397.333333
413.333333 404.666667
417.000000 412.000000
421.000000 419.333333
424.666667 427.000000
428.333333 435.333333
432.000000 444.000000
436.000000 453.333333
440.333333 462.666667
445.333333 472.333333
450.666667 481.666667
456.333333 491.333333
462.000000 500.666667
468.000000 509.666667
474.333333 518.333333
481.333333 526.666667
489.000000 535.000000
497.333333 543.333333
506.000000 551.666667
515.000000 560.000000
524.333333 568.000000
534.000000 576.333333
544.000000 585.000000
554.000000 594.000000
564.000000 603.000000
574.333333 612.000000
585.000000 621.000000
595.666667 630.000000
606.000000 639.333333
616.000000 648.666667
626.000000 658.000000
636.000000 666.666667
645.666667 674.666667
655.333333 682.333333
664.666667 689.666667
674.333333 697.000000
684.000000 704.000000
693.333333 710.666667
702.333333 717.000000
710.666667 722.666667
719.000000 728.333333
727.000000 734.000000
734.333333 739.666667
741.333333 745.333333
747.333333 750.666667
753.000000 756.000000
757.333333 760.666667
761.000000 764.666667
763.666667 767.666667
765.666667 770.000000
767.000000 771.666667
768.000000 773.000000
768.666667 774.000000
