683.000000 343.333333
683.000000 341.666667
683.000000 340.000000
683.000000 338.000000
683.000000 336.000000
682.666667 333.666667
682.333333 331.000000
681.666667 328.000000
681.000000 324.666667
680.333333 321.000000
679.666667 317.000000
679.000000 313.000000
678.000000 309.000000
676.666667 305.000000
675.333333 300.666667
674.000000 295.666667
672.666667 290.000000
671.000000 284.333333
669.000000 278.666667
666.666667 273.000000
664.333333 267.000000
661.666667 261.000000
659.000000 255.333333
655.666667 249.666667
652.000000 244.000000
648.000000 237.666667
643.666667 231.333333
639.333333 224.666667
635.000000 218.333333
631.000000 212.333333
627.000000 206.666667
622.666667 201.000000
618.000000 195.333333
612.666667 189.666667
607.000000 184.000000
601.000000 178.333333
595.000000 172.666667
589.000000 167.333333
583.000000 162.333333
576.666667 157.666667
569.666667 153.333333
562.333333 149.000000
555.000000 145.000000
548.333333 141.333333
541.666667 138.000000
535.333333 135.000000
528.666667 132.333333
522.000000 130.000000
515.333333 127.666667
508.666667 125.666667
502.333333 123.666667
496.000000 122.333333
490.000000 121.000000
481.666667 120.666667
473.000000 121.000000
464.000000 122.000000
457.333333 123.666667
451.000000 125.666667
445.000000 128.333333
439.333333 131.000000
433.666667 134.333333
428.333333 138.000000
423.000000 142.000000
418.000000 146.000000
413.333333 150.333333
408.666667 155.000000
404.333333 160.000000
400.000000 165.000000
396.333333 170.000000
393.000000 175.000000
390.000000 180.000000
387.333333 185.333333
385.000000 191.000000
383.333333 197.333333
381.666667 204.000000
380.666667 211.333333
379.666667 218.666667
379.000000 226.333333
378.333333 233.666667
377.666667 241.333333
377.333333 249.000000
377.000000 256.666667
377.000000 263.666667
377.333333 270.333333
377.666667 276.666667
378.333333 283.000000
379.000000 289.000000
380.000000 295.000000
381.000000 301.333333
382.000000 307.666667
383.333333 314.333333
384.666667 321.000000
386.333333 328.333333
388.000000 335.666667
390.000000 343.333333
392.000000 350.666667
394.000000 358.000000
396.000000 365.000000
398.333333 371.666667
400.666667 378.000000
403.666667 384.000000
406.666667 390.000000
410.333333 396.000000
414.333333 402.000000
418.666667 408.000000
423.333333 414.000000
428.000000 420.333333
433.000000 426.666667
438.000000 433.333333
443.333333 439.666667
449.000000 446.666667
455.000000 453.666667
460.666667 461.000000
466.333333 468.333333
471.666667 475.666667
477.000000 483.333333
482.333333 490.666667
488.333333 498.000000
494.666667 505.000000
501.333333 511.666667
507.666667 518.333333
514.000000 524.666667
519.666667 531.000000
525.666667 537.333333
532.000000 544.000000
539.000000 551.000000
546.000000 558.333333
553.000000 566.000000
560.000000 574.000000
567.333333 582.000000
574.666667 590.333333
582.000000 598.666667
589.333333 606.666667
597.000000 614.000000
604.666667 621.000000
612.333333 628.000000
620.000000 635.000000
628.000000 642.333333
636.000000 649.666667
643.666667 657.000000
650.666667 664.000000
657.333333 670.666667
663.666667 677.000000
669.666667 682.666667
675.333333 688.000000
680.666667 693.000000
686.333333 697.666667
691.666667 702.333333
696.666667 706.333333
700.666667 710.000000
703.666667 713.000000
706.000000 716.000000
708.000000 719.000000
709.666667 721.666667
710.666667 724.000000
711.000000 725.666667
711.000000 727.000000
711.000000 728.000000
