897.666667 390.000000
899.000000 388.666667
900.000000 387.000000
901.000000 385.000000
901.666667 383.000000
901.666667 381.000000
901.333333 379.000000
901.000000 376.333333
901.333333 373.666667
901.666667 370.333333
902.333333 367.333333
902.666667 363.666667
903.000000 360.000000
903.000000 356.000000
903.333333 351.666667
903.666667 347.000000
904.000000 342.000000
904.333333 337.000000
905.000000 331.666667
906.000000 325.666667
907.000000 319.333333
907.666667 312.666667
908.666667 306.333333
909.666667 300.000000
911.000000 294.333333
912.333333 288.333333
913.666667 282.666667
915.000000 277.000000
916.666667 271.666667
918.666667 266.666667
921.000000 262.000000
923.333333 258.000000
926.333333 253.333333
930.000000 248.666667
934.000000 243.000000
938.333333 237.000000
942.333333 230.666667
946.333333 224.666667
949.666667 219.000000
953.000000 213.666667
956.000000 209.000000
959.000000 204.666667
962.000000 200.333333
965.333333 196.000000
969.000000 192.000000
973.000000 187.666667
977.333333 183.666667
982.000000 179.666667
987.000000 176.000000
991.666667 172.000000
996.000000 168.000000
1000.333333 164.333333
1004.666667 161.333333
1009.333333 158.666667
1014.000000 156.000000
1019.000000 153.000000
1023.666667 150.000000
1028.333333 147.000000
1032.666667 144.333333
1037.000000 142.000000
1041.333333 140.000000
1045.333333 138.000000
1049.000000 136.333333
1052.000000 135.000000
1055.000000 134.000000
1058.333333 133.000000
1062.000000 132.000000
1065.666667 131.000000
1069.333333 130.000000
1073.333333 129.000000
1077.666667 128.000000
1082.000000 127.000000
1086.000000 126.000000
1091.333333 125.000000
1101.666667 124.666667
1112.666667 125.000000
1122.666667 126.000000
1128.000000 127.000000
1132.666667 128.000000
1137.333333 129.000000
1141.666667 130.000000
1146.000000 131.000000
1150.333333 132.333333
1155.000000 133.666667
1160.000000 135.000000
1165.333333 136.000000
1170.666667 137.000000
1176.333333 138.333333
1181.333333 139.666667
1186.000000 141.000000
1190.333333 142.333333
1194.666667 143.666667
1199.000000 145.000000
1203.000000 146.333333
1207.000000 147.666667
1210.666667 149.000000
1214.333333 150.333333
1218.000000 151.666667
1222.000000 153.333333
1225.666667 155.000000
1229.000000 157.000000
1232.000000 159.000000
1234.666667 161.000000
1237.333333 163.000000
1239.666667 165.000000
1242.000000 167.333333
1244.000000 170.000000
1245.666667 172.666667
1247.333333 175.333333
1248.666667 177.666667
1250.000000 180.000000
1251.000000 182.333333
1252.000000 184.666667
1253.000000 187.000000
1254.000000 189.000000
1255.000000 191.000000
1256.000000 193.333333
1257.000000 195.666667
1258.333333 198.333333
1259.666667 201.000000
1261.000000 204.000000
1262.333333 207.000000
1264.000000 210.333333
1265.666667 213.666667
1267.000000 217.000000
1268.000000 220.333333
1269.333333 223.666667
1270.333333 227.000000
1271.333333 230.333333
1272.000000 233.666667
1273.000000 237.000000
1273.666667 239.666667
1274.333333 242.333333
1275.000000 245.333333
1275.666667 248.666667
1276.333333 252.000000
1276.666667 255.333333
1277.333333 259.000000
1278.000000 263.333333
1278.666667 267.666667
1279.000000 272.000000
1279.000000 276.333333
1279.000000 280.666667
1279.000000 285.000000
1279.000000 289.000000
1278.666667 293.333333
1278.000000 298.000000
1277.000000 303.333333
1276.000000 308.666667
1274.666667 314.333333
1273.000000 320.000000
1271.000000 326.000000
1268.666667 332.000000
1266.333333 338.000000
1263.666667 344.333333
1261.000000 351.000000
1258.333333 357.666667
1255.666667 364.333333
1253.000000 371.000000
1249.333333 379.666667
1245.333333 388.333333
1241.000000 397.333333
1236.666667 404.666667
1232.333333 412.333333
1227.666667 420.000000
1222.666667 428.000000
1217.333333 436.000000
1212.000000 444.333333
1207.000000 452.333333
1202.333333 460.333333
1197.666667 468.000000
1192.666667 475.666667
1187.000000 483.333333
1181.000000 490.666667
1175.000000 498.666667
1169.000000 506.666667
1163.333333 514.666667
1157.333333 522.333333
1151.000000 530.333333
1144.000000 539.000000
1136.666667 548.333333
1129.000000 557.333333
1121.000000 566.333333
1113.000000 575.000000
1104.666667 584.333333
1095.666667 594.000000
1086.333333 603.333333
1077.000000 612.333333
1068.000000 621.333333
1059.000000 630.666667
1049.666667 640.333333
1040.333333 649.666667
1031.000000 658.666667
1022.333333 667.333333
1013.666667 676.000000
1005.333333 685.333333
996.666667 694.333333
988.666667 703.000000
981.000000 711.000000
974.000000 718.666667
967.333333 726.000000
961.000000 733.333333
955.333333 740.333333
949.666667 747.000000
944.666667 753.000000
940.000000 758.333333
937.000000 763.333333
935.333333 767.666667
935.000000 771.666667
934.666667 775.000000
934.000000 777.333333
933.000000 779.666667
931.666667 781.666667
930.333333 784.333333
929.000000 786.333333
928.000000 788.000000
927.000000 789.000000
926.333333 790.000000
925.666667 791.000000
