686.000000 385.000000
678.333333 383.333333
677.666667 381.000000
677.333333 377.666667
677.000000 374.000000
677.000000 369.666667
677.333333 365.000000
678.000000 359.666667
679.000000 354.000000
680.333333 348.000000
682.333333 341.333333
685.000000 334.333333
688.333333 327.000000
692.000000 320.000000
696.000000 313.000000
700.000000 306.333333
704.000000 299.666667
708.000000 293.000000
712.000000 286.000000
716.000000 278.666667
719.666667 272.000000
723.666667 265.666667
727.333333 260.333333
731.666667 255.000000
736.000000 250.333333
741.000000 245.666667
746.000000 241.333333
750.666667 237.000000
755.000000 232.666667
759.000000 228.333333
763.000000 224.000000
767.333333 220.000000
772.000000 216.333333
777.000000 212.666667
781.666667 209.666667
786.333333 206.666667
791.000000 204.333333
796.000000 202.000000
800.666667 200.333333
805.000000 199.000000
809.333333 198.000000
814.000000 197.000000
819.333333 196.000000
824.666667 195.000000
830.333333 194.000000
838.000000 193.000000
853.333333 192.666667
871.000000 193.000000
892.000000 194.000000
907.333333 195.000000
920.000000 196.000000
927.333333 197.000000
932.666667 198.000000
938.000000 199.000000
942.666667 200.000000
946.666667 201.333333
950.333333 202.666667
953.666667 204.333333
957.000000 206.333333
960.000000 209.000000
963.333333 211.666667
967.000000 214.333333
971.000000 217.333333
975.000000 220.666667
979.000000 224.000000
982.666667 226.666667
986.333333 229.333333
989.666667 231.666667
992.666667 234.333333
995.333333 237.333333
998.000000 240.666667
1000.666667 244.000000
1003.333333 247.333333
1006.000000 251.000000
1009.000000 255.333333
1011.666667 259.666667
1014.333333 264.000000
1016.666667 268.333333
1019.000000 272.666667
1021.333333 277.000000
1023.666667 280.666667
1026.333333 284.333333
1028.666667 288.333333
1031.333333 293.000000
1033.666667 298.000000
1036.333333 303.000000
1038.666667 308.333333
1041.000000 314.333333
1043.000000 320.333333
1045.000000 326.000000
1047.000000 331.000000
1048.666667 336.333333
1050.333333 342.000000
1051.666667 348.333333
1053.000000 354.666667
1053.666667 361.333333
1054.000000 368.000000
1054.000000 374.666667
1053.666667 381.333333
1053.000000 387.666667
1051.666667 394.666667
1050.333333 401.666667
1048.333333 409.333333
1046.333333 416.333333
1043.333333 423.333333
1040.000000 430.333333
1036.000000 438.000000
1032.000000 445.666667
1027.666667 453.333333
1023.333333 460.666667
1019.000000 468.000000
1015.000000 475.333333
1010.666667 483.333333
1006.000000 492.333333
1000.333333 501.666667
994.333333 511.000000
987.666667 520.333333
981.333333 530.000000
975.000000 540.000000
969.000000 549.666667
963.000000 558.666667
957.000000 567.333333
950.666667 575.666667
944.000000 584.333333
937.000000 593.000000
930.333333 602.000000
924.000000 611.000000
917.666667 620.333333
911.000000 630.000000
903.666667 640.000000
896.333333 649.666667
889.000000 659.000000
882.000000 668.000000
875.000000 677.000000
868.333333 685.666667
861.333333 694.333333
854.333333 702.333333
846.666667 710.333333
839.333333 717.666667
832.000000 725.333333
825.333333 733.333333
818.666667 741.666667
811.666667 750.000000
804.000000 758.000000
796.000000 766.000000
788.000000 774.666667
780.000000 784.000000
772.333333 794.000000
764.666667 803.333333
757.000000 812.000000
749.333333 820.000000
742.000000 827.666667
735.333333 835.000000
729.333333 842.000000
724.333333 848.333333
720.333333 853.666667
717.000000 858.000000
714.666667 861.333333
712.666667 864.000000
711.333333 865.666667
710.333333 867.000000
709.666667 868.000000
709.333333 868.333333
709.000000 867.666667
