845.333333 350.666667
857.000000 349.333333
857.666667 348.000000
858.000000 347.000000
858.000000 346.000000
858.000000 344.666667
858.000000 343.333333
858.000000 341.666667
858.000000 340.000000
858.000000 338.000000
858.000000 336.000000
858.000000 333.666667
858.000000 331.333333
858.000000 328.666667
857.666667 326.333333
857.333333 323.666667
857.000000 321.000000
857.000000 318.000000
856.666667 314.666667
856.333333 311.333333
855.666667 308.000000
855.333333 304.666667
854.666667 301.000000
853.666667 297.000000
852.333333 293.000000
850.666667 289.000000
849.333333 284.666667
847.666667 280.000000
845.666667 275.000000
843.333333 270.000000
841.000000 265.333333
839.000000 261.000000
836.666667 257.000000
834.333333 253.000000
832.000000 249.000000
829.666667 245.000000
827.333333 241.333333
825.000000 238.000000
823.000000 234.666667
821.000000 231.333333
819.333333 228.333333
817.666667 225.666667
816.000000 223.000000
814.333333 220.333333
812.666667 218.000000
811.333333 215.666667
809.666667 213.333333
808.333333 211.000000
806.666667 209.000000
805.333333 207.000000
803.666667 205.000000
802.000000 203.000000
800.000000 201.000000
798.000000 199.000000
795.666667 197.000000
793.000000 195.000000
790.333333 193.000000
787.666667 191.000000
785.000000 189.000000
782.000000 187.000000
779.000000 185.000000
776.000000 182.666667
773.000000 180.000000
770.000000 177.333333
767.000000 174.666667
764.000000 172.333333
760.666667 169.666667
757.333333 167.333333
753.666667 164.666667
750.000000 162.333333
746.000000 160.000000
742.000000 157.666667
738.333333 155.666667
734.666667 153.666667
731.666667 152.333333
728.666667 151.000000
726.000000 150.000000
723.000000 149.000000
720.000000 148.000000
716.000000 147.000000
711.666667 146.000000
706.333333 145.000000
701.666667 144.000000
695.333333 143.000000
687.666667 142.000000
679.333333 141.000000
671.333333 140.000000
660.666667 139.666667
650.333333 140.000000
641.666667 141.000000
638.333333 142.000000
635.666667 143.000000
633.333333 144.000000
631.000000 145.333333
628.666667 146.666667
626.333333 148.333333
623.666667 150.333333
621.333333 152.666667
618.666667 155.333333
615.666667 158.333333
612.333333 162.000000
609.000000 166.000000
605.666667 170.000000
602.333333 173.666667
599.000000 177.333333
596.000000 181.000000
593.000000 185.000000
590.000000 189.000000
587.000000 193.000000
584.000000 197.000000
581.000000 201.666667
578.000000 206.666667
575.000000 212.000000
572.333333 217.000000
569.666667 222.000000
567.333333 227.000000
565.000000 232.000000
563.333333 236.666667
561.666667 241.333333
560.000000 245.666667
558.333333 250.333333
557.000000 254.666667
556.000000 259.000000
555.000000 263.000000
553.666667 267.000000
552.333333 271.333333
551.000000 275.666667
550.000000 280.666667
549.000000 285.666667
548.000000 291.000000
547.333333 296.000000
546.666667 301.000000
546.333333 306.000000
545.666667 310.666667
545.333333 315.333333
545.000000 319.666667
545.333333 323.666667
545.666667 327.333333
546.333333 330.666667
547.000000 334.333333
548.333333 337.666667
550.000000 341.666667
552.333333 345.666667
554.666667 350.333333
557.333333 354.666667
559.666667 359.333333
562.333333 364.000000
564.666667 368.666667
567.000000 373.000000
569.333333 377.333333
572.000000 382.000000
574.666667 387.000000
577.333333 391.666667
580.333333 396.666667
584.000000 401.666667
588.333333 407.333333
593.333333 413.000000
599.000000 418.666667
605.000000 424.333333
610.666667 429.666667
616.333333 435.000000
621.666667 440.000000
627.000000 445.000000
632.333333 450.000000
637.666667 455.333333
643.000000 461.000000
648.000000 466.666667
653.000000 472.000000
657.666667 477.000000
662.000000 482.333333
666.000000 487.666667
670.000000 493.333333
673.666667 498.666667
677.000000 504.000000
680.000000 509.000000
683.000000 513.333333
685.666667 517.666667
688.000000 521.333333
690.000000 525.333333
692.333333 529.000000
694.666667 532.666667
697.333333 536.666667
700.000000 541.000000
703.000000 546.333333
705.666667 551.666667
708.666667 557.666667
711.666667 563.333333
714.666667 569.000000
717.333333 574.333333
720.000000 579.666667
723.000000 584.666667
726.000000 589.333333
729.000000 594.000000
732.333333 599.000000
735.666667 604.000000
739.333333 609.000000
743.333333 614.000000
747.333333 619.000000
751.333333 624.000000
754.666667 629.000000
758.000000 633.666667
761.333333 638.333333
764.333333 642.666667
767.000000 647.333333
769.000000 651.333333
771.000000 655.333333
773.000000 659.000000
775.000000 662.666667
777.000000 666.000000
779.000000 669.000000
781.333333 672.333333
783.666667 675.666667
786.000000 679.000000
788.000000 681.666667
790.000000 684.666667
792.333333 687.666667
794.666667 691.333333
797.000000 695.000000
799.000000 698.666667
801.333333 702.333333
803.666667 706.333333
806.000000 710.333333
808.000000 714.666667
810.000000 718.666667
812.333333 723.000000
814.666667 727.333333
817.000000 731.666667
819.333333 736.333333
821.666667 740.333333
824.000000 744.333333
825.666667 748.000000
827.333333 751.666667
829.000000 754.666667
831.000000 757.333333
832.666667 760.000000
834.333333 762.666667
836.333333 765.333333
838.666667 767.666667
841.000000 770.333333
843.000000 772.666667
845.000000 775.333333
847.000000 778.000000
849.333333 781.333333
851.666667 784.666667
854.000000 788.333333
855.666667 792.333333
857.333333 796.666667
858.666667 801.000000
860.333333 804.666667
861.666667 808.000000
863.000000 811.000000
864.000000 813.666667
864.666667 815.666667
865.333333 817.000000
865.666667 818.000000
866.000000 819.000000
866.333333 820.000000
