923.000000 321.000000
922.333333 319.666667
922.000000 317.666667
922.333333 315.333333
922.666667 312.666667
923.333333 310.000000
924.333333 307.000000
926.333333 304.000000
929.000000 300.666667
932.000000 297.333333
935.333333 293.000000
939.000000 288.333333
942.666667 283.333333
946.333333 278.333333
950.000000 273.000000
953.666667 267.333333
956.666667 262.333333
959.666667 258.000000
962.666667 254.000000
966.333333 250.000000
970.000000 246.000000
974.333333 242.000000
979.000000 238.333333
984.000000 234.666667
989.000000 230.333333
993.666667 225.333333
998.333333 219.666667
1002.333333 214.666667
1006.333333 210.333333
1009.666667 206.666667
1013.666667 203.000000
1017.666667 199.333333
1022.000000 196.000000
1026.333333 193.333333
1030.666667 191.000000
1035.000000 189.000000
1038.666667 187.000000
1042.333333 185.000000
1045.666667 183.333333
1049.333333 181.666667
1053.000000 179.666667
1057.000000 177.333333
1061.000000 175.000000
1065.333333 173.000000
1070.333333 171.000000
1075.666667 169.000000
1081.000000 167.000000
1085.666667 165.000000
1090.000000 163.333333
1094.000000 162.000000
1097.666667 161.000000
1101.333333 160.000000
1105.333333 159.000000
1110.000000 158.000000
1117.333333 157.000000
1126.666667 156.000000
1139.666667 155.666667
1152.333333 156.000000
1163.333333 157.000000
1173.000000 158.333333
1181.000000 159.666667
1188.666667 161.000000
1193.666667 162.333333
1198.666667 164.000000
1203.666667 166.000000
1209.333333 168.000000
1215.000000 170.333333
1220.666667 172.666667
1226.333333 175.000000
1231.333333 177.333333
1236.333333 180.000000
1240.666667 182.666667
1245.000000 185.333333
1249.000000 187.666667
1253.000000 190.333333
1257.333333 193.000000
1262.000000 196.333333
1266.666667 199.666667
1271.000000 203.333333
1275.333333 207.666667
1279.666667 212.666667
1283.666667 218.000000
1287.000000 223.000000
1290.000000 228.333333
1293.000000 234.000000
1296.000000 240.000000
1298.666667 246.666667
1301.333333 253.666667
1303.666667 261.000000
1306.000000 268.000000
1307.666667 274.666667
1309.333333 281.000000
1310.666667 286.666667
1312.333333 292.666667
1313.666667 298.666667
1315.000000 305.333333
1316.000000 311.666667
1316.666667 318.000000
1317.333333 323.666667
1317.666667 329.000000
1318.000000 334.000000
1318.000000 339.000000
1318.000000 344.333333
1318.000000 349.666667
1317.666667 355.333333
1317.333333 361.000000
1316.666667 366.333333
1316.000000 371.333333
1315.000000 375.666667
1314.000000 380.333333
1312.666667 384.666667
1311.333333 389.666667
1309.666667 394.666667
1308.000000 400.666667
1306.000000 406.666667
1304.000000 413.000000
1302.333333 418.666667
1300.666667 424.333333
1299.333333 429.666667
1297.000000 437.333333
1294.666667 444.666667
1292.333333 452.333333
1290.666667 457.666667
1289.000000 463.000000
1286.666667 468.333333
1284.333333 473.333333
1281.333333 478.000000
1278.000000 482.333333
1274.000000 487.000000
1270.000000 492.000000
1266.000000 497.000000
1262.000000 502.333333
1258.333333 507.666667
1254.666667 513.000000
1251.333333 518.000000
1247.666667 522.666667
1244.333333 527.000000
1240.333333 531.333333
1236.000000 536.000000
1231.000000 541.000000
1225.666667 546.000000
1220.333333 551.000000
1214.666667 556.333333
1209.333333 561.666667
1204.333333 566.666667
1199.333333 571.333333
1194.333333 576.000000
1188.666667 580.666667
1183.000000 585.333333
1177.333333 590.000000
1171.666667 595.000000
1166.333333 600.333333
1161.333333 605.666667
1156.666667 611.333333
1152.000000 616.666667
1146.333333 622.000000
1140.333333 627.333333
1133.666667 632.666667
1127.333333 638.333333
1121.333333 643.666667
1116.000000 649.000000
1111.000000 654.333333
1106.333333 659.666667
1101.666667 665.000000
1097.000000 670.000000
1091.666667 675.000000
1086.000000 680.000000
1080.333333 685.333333
1074.666667 691.000000
1069.333333 697.000000
1064.000000 703.333333
1058.666667 709.666667
1053.333333 716.000000
1047.333333 722.000000
1041.000000 728.000000
1034.333333 734.000000
1027.666667 740.000000
1021.666667 746.333333
1015.666667 752.666667
1010.333333 759.000000
1004.333333 765.000000
998.333333 771.000000
991.666667 777.000000
985.666667 783.000000
979.666667 789.000000
974.000000 795.333333
969.000000 801.333333
965.000000 807.000000
962.000000 811.333333
959.666667 815.333333
957.666667 818.666667
956.333333 822.000000
955.333333 824.666667
954.666667 827.000000
954.333333 829.000000
954.000000 830.666667
954.000000 832.000000
954.000000 833.000000
