853.000000 345.000000
853.000000 344.000000
853.333333 342.666667
853.666667 341.000000
854.000000 338.666667
853.666667 336.000000
853.333333 333.000000
853.000000 330.000000
853.333333 327.000000
853.666667 323.666667
854.333333 320.000000
855.000000 316.000000
856.000000 312.000000
857.000000 308.333333
858.333333 305.000000
860.000000 301.666667
862.000000 298.000000
864.333333 293.666667
866.666667 289.333333
869.333333 285.000000
872.333333 280.666667
876.000000 276.000000
880.000000 271.333333
884.333333 266.666667
889.000000 262.000000
895.000000 256.000000
900.666667 250.666667
906.333333 245.666667
910.666667 242.333333
915.000000 238.666667
919.333333 235.333333
923.666667 232.000000
928.333333 228.666667
933.000000 225.000000
937.666667 221.666667
942.000000 219.000000
946.000000 217.000000
949.666667 214.666667
953.000000 212.000000
955.666667 209.333333
958.333333 207.000000
961.333333 205.000000
964.666667 203.333333
968.333333 201.666667
972.000000 200.333333
976.000000 198.666667
980.000000 197.333333
984.000000 196.000000
988.000000 195.000000
992.000000 194.000000
995.666667 193.000000
999.333333 192.000000
1003.000000 191.000000
1006.666667 190.000000
1010.333333 189.000000
1014.333333 188.000000
1020.333333 187.000000
1031.333333 186.666667
1043.333333 187.000000
1055.000000 188.000000
1062.000000 189.000000
1068.000000 190.000000
1074.333333 191.000000
1080.666667 192.000000
1086.666667 193.000000
1091.000000 194.333333
1094.666667 195.666667
1098.000000 197.333333
1101.333333 198.666667
1104.333333 200.000000
1107.333333 201.333333
1110.000000 203.000000
1113.333333 205.000000
1116.666667 207.000000
1120.000000 209.000000
1123.000000 211.000000
1126.000000 213.000000
1129.000000 215.000000
1132.000000 217.333333
1135.000000 220.000000
1138.000000 222.666667
1140.666667 225.333333
1143.000000 228.000000
1145.333333 230.666667
1147.666667 233.333333
1150.000000 236.000000
1152.000000 238.666667
1154.000000 241.666667
1156.000000 244.666667
1158.000000 248.000000
1160.000000 251.333333
1162.000000 255.000000
1164.000000 259.000000
1166.000000 263.000000
1168.000000 267.000000
1170.000000 271.000000
1171.666667 275.000000
1173.333333 278.666667
1174.666667 282.333333
1176.000000 286.000000
1177.000000 290.000000
1177.666667 294.000000
1178.333333 298.000000
1178.666667 302.333333
1178.666667 306.666667
1178.333333 311.333333
1177.666667 315.666667
1177.000000 320.000000
1176.000000 324.000000
1174.666667 328.000000
1173.000000 332.333333
1171.000000 337.000000
1168.666667 342.333333
1166.333333 348.000000
1163.666667 353.666667
1161.333333 359.333333
1159.000000 364.666667
1157.000000 369.666667
1155.000000 374.333333
1153.000000 378.666667
1150.666667 383.000000
1148.333333 387.333333
1145.666667 392.000000
1142.666667 397.000000
1139.333333 402.333333
1135.666667 407.666667
1132.000000 413.333333
1127.666667 418.666667
1123.333333 424.000000
1118.666667 429.333333
1114.000000 435.000000
1109.333333 441.000000
1104.666667 447.000000
1100.000000 453.000000
1095.000000 459.000000
1089.333333 465.000000
1083.333333 471.000000
1077.000000 476.666667
1071.000000 482.333333
1065.000000 488.333333
1058.666667 495.000000
1051.666667 502.000000
1044.333333 509.000000
1036.666667 516.000000
1029.333333 523.000000
1022.000000 530.333333
1015.000000 538.000000
1008.000000 545.666667
1000.666667 553.333333
993.333333 560.666667
985.666667 568.000000
978.666667 574.666667
971.666667 581.666667
965.333333 588.333333
958.666667 595.666667
952.333333 602.666667
945.666667 610.000000
939.333333 616.666667
933.000000 623.333333
927.000000 629.666667
921.333333 636.000000
916.333333 642.000000
912.000000 647.666667
908.000000 653.000000
904.333333 658.000000
900.666667 662.666667
897.333333 667.000000
894.000000 670.666667
891.000000 674.000000
888.666667 676.666667
886.666667 679.000000
885.000000 681.000000
883.333333 683.000000
882.000000 685.000000
881.000000 687.000000
880.000000 688.666667
879.333333 690.000000
879.000000 691.000000
879.000000 692.000000
879.000000 693.000000
879.000000 694.000000
879.000000 694.333333
