854.666667 461.666667
855.000000 459.000000
855.000000 456.000000
855.000000 452.666667
855.000000 449.000000
854.666667 444.666667
854.333333 440.000000
853.666667 434.666667
853.333333 429.000000
852.666667 422.666667
852.000000 416.333333
851.000000 410.000000
849.666667 404.000000
847.666667 398.000000
844.666667 391.666667
841.333333 385.000000
838.000000 378.333333
835.000000 372.000000
832.000000 365.666667
829.333333 359.666667
826.666667 353.666667
824.333333 348.333333
822.000000 342.666667
820.000000 337.333333
817.666667 331.666667
815.333333 326.333333
813.000000 320.666667
811.000000 315.333333
809.000000 310.000000
806.666667 305.333333
803.666667 300.666667
799.666667 296.000000
795.000000 291.000000
790.000000 286.333333
785.333333 281.666667
781.000000 277.000000
777.000000 272.333333
773.333333 267.666667
770.000000 263.333333
766.666667 259.333333
762.666667 255.333333
758.000000 251.666667
753.333333 247.666667
748.666667 244.333333
744.000000 241.000000
739.333333 238.000000
735.000000 235.333333
731.333333 232.666667
727.666667 230.333333
724.333333 228.000000
721.000000 226.000000
717.666667 224.000000
714.000000 221.666667
709.333333 219.333333
704.000000 217.333333
698.333333 216.000000
693.000000 215.000000
687.000000 214.000000
680.000000 213.666667
672.333333 214.000000
665.666667 215.000000
659.333333 216.000000
653.666667 217.333333
648.000000 218.666667
643.000000 220.333333
638.333333 222.333333
634.000000 224.666667
630.333333 227.333333
626.666667 230.000000
623.333333 233.000000
619.666667 236.000000
615.666667 239.000000
610.666667 242.000000
605.333333 245.333333
600.000000 249.000000
595.000000 252.666667
590.333333 256.000000
586.000000 259.333333
582.333333 262.666667
579.000000 266.000000
576.000000 269.000000
573.000000 272.333333
570.000000 275.666667
567.000000 279.000000
564.000000 282.000000
560.666667 285.000000
557.000000 288.000000
553.333333 290.666667
550.000000 293.000000
547.333333 295.000000
544.666667 297.333333
542.333333 300.000000
540.000000 303.333333
538.000000 306.666667
536.000000 310.333333
534.333333 314.000000
533.000000 318.333333
532.000000 323.000000
531.333333 327.333333
530.666667 331.333333
530.333333 335.000000
529.666667 339.333333
529.333333 344.000000
528.666667 348.666667
528.333333 353.333333
528.000000 358.666667
528.000000 364.666667
528.000000 370.666667
528.000000 376.666667
528.333333 382.666667
528.666667 389.333333
529.000000 396.000000
529.000000 403.666667
529.000000 411.333333
529.000000 418.333333
529.333333 424.000000
529.666667 428.666667
530.000000 432.666667
530.000000 436.333333
530.333333 439.333333
530.666667 442.000000
531.333333 444.333333
531.666667 447.333333
532.333333 450.666667
533.000000 454.333333
534.333333 458.333333
536.000000 462.666667
538.000000 467.333333
540.333333 471.666667
543.333333 476.000000
546.666667 480.000000
550.000000 483.666667
553.000000 487.333333
555.666667 490.666667
558.000000 494.000000
559.666667 496.666667
561.333333 499.333333
562.666667 501.666667
564.000000 504.000000
565.000000 506.333333
566.333333 509.000000
568.000000 512.333333
569.666667 516.000000
571.333333 520.000000
573.333333 524.333333
575.666667 529.000000
578.333333 534.333333
580.666667 540.000000
583.333333 546.000000
586.000000 552.000000
589.000000 557.666667
592.333333 563.333333
596.000000 568.666667
600.000000 573.666667
604.000000 578.666667
607.666667 584.000000
611.333333 590.000000
615.000000 596.333333
618.666667 603.000000
622.333333 609.666667
625.666667 616.333333
629.666667 623.000000
634.000000 629.666667
639.333333 636.666667
644.666667 643.333333
650.333333 650.666667
655.333333 657.333333
660.333333 663.666667
664.666667 669.666667
669.333333 675.333333
675.000000 681.666667
682.000000 687.666667
690.000000 694.000000
697.333333 700.000000
704.000000 705.666667
710.000000 711.000000
716.000000 716.333333
722.333333 721.333333
729.333333 726.333333
737.000000 731.333333
744.333333 736.666667
751.000000 742.333333
757.000000 748.333333
763.000000 754.666667
769.333333 761.000000
776.333333 767.000000
784.000000 773.000000
791.333333 779.000000
798.000000 785.333333
804.333333 792.000000
813.000000 801.000000
822.333333 810.000000
831.666667 818.000000
838.666667 823.333333
845.000000 827.333333
850.333333 831.333333
855.000000 834.333333
858.333333 837.000000
861.000000 838.666667
862.666667 840.000000
863.666667 841.000000
864.333333 842.000000
865.333333 842.333333
866.333333 841.666667
