725.666667 392.000000
725.333333 388.000000
724.666667 384.000000
724.000000 379.333333
723.000000 374.333333
722.000000 369.000000
721.000000 363.666667
720.000000 358.666667
719.000000 353.666667
718.000000 349.000000
716.666667 344.333333
715.000000 339.666667
713.000000 334.666667
711.000000 329.333333
708.666667 323.333333
705.666667 317.333333
702.000000 311.000000
698.000000 305.000000
693.666667 299.000000
689.333333 293.000000
684.666667 287.333333
680.333333 281.666667
675.666667 276.666667
670.666667 271.666667
665.333333 267.000000
659.333333 262.000000
653.333333 257.333333
647.000000 252.666667
640.666667 248.000000
634.333333 243.000000
627.666667 238.333333
621.000000 234.000000
614.000000 230.000000
607.000000 226.333333
600.000000 222.666667
593.333333 219.333333
586.666667 215.666667
579.666667 212.000000
572.000000 208.333333
564.000000 205.000000
556.000000 202.000000
548.333333 199.333333
541.333333 197.000000
534.666667 195.333333
528.666667 193.666667
517.333333 193.000000
506.666667 193.000000
496.000000 194.333333
489.333333 197.000000
482.666667 200.666667
476.333333 205.000000
471.666667 209.333333
467.333333 214.333333
463.333333 220.000000
460.333333 226.666667
458.333333 233.666667
457.000000 241.333333
456.333333 249.333333
456.000000 257.333333
456.000000 265.333333
456.333333 273.000000
457.000000 281.000000
458.333333 289.333333
460.000000 298.333333
462.000000 307.666667
464.333333 317.666667
466.666667 328.333333
469.333333 340.000000
471.666667 351.666667
474.000000 363.333333
476.333333 374.666667
478.666667 385.666667
481.333333 396.000000
484.000000 406.000000
487.333333 415.666667
491.000000 425.000000
495.666667 434.333333
501.333333 443.666667
508.000000 453.000000
514.666667 462.000000
521.666667 470.666667
529.333333 479.000000
538.000000 486.666667
547.000000 494.333333
556.333333 502.000000
566.000000 510.000000
576.666667 517.666667
587.666667 525.333333
599.000000 533.000000
610.666667 541.333333
623.000000 549.666667
635.333333 557.666667
647.666667 565.333333
659.666667 572.333333
672.000000 579.333333
684.000000 586.333333
696.000000 594.000000
708.000000 602.333333
719.666667 610.666667
731.000000 619.000000
741.666667 627.333333
751.666667 635.666667
760.666667 643.666667
768.666667 651.000000
776.000000 657.666667
783.000000 663.666667
789.333333 668.666667
794.666667 672.666667
798.666667 675.666667
802.000000 678.000000
804.666667 679.666667
807.000000 681.000000
