917.333333 380.666667
817.666667 378.666667
718.000000 375.666667
718.000000 372.333333
718.000000 368.666667
718.000000 365.000000
718.000000 361.000000
718.000000 357.000000
718.000000 353.000000
718.333333 348.666667
718.666667 344.000000
719.333333 338.666667
720.333333 332.666667
721.666667 326.000000
723.333333 319.333333
724.666667 313.333333
726.666667 307.666667
729.000000 302.000000
732.333333 296.000000
736.000000 290.000000
740.000000 284.000000
743.666667 278.000000
747.333333 272.000000
751.000000 266.333333
754.666667 261.333333
758.000000 257.000000
760.666667 253.000000
763.333333 249.000000
766.000000 245.333333
768.666667 242.000000
771.333333 239.000000
774.333333 236.000000
777.666667 233.000000
781.333333 230.333333
785.000000 227.666667
789.000000 225.000000
793.000000 222.000000
797.000000 219.333333
801.000000 216.666667
804.666667 214.333333
808.333333 212.000000
811.666667 209.666667
815.333333 207.333333
819.333333 205.000000
823.666667 203.000000
828.333333 201.000000
833.333333 199.000000
838.666667 197.333333
844.000000 195.666667
848.666667 194.000000
853.333333 192.333333
858.333333 190.666667
864.000000 189.000000
870.333333 187.000000
876.666667 185.000000
883.000000 183.333333
889.333333 182.000000
899.333333 181.000000
911.000000 180.666667
924.333333 181.000000
933.666667 181.333333
941.333333 182.000000
946.333333 182.666667
953.000000 184.000000
959.666667 185.333333
966.666667 186.666667
972.333333 188.000000
978.000000 189.333333
983.666667 191.000000
988.666667 192.666667
993.000000 194.333333
997.000000 195.666667
1000.333333 197.666667
1003.333333 200.000000
1006.000000 203.000000
1008.666667 205.666667
1011.000000 208.333333
1013.666667 211.666667
1016.333333 215.666667
1019.333333 220.000000
1022.000000 224.000000
1024.666667 227.666667
1027.333333 231.333333
1030.333333 235.333333
1033.333333 239.333333
1036.000000 243.000000
1038.666667 247.000000
1041.333333 251.666667
1044.333333 257.666667
1046.666667 263.666667
1048.666667 269.666667
1050.333333 275.000000
1051.666667 280.000000
1053.000000 285.000000
1054.000000 290.333333
1055.000000 295.666667
1055.666667 301.000000
1056.333333 306.000000
1056.666667 311.000000
1057.333333 315.666667
1057.666667 320.000000
1058.333333 324.000000
1058.666667 328.000000
1059.000000 332.000000
1059.000000 336.000000
1059.333333 340.333333
1059.666667 345.333333
1060.000000 351.000000
1060.000000 356.666667
1059.666667 362.666667
1059.333333 368.333333
1058.666667 374.333333
1058.333333 379.666667
1057.666667 385.000000
1057.333333 390.333333
1056.666667 395.666667
1056.000000 401.333333
1055.000000 406.333333
1053.666667 411.666667
1052.333333 416.666667
1050.666667 422.000000
1048.666667 427.000000
1046.000000 432.000000
1043.000000 437.666667
1039.666667 443.666667
1036.000000 450.333333
1032.000000 457.000000
1028.000000 463.666667
1024.333333 470.000000
1020.666667 475.666667
1017.333333 481.333333
1014.000000 487.333333
1011.000000 493.666667
1008.000000 500.000000
1005.000000 506.333333
1001.666667 512.666667
998.000000 519.000000
993.333333 525.000000
988.333333 531.333333
982.666667 538.333333
977.333333 545.666667
972.333333 553.333333
968.000000 560.666667
963.666667 567.666667
959.333333 574.333333
954.666667 581.000000
949.666667 588.000000
944.333333 595.333333
938.666667 602.333333
933.333333 609.333333
928.000000 615.666667
923.000000 622.000000
918.333333 628.333333
913.666667 634.666667
908.666667 641.333333
903.000000 648.000000
897.333333 655.000000
891.666667 661.666667
886.333333 667.666667
880.666667 673.333333
875.666667 678.666667
871.000000 684.333333
867.000000 690.000000
862.666667 696.000000
858.666667 702.000000
854.333333 708.000000
850.333333 713.666667
845.666667 719.000000
841.000000 724.000000
836.000000 729.666667
831.000000 735.666667
826.333333 742.000000
821.666667 748.333333
817.333333 754.666667
812.666667 760.666667
808.000000 766.000000
803.000000 771.000000
798.000000 776.000000
793.333333 780.333333
789.666667 783.666667
786.666667 786.000000
784.666667 787.666667
783.000000 789.000000
782.333333 790.000000
