880.333333 361.000000
960.666667 359.666667
961.000000 358.333333
961.000000 356.666667
960.666667 355.333333
960.333333 353.333333
960.000000 351.333333
959.666667 348.666667
958.666667 344.666667
957.333333 340.333333
955.666667 335.333333
954.333333 331.000000
952.666667 326.333333
951.000000 322.000000
949.000000 317.666667
946.666667 313.333333
944.333333 309.000000
942.000000 305.000000
939.666667 301.000000
937.333333 297.333333
934.666667 293.666667
932.000000 289.666667
929.000000 285.333333
926.333333 280.333333
924.000000 275.666667
922.000000 271.000000
919.666667 267.000000
917.333333 262.666667
914.666667 258.666667
912.000000 254.333333
909.333333 250.333333
906.666667 246.000000
903.666667 242.000000
900.666667 238.000000
897.333333 233.666667
894.333333 229.333333
890.666667 225.333333
887.000000 221.666667
883.000000 218.333333
879.000000 215.000000
875.000000 212.000000
871.000000 209.000000
867.000000 206.000000
863.000000 203.000000
858.666667 200.000000
854.000000 197.333333
849.000000 194.666667
844.000000 192.000000
839.000000 189.333333
834.333333 186.666667
830.000000 184.666667
825.666667 182.666667
821.666667 181.333333
811.666667 180.666667
800.666667 181.000000
789.333333 182.000000
783.000000 183.000000
778.666667 184.000000
774.666667 185.000000
772.333333 186.000000
769.666667 187.333333
767.333333 188.666667
765.000000 190.000000
762.666667 191.333333
760.333333 193.000000
757.666667 194.666667
755.000000 196.333333
752.333333 198.000000
749.666667 200.000000
747.333333 202.000000
745.000000 204.000000
742.666667 206.000000
740.000000 208.666667
737.000000 212.333333
734.333333 217.000000
732.000000 222.000000
729.666667 227.666667
727.333333 233.666667
725.000000 240.000000
723.000000 246.333333
721.000000 252.333333
719.000000 258.333333
717.333333 263.666667
715.666667 268.666667
714.333333 273.000000
713.333333 277.000000
712.666667 281.000000
712.333333 284.666667
711.666667 288.333333
711.666667 292.000000
711.666667 296.000000
712.000000 300.000000
712.333333 304.000000
713.000000 308.000000
714.000000 312.333333
715.000000 317.000000
716.333333 322.000000
718.000000 327.333333
720.000000 333.000000
722.333333 339.333333
725.000000 346.333333
728.000000 353.666667
731.000000 361.000000
734.000000 368.000000
736.666667 374.666667
739.333333 381.333333
742.000000 388.000000
745.333333 395.000000
748.666667 402.000000
752.000000 408.666667
755.333333 415.333333
759.000000 422.000000
762.666667 429.000000
766.333333 435.666667
769.666667 442.333333
773.333333 448.666667
777.000000 455.000000
780.666667 461.000000
784.000000 466.666667
787.333333 472.333333
791.000000 478.000000
795.000000 484.333333
799.000000 490.333333
803.000000 496.666667
807.000000 502.333333
810.666667 508.333333
814.333333 513.666667
817.666667 519.000000
821.666667 524.000000
826.000000 529.000000
831.000000 534.333333
836.000000 540.333333
841.000000 547.000000
846.000000 554.333333
851.000000 561.666667
856.000000 569.666667
861.000000 577.666667
866.333333 586.666667
871.666667 595.333333
877.333333 604.000000
882.666667 611.333333
887.666667 617.666667
892.333333 623.000000
896.333333 627.333333
900.333333 631.333333
904.000000 635.333333
908.333333 640.000000
913.000000 644.666667
918.000000 649.333333
923.000000 653.666667
928.000000 658.000000
933.000000 662.000000
938.000000 666.000000
942.666667 670.333333
947.333333 674.666667
953.666667 681.666667
960.333333 689.000000
967.333333 697.666667
972.666667 704.333333
978.333333 711.333333
983.666667 718.000000
989.333333 725.000000
994.333333 731.333333
998.666667 737.000000
1002.000000 741.333333
1004.666667 745.000000
1006.666667 747.666667
1008.000000 750.000000
1009.000000 751.666667
1009.666667 753.000000
1010.333333 754.000000
1010.666667 754.333333
1010.666667 754.000000
