598.000000 376.000000
600.000000 375.000000
602.000000 374.000000
603.666667 372.666667
605.666667 371.000000
607.666667 369.333333
610.000000 367.666667
612.000000 366.000000
614.000000 363.666667
616.000000 361.000000
618.000000 358.333333
620.000000 355.666667
622.000000 353.333333
624.000000 350.333333
626.000000 347.333333
628.000000 344.000000
630.000000 340.666667
632.000000 336.666667
634.000000 332.333333
636.000000 327.666667
638.000000 323.000000
640.000000 318.000000
642.000000 313.000000
644.000000 308.000000
645.666667 303.000000
647.000000 298.000000
648.000000 292.666667
649.000000 287.000000
650.000000 281.000000
650.666667 275.000000
650.666667 269.000000
650.333333 263.000000
649.666667 257.000000
648.666667 251.000000
647.333333 245.333333
645.666667 239.666667
644.000000 234.000000
642.000000 228.333333
640.000000 222.666667
637.666667 217.333333
635.000000 212.000000
632.333333 207.000000
629.666667 202.333333
626.666667 197.666667
623.000000 193.000000
619.000000 188.333333
614.666667 184.000000
610.000000 179.666667
605.000000 175.000000
599.666667 170.333333
594.333333 166.000000
588.666667 162.000000
583.333333 158.333333
577.666667 154.666667
571.666667 151.333333
565.333333 148.333333
558.333333 145.666667
551.666667 143.333333
545.000000 141.333333
539.000000 140.000000
532.333333 139.000000
518.000000 138.666667
501.333333 139.333333
485.000000 140.666667
476.000000 142.000000
469.000000 143.333333
462.000000 145.000000
455.000000 147.000000
448.333333 149.333333
441.666667 152.000000
435.000000 155.333333
428.000000 159.333333
421.000000 164.000000
414.333333 168.666667
408.000000 173.333333
402.333333 178.000000
397.000000 182.666667
392.333333 187.000000
388.000000 191.333333
384.000000 196.000000
380.000000 201.000000
376.333333 206.333333
373.000000 212.000000
370.000000 218.000000
367.000000 224.333333
364.333333 231.000000
362.000000 238.000000
360.000000 245.333333
358.333333 253.000000
357.000000 261.000000
356.000000 269.000000
355.000000 277.333333
354.000000 286.000000
353.333333 295.000000
353.000000 304.000000
353.333333 313.000000
353.666667 322.000000
354.333333 331.000000
355.333333 340.333333
356.666667 350.000000
358.333333 359.666667
360.333333 369.000000
362.666667 378.000000
365.333333 387.000000
368.333333 396.000000
372.000000 405.000000
376.000000 414.333333
380.000000 424.333333
384.333333 434.666667
389.000000 445.333333
394.666667 456.000000
400.666667 467.000000
407.333333 478.000000
414.000000 488.666667
421.000000 499.333333
428.333333 509.666667
436.333333 520.333333
445.000000 531.000000
454.333333 542.333333
463.666667 554.000000
473.666667 566.000000
484.333333 578.333333
495.333333 590.666667
506.333333 603.000000
517.000000 615.000000
528.666667 627.000000
540.333333 639.000000
552.333333 650.666667
564.333333 662.000000
577.000000 673.000000
590.000000 684.000000
603.000000 695.000000
616.000000 705.333333
628.666667 715.000000
641.000000 723.666667
652.666667 732.333333
664.000000 740.333333
674.666667 748.000000
685.000000 755.000000
694.333333 761.666667
702.666667 768.000000
709.333333 773.666667
714.666667 778.333333
718.333333 781.666667
721.000000 784.000000
722.666667 786.000000
724.000000 787.666667
724.666667 788.333333
