970.333333 373.000000
969.000000 372.000000
968.000000 371.000000
967.333333 369.666667
966.666667 367.666667
966.000000 365.000000
965.333333 362.333333
965.000000 359.666667
965.000000 357.000000
965.000000 354.333333
965.000000 351.666667
965.000000 349.333333
965.000000 347.000000
965.000000 345.000000
965.000000 342.666667
965.000000 340.333333
965.333333 337.666667
965.666667 335.000000
966.333333 331.666667
966.666667 328.000000
967.333333 324.000000
968.000000 320.000000
969.000000 315.666667
970.000000 311.333333
971.000000 307.333333
972.000000 304.000000
973.333333 301.000000
975.000000 297.666667
977.333333 294.000000
980.333333 290.000000
984.000000 286.000000
988.000000 281.666667
991.666667 277.000000
995.333333 272.000000
998.666667 267.000000
1002.000000 262.000000
1004.666667 257.333333
1007.333333 253.000000
1010.000000 249.000000
1013.333333 245.000000
1017.333333 240.666667
1022.000000 236.000000
1027.000000 231.000000
1032.000000 226.333333
1037.000000 222.000000
1041.666667 218.000000
1046.000000 214.000000
1050.000000 210.333333
1053.666667 207.000000
1057.666667 203.666667
1062.000000 200.333333
1067.000000 197.333333
1072.000000 195.000000
1077.333333 192.666667
1082.666667 190.333333
1087.666667 188.333333
1092.000000 186.666667
1095.666667 185.000000
1099.000000 183.000000
1102.333333 181.000000
1106.333333 179.000000
1111.000000 177.000000
1116.000000 175.000000
1121.666667 173.000000
1127.333333 171.333333
1133.000000 169.666667
1137.666667 168.333333
1142.000000 167.000000
1146.000000 166.000000
1151.000000 165.000000
1161.333333 164.666667
1173.666667 165.000000
1185.000000 166.000000
1192.000000 167.333333
1197.000000 168.666667
1202.333333 170.333333
1207.000000 172.000000
1212.333333 174.333333
1217.666667 176.666667
1223.333333 179.333333
1229.000000 181.666667
1234.000000 184.000000
1238.333333 186.333333
1241.666667 188.666667
1245.000000 191.000000
1248.333333 193.000000
1251.666667 195.333333
1255.333333 198.000000
1259.000000 201.000000
1263.000000 204.000000
1267.333333 207.000000
1271.666667 210.000000
1275.666667 213.333333
1279.333333 217.000000
1283.000000 221.333333
1286.333333 226.000000
1289.333333 231.000000
1292.000000 238.000000
1294.666667 245.666667
1296.666667 253.666667
1298.333333 260.333333
1299.666667 266.666667
1301.000000 273.000000
1302.000000 278.666667
1303.000000 284.000000
1304.000000 289.000000
1305.000000 294.000000
1306.000000 298.666667
1307.333333 303.333333
1309.000000 307.666667
1311.000000 312.000000
1313.333333 316.333333
1315.666667 320.333333
1317.666667 324.333333
1319.333333 328.000000
1320.666667 332.000000
1322.333333 335.666667
1324.000000 339.000000
1326.000000 342.333333
1327.666667 345.666667
1329.000000 349.333333
1330.000000 352.666667
1331.000000 356.333333
1332.333333 360.000000
1333.333333 364.000000
1334.666667 368.333333
1335.333333 372.666667
1336.333333 377.000000
1336.666667 381.333333
1337.000000 386.333333
1337.333333 392.000000
1337.333333 398.000000
1337.333333 404.333333
1337.000000 410.666667
1336.666667 417.333333
1336.000000 423.666667
1335.333333 430.000000
1334.666667 436.000000
1334.000000 442.000000
1333.000000 448.000000
1332.000000 454.000000
1330.666667 460.000000
1329.000000 465.666667
1327.000000 471.000000
1324.666667 476.333333
1322.000000 481.666667
1319.000000 487.666667
1316.000000 493.333333
1313.000000 499.333333
1310.000000 504.666667
1307.333333 510.333333
1304.666667 515.666667
1302.333333 521.000000
1299.666667 526.000000
1297.333333 531.000000
1294.666667 535.666667
1292.000000 540.666667
1288.333333 545.666667
1284.000000 551.000000
1279.000000 556.000000
1273.666667 561.000000
1268.666667 565.666667
1263.666667 570.000000
1259.333333 574.333333
1255.000000 578.666667
1250.666667 583.666667
1245.666667 588.666667
1239.666667 594.333333
1233.000000 600.000000
1226.333333 606.000000
1220.000000 611.666667
1214.333333 617.000000
1207.000000 623.666667
1199.666667 630.333333
1191.333333 637.333333
1184.333333 642.666667
1177.333333 648.000000
1171.000000 653.000000
1165.333333 658.000000
1159.666667 663.000000
1154.333333 667.666667
1148.333333 672.333333
1141.666667 677.000000
1134.666667 681.666667
1127.666667 686.333333
1121.666667 690.666667
1115.666667 695.333333
1110.333333 700.000000
1104.666667 705.000000
1098.333333 710.000000
1091.333333 715.000000
1084.333333 719.666667
1078.000000 723.666667
1072.666667 727.000000
1068.000000 729.666667
1064.333333 732.000000
1061.666667 733.666667
1059.666667 735.000000
1058.333333 736.000000
1057.333333 737.000000
1056.666667 738.000000
1056.000000 739.000000
1055.000000 740.000000
1054.333333 741.000000
1054.000000 742.000000
1054.000000 742.333333
