791.333333 378.666667
826.666667 377.333333
862.000000 375.666667
862.333333 373.666667
862.666667 371.333333
863.333333 368.666667
864.000000 366.333333
865.000000 363.666667
865.666667 361.000000
866.333333 358.333333
867.000000 355.666667
868.000000 353.333333
869.000000 351.000000
870.000000 349.000000
871.000000 347.000000
872.000000 345.000000
873.000000 343.000000
874.000000 341.000000
875.000000 339.000000
876.333333 336.666667
877.666667 334.333333
879.333333 331.666667
881.000000 329.000000
882.666667 326.000000
884.333333 322.666667
886.000000 319.000000
888.000000 315.333333
890.000000 311.666667
892.000000 308.333333
894.000000 305.000000
895.666667 302.000000
897.333333 299.333333
898.666667 296.666667
900.333333 294.333333
901.666667 291.666667
903.333333 289.333333
904.666667 287.000000
906.333333 284.666667
907.666667 282.000000
909.333333 279.000000
910.666667 276.333333
912.333333 273.666667
914.333333 270.666667
916.666667 267.666667
919.000000 264.666667
921.333333 262.000000
923.666667 259.333333
926.333333 256.666667
929.000000 254.333333
931.666667 252.000000
934.333333 250.000000
937.000000 248.000000
939.666667 246.000000
942.333333 243.666667
945.000000 241.666667
947.666667 239.666667
950.333333 237.666667
952.666667 235.333333
955.333333 232.333333
958.000000 229.333333
961.000000 226.000000
963.666667 223.000000
966.333333 220.000000
969.000000 217.000000
972.333333 214.000000
976.000000 211.000000
979.666667 208.333333
983.333333 205.666667
987.000000 203.333333
990.666667 201.000000
994.000000 199.000000
997.000000 197.333333
999.666667 195.666667
1002.333333 194.000000
1004.666667 192.000000
1007.333333 190.000000
1010.000000 188.000000
1013.000000 185.666667
1016.000000 183.333333
1019.000000 181.000000
1022.333333 178.666667
1026.000000 176.333333
1030.000000 173.666667
1033.666667 171.333333
1037.333333 169.000000
1041.000000 166.666667
1044.666667 164.333333
1048.000000 162.000000
1051.333333 159.666667
1054.666667 157.333333
1058.333333 155.333333
1061.666667 153.666667
1065.333333 152.000000
1069.000000 150.333333
1072.666667 149.000000
1076.333333 148.000000
1079.666667 147.000000
1083.333333 146.000000
1086.666667 145.000000
1090.000000 144.000000
1093.666667 143.000000
1097.000000 142.000000
1101.333333 141.000000
1111.666667 140.666667
1124.000000 141.000000
1135.666667 142.000000
1140.666667 143.000000
1144.000000 144.000000
1147.000000 145.000000
1150.333333 146.333333
1153.666667 147.666667
1157.333333 149.333333
1161.000000 151.000000
1165.000000 153.000000
1169.333333 155.333333
1173.666667 158.000000
1178.000000 161.333333
1181.666667 165.000000
1185.333333 169.333333
1188.666667 173.333333
1192.000000 177.333333
1194.666667 180.666667
1197.000000 184.333333
1199.333333 187.333333
1201.666667 190.333333
1204.000000 193.000000
1206.000000 196.000000
1208.333333 199.000000
1210.666667 202.333333
1213.000000 206.000000
1215.333333 210.333333
1217.666667 214.666667
1220.000000 219.333333
1222.000000 224.000000
1224.000000 228.666667
1225.666667 233.333333
1227.333333 237.666667
1228.666667 242.000000
1230.000000 246.333333
1231.000000 250.666667
1231.666667 255.333333
1232.333333 260.000000
1232.666667 265.000000
1233.000000 269.666667
1233.000000 274.333333
1233.000000 279.000000
1232.666667 284.000000
1232.333333 289.000000
1231.666667 294.000000
1231.000000 299.666667
1230.000000 305.666667
1229.000000 312.000000
1227.666667 318.000000
1226.333333 324.333333
1224.666667 330.333333
1222.666667 336.333333
1220.000000 342.000000
1217.000000 348.333333
1214.000000 354.666667
1211.000000 361.000000
1208.000000 367.000000
1205.000000 373.000000
1200.666667 380.666667
1196.000000 388.000000
1190.666667 395.333333
1186.000000 401.000000
1180.666667 407.333333
1175.333333 413.666667
1170.333333 420.000000
1165.333333 426.000000
1160.666667 432.000000
1155.666667 438.333333
1151.000000 445.000000
1145.666667 452.000000
1140.333333 458.666667
1135.000000 465.000000
1129.666667 471.000000
1124.333333 476.666667
1119.000000 482.333333
1114.000000 488.333333
1109.000000 494.666667
1104.000000 501.000000
1099.000000 507.333333
1093.666667 514.000000
1088.000000 521.000000
1082.000000 528.000000
1076.000000 535.000000
1070.333333 542.333333
1065.000000 550.000000
1060.333333 557.666667
1056.000000 564.666667
1052.000000 571.333333
1048.000000 577.666667
1043.666667 584.333333
1039.333333 590.666667
1034.666667 597.333333
1030.333333 603.666667
1026.000000 610.000000
1022.000000 616.000000
1018.333333 621.666667
1015.000000 627.333333
1012.000000 632.666667
1009.000000 638.333333
1006.000000 644.000000
1003.000000 650.000000
1000.000000 655.666667
997.000000 661.000000
993.666667 666.000000
990.333333 670.666667
987.000000 675.000000
984.333333 679.000000
981.666667 683.000000
979.000000 687.000000
976.000000 691.333333
973.333333 696.000000
970.666667 701.000000
968.333333 706.000000
966.000000 711.000000
964.000000 715.666667
962.000000 720.000000
960.000000 724.333333
958.000000 728.666667
956.000000 733.333333
953.666667 738.000000
951.000000 742.666667
947.666667 747.333333
944.333333 752.000000
940.666667 757.000000
937.000000 761.666667
933.000000 766.333333
929.000000 770.666667
925.000000 775.333333
921.000000 779.666667
917.333333 784.333333
914.000000 789.000000
910.666667 794.000000
907.333333 799.000000
903.666667 804.000000
900.333333 808.666667
896.666667 813.333333
893.333333 817.666667
889.666667 822.333333
886.000000 826.666667
882.333333 831.000000
879.000000 835.000000
876.000000 839.333333
873.333333 843.666667
871.000000 848.000000
869.000000 851.666667
867.000000 855.000000
865.333333 858.000000
864.000000 860.666667
863.000000 863.000000
862.000000 864.666667
861.333333 866.000000
860.666667 867.000000
860.333333 868.000000
859.666667 868.333333
859.000000 866.333333
