716.000000 368.000000
716.000000 366.000000
715.666667 364.000000
715.000000 361.333333
714.000000 358.333333
713.000000 355.000000
711.666667 351.333333
710.000000 347.333333
707.666667 343.333333
705.333333 339.333333
702.666667 335.333333
700.000000 330.666667
697.000000 326.333333
693.666667 321.666667
690.000000 317.000000
686.333333 312.000000
682.333333 306.666667
678.333333 301.333333
673.666667 295.333333
669.000000 289.333333
664.000000 282.666667
658.666667 276.333333
653.666667 270.333333
648.666667 265.000000
644.333333 260.000000
640.000000 255.333333
636.000000 251.000000
632.333333 247.000000
628.666667 243.000000
625.000000 239.000000
620.666667 235.000000
616.000000 231.333333
611.000000 227.666667
606.000000 224.333333
601.000000 221.000000
596.000000 218.000000
591.000000 215.000000
586.000000 212.000000
580.666667 209.333333
575.000000 207.000000
568.333333 205.000000
561.333333 203.000000
553.666667 201.333333
546.333333 200.000000
538.666667 199.000000
531.000000 198.000000
523.000000 197.000000
507.666667 196.666667
492.666667 197.000000
478.000000 198.333333
471.000000 199.666667
464.333333 201.333333
458.000000 202.666667
452.000000 204.666667
446.666667 206.333333
442.000000 208.333333
438.000000 210.000000
434.333333 212.333333
431.000000 215.000000
428.000000 218.000000
425.000000 220.666667
421.666667 223.666667
418.000000 227.000000
414.333333 231.000000
410.666667 235.333333
407.333333 240.000000
404.000000 245.000000
400.666667 250.333333
397.666667 256.000000
394.666667 262.000000
392.666667 268.000000
390.666667 273.666667
389.333333 279.333333
388.000000 284.666667
387.000000 290.333333
386.000000 296.000000
385.333333 302.000000
384.666667 307.666667
384.333333 313.000000
384.000000 318.000000
384.000000 323.000000
384.000000 328.000000
384.000000 333.000000
384.333333 338.000000
384.666667 343.333333
385.333333 349.000000
386.000000 355.333333
387.000000 361.666667
388.000000 368.000000
389.000000 373.666667
390.000000 379.000000
391.000000 383.666667
392.000000 388.000000
393.333333 392.000000
395.000000 396.000000
397.000000 400.000000
399.333333 404.000000
402.000000 408.000000
405.000000 412.333333
408.000000 417.000000
411.000000 422.000000
414.000000 427.000000
417.000000 432.333333
420.333333 438.000000
423.666667 444.000000
427.000000 450.333333
430.000000 457.000000
433.333333 463.666667
437.000000 470.333333
441.333333 476.666667
446.000000 483.333333
451.000000 489.666667
456.000000 496.000000
461.000000 502.333333
465.666667 508.666667
470.000000 514.666667
474.333333 520.333333
478.666667 526.000000
483.333333 531.666667
488.666667 537.666667
495.000000 544.000000
502.000000 551.000000
509.000000 558.000000
516.000000 564.666667
523.000000 571.333333
531.000000 578.000000
539.666667 585.000000
548.666667 592.000000
557.333333 599.000000
565.333333 606.000000
574.333333 613.666667
583.666667 621.666667
593.333333 630.333333
602.333333 639.000000
610.333333 648.000000
618.000000 656.666667
625.666667 665.333333
633.666667 674.000000
641.666667 682.666667
648.666667 691.000000
655.000000 698.666667
660.666667 705.666667
666.000000 712.000000
670.666667 717.666667
675.333333 723.333333
680.333333 728.666667
686.000000 734.333333
691.666667 740.000000
697.333333 746.000000
702.333333 752.000000
707.333333 757.666667
711.333333 763.000000
715.333333 767.666667
718.666667 772.000000
721.666667 775.666667
724.333333 779.333333
727.000000 782.666667
730.000000 786.000000
733.000000 789.000000
736.333333 792.000000
739.666667 794.666667
743.000000 796.666667
745.666667 798.000000
748.000000 799.000000
750.333333 800.000000
754.333333 800.333333
758.000000 800.000000
761.333333 799.000000
