824.333333 409.000000
824.666667 406.000000
825.000000 402.666667
825.333333 399.333333
826.000000 395.666667
827.000000 392.000000
828.333333 387.333333
829.666667 382.333333
831.666667 376.666667
833.666667 371.000000
836.000000 365.000000
838.000000 359.333333
840.000000 354.333333
842.000000 349.666667
844.000000 345.333333
846.000000 340.666667
848.333333 336.333333
850.666667 331.666667
853.000000 327.000000
855.000000 322.333333
857.000000 317.666667
859.000000 313.000000
861.000000 308.333333
863.000000 304.000000
865.000000 300.000000
867.333333 296.000000
870.000000 292.000000
873.000000 288.333333
876.000000 284.666667
879.000000 281.000000
882.333333 277.000000
886.000000 273.000000
890.000000 269.000000
894.333333 265.000000
898.333333 261.000000
902.000000 257.666667
905.333333 254.666667
909.333333 251.666667
914.000000 248.000000
919.000000 244.333333
924.000000 241.000000
929.333333 238.333333
934.666667 235.666667
940.000000 233.333333
945.000000 231.000000
950.000000 228.666667
955.000000 226.333333
960.333333 224.000000
966.000000 222.000000
972.333333 220.000000
978.666667 218.000000
984.666667 215.666667
990.333333 213.666667
995.666667 211.666667
1001.000000 210.000000
1006.000000 208.333333
1010.666667 207.000000
1015.333333 206.000000
1020.333333 205.000000
1025.666667 204.000000
1040.666667 204.000000
1055.666667 204.666667
1070.666667 206.000000
1076.333333 207.000000
1081.666667 208.000000
1087.000000 209.000000
1091.666667 210.333333
1096.000000 211.666667
1100.000000 213.333333
1104.333333 214.666667
1109.000000 216.666667
1114.000000 218.666667
1119.000000 221.333333
1124.333333 224.000000
1129.666667 227.000000
1135.000000 230.000000
1139.666667 233.333333
1144.000000 236.666667
1148.000000 240.333333
1152.000000 244.333333
1156.000000 249.000000
1160.333333 254.000000
1164.666667 259.000000
1168.666667 263.666667
1172.333333 268.333333
1175.666667 272.666667
1179.000000 277.000000
1182.000000 281.000000
1184.666667 285.000000
1187.000000 288.666667
1189.000000 292.333333
1191.000000 296.000000
1193.000000 300.333333
1194.666667 305.000000
1196.000000 310.000000
1197.000000 315.000000
1198.000000 319.666667
1198.666667 324.333333
1199.333333 328.666667
1200.000000 333.000000
1200.666667 337.000000
1201.000000 341.333333
1201.333333 345.666667
1201.666667 350.333333
1202.000000 354.666667
1202.000000 359.333333
1202.000000 363.666667
1202.000000 368.000000
1201.666667 372.333333
1201.333333 376.333333
1201.000000 380.333333
1200.666667 384.000000
1200.333333 388.000000
1199.666667 392.333333
1199.000000 397.333333
1198.000000 402.666667
1197.000000 408.000000
1195.666667 413.000000
1194.333333 418.000000
1192.666667 423.000000
1191.333333 427.666667
1188.666667 434.000000
1186.000000 440.666667
1182.666667 448.000000
1179.666667 454.333333
1176.333333 460.666667
1172.666667 467.000000
1169.000000 473.333333
1165.333333 479.666667
1161.666667 486.333333
1158.333333 493.333333
1154.666667 500.666667
1151.666667 507.666667
1148.333333 514.000000
1145.333333 520.000000
1141.666667 526.000000
1138.000000 532.333333
1133.666667 539.000000
1129.000000 545.666667
1124.333333 552.666667
1119.666667 559.333333
1115.666667 565.666667
1111.666667 571.333333
1108.000000 577.000000
1104.000000 583.000000
1100.000000 589.000000
1096.000000 595.000000
1091.666667 601.000000
1087.000000 606.666667
1082.000000 612.000000
1077.333333 617.000000
1072.666667 621.666667
1068.333333 626.333333
1064.000000 631.000000
1060.000000 636.000000
1056.000000 641.000000
1052.333333 646.000000
1048.666667 651.000000
1045.000000 656.000000
1041.000000 661.000000
1036.666667 665.666667
1032.333333 670.333333
1028.000000 674.666667
1024.000000 679.333333
1020.000000 684.000000
1016.333333 689.000000
1012.666667 694.000000
1008.666667 699.333333
1004.333333 705.000000
999.666667 710.666667
994.666667 716.333333
989.000000 721.666667
983.333333 727.333333
977.666667 733.333333
972.666667 739.666667
967.666667 746.333333
963.333333 752.666667
958.666667 759.000000
954.000000 765.000000
949.000000 771.000000
944.000000 777.333333
939.000000 783.666667
934.000000 790.333333
929.333333 796.666667
925.000000 802.666667
921.000000 808.000000
917.666667 812.666667
914.666667 816.666667
912.666667 820.000000
910.666667 823.000000
909.000000 825.666667
907.333333 828.000000
906.000000 829.666667
905.333333 831.000000
904.666667 832.000000
904.000000 833.000000
903.000000 834.000000
