840.000000 327.000000
839.333333 324.666667
838.666667 322.000000
838.333333 319.000000
838.000000 316.000000
838.000000 313.000000
838.333333 309.666667
839.000000 306.333333
840.000000 303.000000
841.000000 300.000000
842.000000 297.000000
843.333333 293.666667
845.000000 289.666667
847.000000 285.333333
849.000000 280.333333
851.333333 275.000000
853.666667 269.000000
856.000000 263.333333
858.000000 258.000000
860.000000 252.666667
862.333333 247.333333
864.666667 241.666667
867.666667 236.000000
870.666667 229.666667
874.333333 223.666667
878.000000 217.666667
882.000000 212.333333
886.666667 206.666667
891.666667 201.333333
897.000000 196.000000
902.333333 190.666667
908.000000 185.333333
914.333333 179.666667
921.000000 174.000000
928.000000 168.333333
934.666667 163.666667
941.333333 159.333333
947.333333 155.333333
953.000000 151.666667
958.333333 148.666667
964.333333 146.333333
970.666667 144.000000
977.000000 142.333333
983.333333 141.000000
989.333333 139.666667
995.333333 138.000000
1000.666667 136.333333
1006.666667 134.333333
1012.666667 132.333333
1019.333333 130.333333
1028.000000 129.000000
1039.000000 128.666667
1052.000000 129.000000
1063.333333 130.333333
1072.666667 131.666667
1079.666667 133.333333
1085.666667 135.000000
1091.333333 136.666667
1097.000000 138.333333
1103.000000 140.000000
1109.333333 142.000000
1116.333333 144.333333
1123.333333 147.000000
1130.000000 150.333333
1136.333333 154.000000
1142.666667 158.000000
1149.000000 162.666667
1154.666667 167.666667
1160.333333 173.000000
1166.000000 177.666667
1171.666667 182.333333
1177.000000 186.666667
1182.000000 191.000000
1186.666667 195.666667
1191.000000 200.666667
1195.000000 206.666667
1198.666667 212.666667
1202.333333 218.666667
1205.333333 224.333333
1208.333333 229.666667
1210.666667 235.000000
1213.000000 239.666667
1215.000000 244.333333
1217.000000 249.333333
1219.000000 255.000000
1220.666667 261.000000
1221.666667 267.333333
1222.333333 273.666667
1222.666667 280.333333
1222.666667 287.333333
1222.000000 294.666667
1221.000000 302.333333
1219.666667 310.000000
1218.000000 317.666667
1216.000000 325.000000
1214.000000 332.333333
1212.000000 339.666667
1209.666667 347.333333
1207.000000 354.666667
1204.333333 362.333333
1201.666667 369.666667
1199.000000 376.666667
1195.666667 383.333333
1192.000000 390.000000
1188.000000 397.333333
1183.666667 404.666667
1178.666667 412.333333
1173.333333 420.000000
1168.000000 427.666667
1163.000000 435.333333
1158.000000 443.333333
1152.666667 451.666667
1147.000000 459.666667
1140.666667 467.000000
1134.333333 474.000000
1127.666667 481.000000
1121.333333 488.000000
1115.000000 495.333333
1109.000000 503.000000
1102.666667 510.666667
1096.000000 518.333333
1088.666667 526.000000
1081.000000 534.333333
1073.333333 543.000000
1065.666667 552.000000
1057.666667 560.666667
1049.000000 569.333333
1040.000000 577.666667
1031.333333 586.000000
1023.000000 594.000000
1014.666667 602.333333
1006.000000 610.333333
997.000000 618.333333
988.333333 625.666667
980.000000 633.666667
972.333333 642.333333
965.333333 651.333333
958.333333 660.333333
951.666667 668.666667
944.666667 677.000000
938.000000 685.333333
931.666667 694.000000
925.666667 702.333333
920.666667 710.333333
915.666667 717.666667
910.666667 725.666667
905.333333 734.000000
899.666667 743.000000
894.333333 751.666667
888.666667 760.000000
883.333333 767.666667
878.000000 775.333333
873.000000 782.666667
868.333333 789.666667
864.333333 796.000000
860.666667 801.666667
857.666667 806.666667
855.000000 810.666667
853.000000 813.666667
851.666667 815.666667
850.666667 817.000000
850.000000 818.000000
849.000000 816.000000
