972.000000 396.000000
1033.000000 395.000000
1093.666667 394.000000
1093.333333 393.000000
1093.000000 391.666667
1093.000000 390.333333
1092.666667 388.666667
1092.333333 386.666667
1092.000000 384.333333
1092.000000 381.666667
1092.000000 379.000000
1092.000000 376.000000
1092.000000 372.666667
1092.000000 369.333333
1092.000000 365.666667
1092.333333 362.000000
1093.000000 358.333333
1094.000000 355.000000
1095.000000 352.000000
1096.000000 349.000000
1097.000000 346.000000
1098.000000 343.000000
1099.000000 340.000000
1099.666667 337.000000
1100.666667 333.666667
1101.666667 330.000000
1103.000000 325.666667
1104.333333 321.000000
1105.666667 316.333333
1107.333333 311.666667
1109.333333 307.333333
1112.000000 302.666667
1115.333333 298.000000
1119.000000 293.000000
1123.000000 287.666667
1127.333333 282.000000
1132.000000 276.333333
1136.666667 270.666667
1141.000000 265.000000
1145.000000 259.666667
1149.000000 254.666667
1153.000000 250.000000
1157.333333 245.000000
1162.000000 240.333333
1167.333333 235.666667
1172.666667 231.333333
1178.000000 227.000000
1183.000000 223.000000
1187.666667 219.333333
1192.000000 215.666667
1196.666667 212.000000
1202.000000 208.333333
1208.333333 205.000000
1215.000000 202.000000
1222.000000 199.333333
1228.666667 197.000000
1235.000000 194.666667
1240.666667 192.333333
1246.666667 190.000000
1253.000000 188.000000
1260.000000 186.000000
1267.000000 184.333333
1273.666667 182.666667
1279.666667 181.333333
1286.666667 180.000000
1299.333333 179.666667
1312.333333 180.000000
1323.666667 181.000000
1330.333333 182.000000
1336.333333 183.000000
1342.000000 184.000000
1346.000000 185.000000
1350.333333 186.000000
1355.000000 187.000000
1360.000000 188.000000
1365.000000 189.000000
1370.000000 190.333333
1374.666667 191.666667
1379.000000 193.000000
1383.000000 194.333333
1386.666667 196.000000
1390.000000 198.000000
1393.000000 200.333333
1396.000000 203.333333
1399.333333 206.666667
1403.000000 210.333333
1406.333333 213.333333
1409.666667 216.666667
1412.666667 220.000000
1416.333333 223.666667
1419.666667 227.333333
1423.000000 230.666667
1426.000000 234.000000
1428.666667 237.333333
1431.000000 241.000000
1433.000000 245.333333
1435.000000 250.000000
1436.666667 255.000000
1438.000000 260.333333
1439.000000 265.666667
1440.000000 271.000000
1440.666667 276.000000
1441.333333 281.000000
1441.666667 286.000000
1442.000000 291.000000
1442.000000 296.000000
1442.333333 301.333333
1442.666667 307.000000
1443.000000 312.666667
1442.666667 318.333333
1442.333333 323.333333
1442.000000 328.666667
1441.666667 333.666667
1441.333333 339.333333
1440.666667 345.000000
1440.000000 351.000000
1439.333333 357.000000
1438.666667 363.000000
1438.000000 368.666667
1437.000000 373.666667
1436.333333 378.333333
1435.666667 383.000000
1435.000000 387.666667
1434.000000 392.333333
1432.666667 397.333333
1431.333333 402.666667
1429.666667 408.333333
1427.666667 413.666667
1425.333333 419.000000
1422.666667 424.000000
1420.000000 429.000000
1416.666667 434.000000
1413.333333 439.333333
1409.666667 444.666667
1406.333333 450.666667
1403.000000 456.666667
1400.000000 462.666667
1397.000000 468.333333
1394.000000 473.666667
1391.333333 479.000000
1388.666667 484.000000
1385.666667 489.333333
1382.000000 495.000000
1378.000000 501.333333
1373.666667 507.666667
1369.000000 514.000000
1364.000000 519.666667
1359.333333 525.666667
1355.000000 531.666667
1351.000000 538.000000
1347.000000 544.333333
1343.333333 550.666667
1339.666667 557.000000
1336.000000 563.000000
1331.666667 568.666667
1326.666667 574.000000
1321.333333 579.333333
1316.000000 584.666667
1311.000000 590.000000
1306.000000 595.666667
1301.000000 601.666667
1296.000000 607.666667
1290.333333 613.000000
1284.333333 618.000000
1278.000000 622.666667
1272.333333 627.000000
1267.000000 631.000000
1262.000000 634.666667
1257.333333 638.333333
1253.000000 642.666667
1248.666667 647.666667
1243.333333 653.333333
1237.000000 658.666667
1230.333333 664.000000
1224.000000 669.000000
1218.000000 674.000000
1212.333333 678.666667
1207.000000 683.333333
1202.333333 688.000000
1197.333333 693.000000
1192.000000 698.333333
1186.000000 704.000000
1180.000000 709.333333
1174.333333 714.333333
1169.000000 718.666667
1164.333333 722.666667
1160.333333 726.666667
1156.666667 730.666667
1153.000000 735.000000
1149.333333 739.000000
1145.666667 743.000000
1141.666667 747.333333
1137.333333 751.666667
1132.333333 755.666667
1128.000000 759.000000
1123.666667 761.666667
1120.666667 764.000000
1117.666667 765.666667
1115.666667 767.000000
1114.000000 768.000000
1113.000000 769.000000
1112.000000 770.000000
1110.000000 771.000000
1108.000000 772.000000
1106.000000 773.333333
1105.000000 774.666667
1104.000000 776.000000
1103.000000 777.000000
1102.333333 778.000000
1101.666667 779.000000
1101.333333 780.000000
1100.666667 781.000000
1100.333333 781.333333
