866.333333 413.666667
866.666667 411.000000
867.333333 408.000000
868.000000 405.000000
868.666667 402.000000
869.666667 397.333333
870.666667 392.333333
872.000000 386.666667
873.000000 382.333333
874.000000 377.666667
874.666667 373.000000
875.333333 368.000000
875.666667 363.000000
876.000000 358.000000
876.000000 353.333333
876.000000 349.000000
876.333333 344.666667
877.000000 340.333333
878.000000 336.000000
879.000000 332.000000
880.333333 327.666667
882.333333 323.000000
884.666667 318.000000
887.333333 313.000000
890.000000 308.333333
893.333333 303.666667
896.666667 299.000000
900.000000 294.000000
903.000000 289.000000
906.333333 283.666667
909.666667 278.000000
913.000000 272.333333
915.666667 267.333333
918.666667 263.000000
921.666667 259.000000
925.333333 255.000000
929.333333 251.333333
934.000000 248.000000
938.666667 245.000000
943.333333 242.000000
947.666667 238.666667
954.000000 235.000000
960.333333 231.666667
967.000000 229.000000
972.000000 227.000000
977.000000 225.000000
982.000000 223.000000
987.000000 221.000000
991.666667 219.333333
996.333333 217.333333
1000.666667 215.333333
1005.000000 213.000000
1009.000000 211.000000
1013.000000 209.000000
1017.333333 207.333333
1021.666667 205.666667
1026.333333 204.333333
1032.333333 203.000000
1038.333333 202.000000
1051.333333 201.666667
1064.666667 202.000000
1079.666667 202.333333
1087.666667 202.666667
1095.000000 203.000000
1100.666667 204.000000
1106.666667 205.000000
1111.333333 206.000000
1115.333333 207.000000
1118.333333 208.333333
1121.000000 209.666667
1124.000000 211.000000
1127.000000 212.333333
1130.000000 214.000000
1133.333333 216.000000
1136.666667 217.666667
1140.000000 219.666667
1143.000000 221.333333
1145.666667 223.666667
1148.333333 225.666667
1151.333333 228.333333
1154.333333 230.666667
1157.333333 233.333333
1161.000000 237.333333
1165.000000 241.666667
1169.000000 246.333333
1171.666667 249.666667
1174.333333 253.000000
1176.666667 255.666667
1179.333333 258.666667
1182.000000 261.666667
1184.666667 265.000000
1187.000000 268.000000
1189.000000 271.333333
1191.000000 275.000000
1193.333333 280.000000
1195.333333 285.000000
1197.000000 290.000000
1198.000000 294.000000
1198.666667 298.000000
1199.333333 301.666667
1199.666667 305.333333
1200.333333 309.000000
1200.666667 312.666667
1201.000000 316.000000
1201.000000 319.000000
1201.000000 322.000000
1201.000000 325.000000
1200.666667 328.333333
1200.333333 331.666667
1200.000000 335.000000
1199.666667 338.000000
1199.333333 340.666667
1198.666667 343.666667
1198.000000 346.666667
1197.333333 350.333333
1196.666667 353.666667
1196.333333 357.000000
1195.666667 360.333333
1195.333333 363.666667
1194.666667 367.000000
1194.333333 370.333333
1193.666667 373.666667
1193.333333 376.666667
1193.000000 379.333333
1192.666667 382.000000
1192.000000 385.333333
1191.000000 389.000000
1190.000000 392.666667
1188.666667 396.333333
1187.333333 400.000000
1185.666667 404.333333
1184.000000 408.666667
1181.666667 413.333333
1179.333333 418.000000
1176.666667 422.666667
1174.000000 427.666667
1171.000000 432.666667
1167.666667 438.333333
1164.333333 444.000000
1161.000000 450.000000
1158.000000 456.000000
1155.000000 461.666667
1151.666667 467.333333
1148.333333 472.666667
1144.666667 478.333333
1140.666667 484.000000
1136.000000 490.000000
1131.333333 496.000000
1126.666667 502.000000
1122.333333 508.000000
1118.000000 513.666667
1114.000000 519.333333
1110.333333 524.666667
1106.666667 530.333333
1103.333333 536.000000
1099.666667 542.333333
1096.000000 548.666667
1092.000000 555.333333
1088.000000 562.000000
1083.666667 568.666667
1079.000000 575.333333
1074.333333 582.000000
1069.666667 588.666667
1065.333333 595.000000
1060.666667 601.000000
1056.333333 606.666667
1051.666667 612.333333
1046.666667 617.666667
1041.333333 622.666667
1035.666667 627.000000
1030.333333 631.000000
1025.000000 635.333333
1019.666667 639.666667
1014.333333 644.000000
1009.000000 648.333333
1003.666667 652.666667
998.666667 657.000000
993.333333 661.000000
988.333333 665.000000
983.333333 668.666667
979.000000 672.000000
975.000000 675.000000
971.333333 677.666667
968.000000 680.000000
965.000000 682.333333
962.000000 685.000000
959.000000 688.000000
956.000000 690.666667
953.000000 693.000000
950.000000 695.333333
947.333333 697.666667
944.666667 700.333333
942.333333 702.666667
940.000000 705.333333
937.666667 707.666667
935.333333 710.333333
932.666667 713.000000
930.333333 716.000000
927.666667 719.333333
925.333333 722.666667
923.000000 726.333333
920.666667 730.000000
918.333333 734.000000
915.666667 738.333333
913.333333 742.666667
910.666667 747.333333
908.333333 751.666667
906.333333 756.000000
904.666667 760.000000
903.000000 764.000000
901.000000 768.000000
899.333333 771.666667
898.000000 775.000000
897.000000 778.000000
896.000000 781.000000
894.666667 784.333333
893.000000 788.000000
891.000000 791.666667
889.333333 795.000000
888.000000 798.000000
886.666667 801.000000
885.333333 804.000000
884.000000 806.333333
883.333333 808.333333
882.666667 809.666667
