875.000000 430.666667
875.000000 429.000000
766.000000 427.333333
657.333333 425.333333
548.666667 422.666667
548.666667 419.666667
548.333333 416.333333
547.666667 413.000000
547.000000 409.000000
546.000000 405.000000
545.333333 401.000000
545.333333 396.666667
545.333333 392.000000
545.000000 386.666667
543.666667 380.666667
542.333333 374.333333
540.666667 367.333333
539.333333 360.666667
537.666667 353.333333
536.000000 346.000000
534.000000 338.333333
532.000000 330.666667
530.000000 323.333333
528.000000 316.000000
526.000000 309.000000
523.666667 302.000000
521.000000 295.000000
518.000000 288.000000
514.333333 281.000000
510.000000 274.000000
505.000000 267.333333
500.333333 261.000000
496.000000 255.000000
492.000000 249.000000
488.000000 243.333333
484.000000 237.666667
480.000000 232.000000
476.000000 226.333333
471.000000 220.666667
465.000000 215.000000
458.333333 209.333333
452.000000 204.333333
446.333333 199.666667
440.666667 195.333333
435.333333 191.000000
429.666667 187.000000
423.666667 182.666667
417.000000 178.666667
410.000000 175.333333
403.666667 172.666667
398.000000 170.333333
393.000000 168.000000
388.333333 166.333333
383.666667 164.666667
379.000000 163.333333
373.333333 162.000000
367.000000 161.000000
358.666667 160.000000
350.666667 159.666667
341.333333 160.000000
333.000000 161.333333
324.333333 163.333333
317.000000 166.000000
310.333333 169.000000
304.333333 172.000000
299.000000 175.333333
294.666667 178.666667
290.666667 182.333333
287.333333 185.666667
284.000000 189.666667
281.000000 193.666667
278.000000 198.333333
275.333333 203.666667
273.000000 209.666667
271.000000 216.000000
269.333333 222.000000
267.666667 228.333333
266.333333 234.666667
265.000000 241.333333
264.000000 248.333333
263.333333 255.666667
262.666667 263.000000
262.333333 270.000000
262.000000 276.666667
262.000000 283.333333
262.000000 290.333333
262.000000 297.666667
262.333333 305.333333
262.666667 312.333333
263.000000 319.333333
263.333333 325.666667
263.666667 332.333333
264.333333 339.000000
264.666667 346.000000
265.333333 353.000000
266.333333 360.000000
267.666667 367.000000
269.333333 373.666667
271.000000 380.000000
273.000000 386.333333
275.000000 392.666667
277.000000 399.000000
279.000000 405.333333
281.000000 412.000000
282.666667 418.666667
284.333333 425.333333
286.000000 432.000000
288.000000 439.000000
291.666667 449.000000
296.000000 459.333333
301.000000 469.333333
305.333333 476.666667
310.000000 483.666667
315.000000 491.000000
320.000000 497.666667
324.666667 504.333333
329.333333 510.666667
334.000000 517.000000
339.000000 523.000000
344.333333 529.333333
350.333333 535.666667
357.000000 542.666667
363.666667 549.333333
369.666667 556.333333
374.666667 562.666667
379.333333 569.000000
384.000000 575.000000
389.000000 581.000000
394.666667 587.333333
400.666667 593.666667
407.333333 600.333333
413.666667 606.666667
419.666667 613.333333
425.333333 619.666667
431.333333 626.333333
437.666667 632.333333
444.333333 638.666667
450.666667 644.333333
456.666667 650.333333
462.000000 656.000000
467.000000 662.000000
472.000000 667.666667
476.666667 673.333333
481.666667 679.000000
487.000000 685.000000
493.666667 691.666667
500.333333 698.333333
507.333333 705.000000
513.666667 711.000000
520.666667 717.333333
528.000000 723.666667
536.000000 730.000000
544.000000 736.000000
552.000000 742.000000
559.666667 748.000000
567.666667 754.333333
575.666667 760.333333
584.333333 766.000000
592.333333 770.666667
600.000000 775.333333
606.666667 779.666667
612.666667 784.333333
617.666667 788.666667
621.666667 793.000000
624.666667 796.666667
627.000000 800.333333
628.666667 803.666667
630.000000 806.666667
630.666667 809.000000
631.000000 810.666667
631.000000 812.000000
631.000000 813.000000
