781.333333 479.000000
778.333333 476.000000
777.000000 471.666667
776.000000 467.000000
775.000000 461.666667
774.333333 456.333333
773.666667 450.666667
773.333333 445.000000
772.666667 438.666667
772.333333 432.333333
771.666667 425.333333
771.000000 418.000000
770.000000 410.000000
769.000000 402.333333
767.666667 394.333333
766.333333 386.000000
764.666667 377.333333
763.000000 369.000000
761.000000 361.000000
758.666667 353.333333
756.000000 345.666667
752.333333 338.000000
748.000000 329.666667
743.000000 321.333333
738.333333 313.333333
733.666667 305.666667
729.000000 297.666667
724.333333 289.333333
720.000000 280.666667
715.666667 272.333333
710.666667 264.333333
704.666667 257.000000
698.000000 250.000000
691.333333 243.000000
685.333333 236.000000
679.666667 229.000000
673.666667 222.333333
666.333333 215.666667
658.333333 209.333333
650.000000 203.333333
642.333333 198.333333
635.000000 194.000000
628.000000 190.000000
620.000000 186.333333
611.666667 183.000000
603.333333 180.333333
596.000000 178.000000
589.666667 176.333333
584.000000 175.000000
579.333333 174.000000
575.333333 173.000000
570.666667 172.000000
565.333333 171.666667
557.666667 172.000000
551.000000 173.000000
545.000000 174.333333
541.000000 175.666667
537.666667 177.333333
534.666667 179.000000
532.000000 181.000000
529.333333 183.000000
526.666667 185.333333
524.333333 187.666667
521.666667 190.333333
519.000000 193.000000
515.333333 196.666667
511.000000 200.666667
506.333333 205.000000
502.000000 209.333333
498.000000 214.000000
494.333333 219.333333
491.000000 224.666667
488.000000 230.000000
485.666667 235.000000
483.666667 240.333333
482.333333 246.000000
481.333333 251.333333
480.666667 256.666667
480.333333 261.666667
480.000000 267.000000
480.333333 272.333333
480.666667 277.666667
481.333333 283.000000
481.666667 288.333333
482.333333 294.333333
483.333333 301.000000
484.666667 308.333333
486.000000 315.666667
487.333333 322.666667
489.000000 329.333333
491.000000 336.000000
493.333333 343.333333
495.666667 350.333333
498.000000 357.333333
500.000000 363.666667
502.000000 370.000000
504.000000 375.666667
506.333333 380.666667
509.000000 385.333333
512.000000 389.666667
515.000000 394.333333
517.666667 399.000000
520.333333 404.000000
522.666667 409.333333
525.333333 414.666667
528.000000 420.000000
530.666667 425.333333
533.333333 431.333333
536.000000 437.666667
539.000000 444.333333
542.333333 450.666667
546.333333 457.000000
550.666667 463.000000
554.666667 468.666667
558.333333 474.000000
561.666667 479.000000
565.000000 484.000000
568.000000 489.000000
571.333333 494.000000
574.666667 499.666667
578.666667 506.000000
582.666667 512.666667
588.000000 519.333333
593.666667 526.000000
600.000000 533.333333
606.000000 540.666667
611.666667 548.666667
617.000000 556.666667
622.333333 564.666667
628.333333 572.000000
635.333333 579.333333
642.666667 587.000000
650.333333 595.333333
657.666667 603.666667
665.666667 611.666667
674.333333 619.333333
683.666667 627.000000
692.666667 634.666667
701.000000 642.333333
709.666667 650.000000
719.333333 658.333333
730.000000 667.000000
740.666667 676.333333
751.000000 686.000000
761.333333 696.000000
772.333333 706.000000
783.333333 715.666667
794.000000 724.666667
803.666667 733.000000
813.333333 740.666667
823.000000 747.666667
832.333333 753.666667
840.333333 758.666667
846.666667 762.333333
851.333333 765.000000
854.666667 766.666667
857.000000 768.000000
858.666667 769.000000
860.000000 769.333333
860.666667 769.000000
861.000000 768.000000
861.000000 766.666667
