852.333333 363.333333
941.666667 360.666667
1031.000000 358.000000
1031.000000 354.666667
1031.000000 351.333333
1031.333333 348.000000
1031.666667 344.666667
1032.000000 341.000000
1032.333333 337.000000
1033.000000 333.000000
1034.333333 328.333333
1036.000000 323.000000
1038.000000 317.000000
1040.000000 311.000000
1041.666667 305.333333
1043.333333 299.666667
1044.666667 293.666667
1046.333333 287.000000
1047.666667 280.000000
1049.000000 273.000000
1050.333333 266.333333
1051.666667 260.333333
1053.000000 254.666667
1054.333333 249.333333
1056.000000 243.666667
1058.000000 238.333333
1060.333333 232.666667
1063.000000 227.333333
1066.000000 221.666667
1069.333333 216.333333
1073.333333 211.333333
1077.666667 207.000000
1082.333333 202.666667
1086.666667 198.333333
1091.000000 194.000000
1095.000000 189.666667
1099.333333 185.333333
1103.666667 180.666667
1108.333333 176.000000
1113.333333 171.000000
1118.666667 166.000000
1124.333333 161.333333
1129.666667 157.333333
1135.000000 153.666667
1139.666667 150.333333
1144.000000 147.000000
1148.333333 144.000000
1153.000000 141.000000
1158.333333 138.000000
1164.000000 135.000000
1170.000000 132.000000
1175.666667 129.000000
1181.000000 126.333333
1185.666667 124.000000
1190.333333 121.666667
1195.000000 119.333333
1200.000000 117.000000
1205.333333 115.000000
1211.333333 113.000000
1217.666667 111.000000
1224.000000 109.333333
1229.666667 108.000000
1235.000000 107.000000
1240.333333 106.000000
1247.666667 105.000000
1255.666667 104.000000
1269.000000 103.000000
1281.666667 102.666667
1297.000000 103.000000
1306.333333 104.000000
1315.333333 105.000000
1320.666667 106.000000
1326.000000 107.000000
1330.000000 108.000000
1333.666667 109.000000
1336.666667 110.000000
1339.333333 111.333333
1341.666667 113.000000
1344.000000 114.666667
1346.000000 116.333333
1348.000000 118.000000
1350.333333 120.333333
1352.666667 122.666667
1355.333333 125.333333
1357.666667 127.666667
1360.333333 130.333333
1362.666667 132.666667
1365.000000 135.333333
1367.333333 137.666667
1369.666667 140.000000
1371.666667 142.000000
1373.666667 144.333333
1375.666667 146.666667
1377.666667 149.333333
1379.333333 152.000000
1381.000000 155.000000
1382.666667 158.333333
1384.333333 162.333333
1385.666667 167.000000
1387.000000 172.000000
1388.000000 176.666667
1389.000000 181.333333
1390.000000 185.666667
1390.666667 190.000000
1391.333333 194.333333
1392.000000 199.000000
1392.666667 204.000000
1393.333333 209.333333
1393.666667 214.666667
1394.000000 220.333333
1394.000000 225.666667
1394.000000 231.000000
1394.000000 236.000000
1394.000000 241.000000
1394.000000 246.000000
1393.666667 251.000000
1393.000000 256.333333
1392.333333 261.666667
1391.666667 267.333333
1391.000000 273.000000
1390.000000 278.333333
1389.000000 283.333333
1388.000000 288.000000
1386.666667 293.000000
1385.000000 298.000000
1382.666667 303.333333
1380.000000 309.000000
1376.666667 315.000000
1373.333333 321.000000
1369.333333 327.000000
1365.333333 333.000000
1361.000000 339.000000
1357.000000 345.333333
1353.000000 352.000000
1349.333333 358.666667
1346.000000 365.333333
1342.666667 371.333333
1339.000000 377.666667
1335.000000 383.333333
1330.666667 389.000000
1326.000000 394.333333
1321.000000 400.000000
1315.666667 406.000000
1310.666667 412.000000
1305.666667 417.666667
1301.333333 423.333333
1296.666667 428.666667
1292.333333 434.000000
1287.333333 439.000000
1282.333333 444.333333
1276.666667 450.000000
1271.000000 455.666667
1265.333333 461.333333
1260.333333 466.666667
1255.666667 472.333333
1251.000000 477.666667
1246.000000 483.333333
1240.666667 488.666667
1235.000000 494.666667
1229.000000 500.666667
1223.000000 507.000000
1217.333333 513.000000
1212.000000 518.666667
1207.000000 524.333333
1202.000000 530.000000
1196.666667 536.333333
1191.333333 542.666667
1185.666667 549.666667
1180.333333 556.333333
1174.666667 562.666667
1169.333333 568.333333
1164.333333 573.666667
1159.666667 579.333333
1155.333333 585.000000
1150.666667 591.333333
1146.000000 597.666667
1140.666667 604.000000
1135.333333 610.000000
1130.000000 616.000000
1125.000000 621.666667
1120.000000 627.000000
1115.333333 632.333333
1110.666667 638.000000
1106.333333 643.666667
1102.000000 649.333333
1098.000000 654.666667
1093.666667 660.000000
1089.000000 665.000000
1084.000000 670.000000
1079.333333 674.666667
1075.000000 679.000000
1071.333333 682.666667
1068.333333 686.000000
1065.666667 689.333333
1063.333333 692.666667
1061.333333 696.666667
1060.000000 700.666667
1059.000000 705.000000
1058.000000 709.000000
1057.333333 712.666667
1056.666667 716.000000
1056.333333 719.000000
1056.000000 721.333333
1056.000000 723.333333
1056.000000 724.666667
1056.000000 726.000000
1056.666667 725.333333
