856.666667 381.000000
857.000000 380.000000
857.000000 379.000000
857.000000 378.000000
857.000000 376.666667
857.333333 375.000000
857.666667 372.666667
858.000000 370.333333
858.000000 367.333333
858.333333 364.666667
858.666667 361.333333
859.333333 358.333333
859.666667 355.000000
860.000000 352.000000
860.333333 349.000000
861.000000 345.666667
862.000000 342.666667
863.000000 339.000000
864.000000 335.333333
865.333333 331.000000
866.666667 326.666667
868.333333 322.000000
870.000000 317.333333
872.333333 313.000000
874.666667 309.333333
877.333333 305.666667
880.000000 302.333333
883.000000 298.666667
886.333333 295.000000
890.000000 291.333333
893.666667 288.000000
897.333333 284.666667
900.666667 281.333333
904.000000 277.666667
906.666667 274.333333
909.666667 270.666667
912.666667 267.333333
916.000000 264.000000
919.333333 261.000000
923.000000 258.333333
927.333333 255.666667
931.666667 253.333333
936.333333 251.000000
940.333333 248.666667
944.333333 246.333333
948.000000 243.666667
951.666667 241.333333
955.000000 239.333333
958.333333 237.666667
962.000000 236.000000
966.000000 234.333333
970.000000 232.666667
974.000000 231.000000
978.333333 229.000000
982.666667 227.333333
987.333333 225.666667
991.666667 224.000000
995.666667 222.000000
999.333333 220.000000
1002.666667 218.333333
1006.333333 216.666667
1010.000000 215.000000
1014.000000 213.000000
1018.000000 210.666667
1022.333333 208.333333
1027.000000 206.000000
1031.666667 204.333333
1036.000000 202.666667
1040.000000 201.333333
1044.000000 200.000000
1047.666667 199.000000
1051.000000 198.000000
1055.666667 197.000000
1063.333333 196.666667
1080.666667 197.000000
1097.333333 198.000000
1112.666667 199.000000
1118.666667 200.000000
1124.000000 201.000000
1128.000000 202.000000
1131.666667 203.000000
1135.333333 204.000000
1138.666667 205.000000
1141.666667 206.333333
1144.333333 207.666667
1146.666667 209.333333
1149.333333 211.000000
1151.666667 213.000000
1154.333333 215.000000
1156.666667 217.000000
1159.000000 219.000000
1161.000000 221.000000
1163.000000 223.000000
1165.000000 225.333333
1167.000000 227.666667
1169.000000 230.000000
1171.000000 232.000000
1173.000000 233.666667
1174.666667 235.333333
1176.333333 237.000000
1178.000000 238.666667
1179.666667 240.333333
1181.666667 242.333333
1183.666667 245.000000
1186.000000 248.333333
1188.000000 252.333333
1189.666667 257.000000
1191.333333 262.000000
1192.666667 267.000000
1194.000000 272.000000
1195.000000 276.333333
1196.000000 280.333333
1196.666667 284.000000
1197.333333 288.000000
1198.000000 291.666667
1198.666667 295.333333
1199.000000 299.333333
1199.333333 304.000000
1199.666667 309.000000
1200.333333 314.000000
1200.666667 319.000000
1201.000000 324.000000
1201.333333 329.000000
1201.666667 334.000000
1202.000000 339.000000
1202.000000 344.000000
1202.000000 349.000000
1202.000000 354.000000
1202.000000 359.333333
1202.000000 364.666667
1201.666667 369.666667
1201.333333 374.333333
1200.666667 378.666667
1200.000000 383.000000
1199.333333 387.000000
1198.666667 391.000000
1198.333333 395.333333
1197.666667 400.000000
1197.000000 405.000000
1196.000000 410.000000
1195.000000 415.000000
1193.666667 420.000000
1192.333333 425.000000
1190.666667 429.666667
1188.666667 434.333333
1186.333333 439.000000
1183.666667 444.333333
1180.666667 449.666667
1177.000000 455.333333
1173.000000 461.333333
1169.000000 467.333333
1165.000000 473.666667
1161.000000 480.000000
1157.000000 487.333333
1152.666667 494.666667
1148.000000 502.333333
1142.666667 510.000000
1136.666667 517.666667
1130.000000 525.333333
1123.333333 533.333333
1116.666667 541.666667
1110.333333 550.000000
1103.666667 557.666667
1097.000000 565.000000
1090.000000 572.000000
1083.333333 578.666667
1076.666667 585.666667
1070.333333 592.666667
1064.666667 600.000000
1059.333333 606.666667
1054.333333 613.000000
1049.000000 619.000000
1044.000000 624.666667
1039.000000 630.333333
1034.000000 636.000000
1029.000000 641.666667
1024.333333 647.000000
1020.000000 651.666667
1016.333333 656.333333
1013.000000 660.666667
1010.000000 664.666667
1007.333333 668.000000
1004.666667 671.333333
1002.000000 674.666667
998.666667 678.333333
994.666667 682.333333
990.333333 687.000000
985.666667 692.333333
981.000000 697.666667
976.333333 703.333333
972.000000 708.666667
968.000000 713.666667
964.000000 718.000000
960.333333 722.000000
956.666667 726.000000
953.000000 730.333333
949.000000 734.666667
945.000000 739.000000
941.000000 743.000000
937.000000 747.333333
933.000000 751.666667
929.000000 756.000000
925.000000 760.000000
921.000000 764.000000
917.000000 767.666667
913.000000 771.333333
909.000000 774.666667
905.000000 778.000000
901.333333 781.000000
897.666667 783.666667
894.000000 786.333333
890.333333 788.666667
887.000000 791.000000
884.333333 793.000000
882.000000 795.000000
880.333333 797.000000
878.666667 798.666667
877.333333 800.000000
876.000000 801.333333
875.333333 802.666667
874.666667 804.000000
874.000000 805.000000
