758.000000 392.000000
758.000000 387.333333
758.333333 382.333333
758.666667 376.333333
759.000000 370.333333
759.000000 364.000000
759.000000 358.000000
758.666667 352.000000
758.333333 346.000000
758.000000 339.666667
757.666667 333.666667
757.333333 327.666667
756.666667 322.333333
756.333333 316.666667
755.333333 311.333333
754.333333 306.333333
752.666667 301.666667
751.000000 297.333333
748.333333 292.666667
745.333333 288.000000
741.666667 283.000000
738.000000 277.666667
734.333333 272.333333
730.666667 266.666667
727.333333 261.333333
724.000000 256.000000
720.666667 251.000000
717.000000 246.000000
712.666667 241.000000
707.666667 235.666667
701.666667 230.666667
695.666667 225.666667
690.000000 221.333333
685.000000 217.000000
680.000000 213.333333
675.000000 209.666667
669.666667 206.333333
664.333333 203.333333
658.333333 201.000000
652.666667 199.000000
646.666667 197.333333
639.666667 196.000000
625.666667 195.666667
611.333333 196.000000
597.000000 197.000000
589.666667 198.000000
583.333333 199.000000
577.333333 200.000000
571.000000 201.000000
563.666667 202.000000
557.333333 203.000000
551.333333 204.000000
546.000000 205.333333
541.000000 207.000000
536.000000 209.000000
531.333333 211.666667
527.000000 214.666667
522.333333 218.333333
517.000000 222.000000
511.333333 226.000000
506.000000 230.000000
501.333333 233.666667
497.000000 237.333333
493.000000 241.000000
489.000000 245.333333
485.333333 250.000000
482.333333 255.000000
479.666667 260.333333
477.333333 266.000000
475.000000 271.666667
473.000000 277.333333
471.333333 283.333333
469.666667 290.000000
468.333333 297.000000
466.666667 304.000000
465.000000 311.333333
463.000000 318.666667
461.000000 326.333333
459.333333 334.333333
458.000000 342.666667
457.333333 351.000000
456.666667 359.000000
456.333333 366.666667
456.000000 373.666667
456.333333 380.000000
457.000000 385.666667
458.333333 391.333333
459.666667 396.666667
461.000000 402.000000
462.000000 406.666667
462.666667 411.666667
463.333333 416.666667
464.000000 422.000000
464.666667 427.000000
465.666667 432.333333
466.666667 438.000000
468.000000 444.000000
469.333333 450.000000
471.000000 456.333333
473.000000 462.666667
474.666667 468.666667
476.333333 474.000000
478.000000 479.000000
480.000000 484.000000
482.333333 489.000000
484.666667 494.000000
488.000000 499.000000
492.000000 504.333333
497.000000 509.666667
502.333333 515.333333
507.666667 521.000000
513.333333 527.333333
518.666667 533.666667
524.333333 540.666667
530.000000 548.000000
536.333333 555.666667
543.000000 563.000000
550.000000 570.000000
556.666667 577.333333
563.000000 584.666667
569.333333 592.000000
576.666667 599.333333
585.000000 607.000000
593.666667 614.666667
602.000000 622.000000
610.333333 629.333333
619.666667 637.333333
629.666667 645.666667
639.666667 654.000000
649.000000 661.666667
657.666667 669.000000
667.000000 676.333333
676.666667 684.000000
687.000000 692.000000
696.666667 700.000000
706.333333 708.000000
716.333333 716.000000
727.000000 724.000000
737.000000 732.000000
746.000000 739.666667
754.000000 747.000000
762.000000 754.000000
770.333333 761.000000
779.000000 768.000000
787.333333 774.666667
795.000000 781.333333
801.333333 788.000000
807.000000 794.333333
811.333333 800.000000
814.666667 804.666667
817.000000 808.666667
818.333333 811.333333
819.333333 813.333333
819.666667 814.666667
820.000000 816.000000
820.000000 816.333333
819.666667 816.000000
819.333333 815.000000
819.000000 814.000000
819.000000 813.000000
