881.000000 364.333333
881.000000 362.666667
881.000000 361.000000
881.000000 359.333333
881.000000 357.333333
881.000000 355.333333
881.333333 353.000000
881.666667 350.666667
882.000000 348.333333
882.333333 345.666667
883.000000 343.333333
884.333333 340.666667
885.666667 338.000000
887.666667 334.666667
889.666667 331.000000
892.000000 327.333333
894.333333 323.333333
896.666667 319.333333
899.000000 315.000000
901.000000 311.000000
903.000000 307.333333
905.000000 303.666667
907.000000 300.000000
909.000000 296.333333
911.333333 292.666667
913.666667 289.000000
916.333333 285.000000
919.000000 281.333333
922.333333 277.333333
925.666667 273.333333
929.333333 269.000000
933.000000 265.000000
937.000000 261.000000
941.000000 257.333333
944.666667 254.000000
948.000000 251.000000
951.000000 248.000000
954.000000 245.000000
957.333333 242.333333
962.333333 238.666667
967.666667 235.333333
973.333333 231.666667
978.000000 229.333333
983.000000 227.000000
987.666667 225.333333
992.000000 223.666667
996.000000 222.000000
1000.000000 220.000000
1003.666667 217.666667
1007.333333 215.000000
1011.000000 212.333333
1015.000000 210.000000
1019.333333 207.666667
1023.666667 205.333333
1028.000000 203.000000
1032.333333 201.000000
1036.666667 199.000000
1040.666667 197.333333
1044.333333 196.000000
1047.666667 195.000000
1051.333333 194.000000
1058.666667 193.000000
1071.666667 192.000000
1087.666667 191.666667
1106.000000 192.000000
1120.333333 193.000000
1131.333333 194.000000
1136.000000 195.000000
1139.333333 196.000000
1142.333333 197.000000
1145.333333 198.000000
1147.666667 199.000000
1150.333333 200.333333
1153.000000 202.000000
1156.333333 204.333333
1159.666667 207.000000
1163.000000 210.000000
1166.333333 213.000000
1169.666667 216.000000
1173.333333 219.333333
1176.666667 222.666667
1179.666667 226.333333
1182.333333 229.666667
1185.000000 233.000000
1187.666667 236.000000
1190.000000 238.666667
1192.000000 241.333333
1194.333333 244.333333
1196.333333 247.666667
1198.333333 251.333333
1199.666667 254.666667
1201.000000 258.000000
1202.000000 260.666667
1203.000000 263.333333
1204.000000 266.000000
1205.000000 269.000000
1206.000000 272.000000
1206.666667 275.333333
1207.333333 279.000000
1207.666667 283.000000
1208.333333 287.000000
1209.000000 291.333333
1209.666667 296.333333
1210.333333 302.000000
1210.333333 308.000000
1210.333333 314.333333
1209.666667 320.666667
1209.000000 327.333333
1208.000000 335.666667
1207.000000 344.333333
1206.000000 352.666667
1204.666667 359.333333
1203.333333 365.333333
1201.666667 371.333333
1200.333333 377.000000
1198.000000 385.000000
1195.666667 393.000000
1192.666667 401.666667
1190.000000 408.666667
1186.666667 416.000000
1183.000000 423.000000
1179.000000 430.000000
1174.666667 437.333333
1170.333333 444.666667
1166.000000 452.333333
1162.000000 459.666667
1158.000000 467.000000
1154.000000 473.666667
1149.666667 480.333333
1144.666667 487.333333
1139.000000 494.666667
1133.000000 501.666667
1126.666667 508.666667
1120.333333 515.333333
1113.666667 522.333333
1107.000000 529.000000
1100.000000 536.000000
1093.000000 543.000000
1085.666667 550.000000
1078.666667 557.000000
1072.000000 563.666667
1064.666667 572.000000
1057.666667 580.000000
1051.000000 588.000000
1045.666667 594.000000
1040.000000 600.333333
1034.000000 606.666667
1028.333333 613.333333
1023.000000 619.333333
1017.666667 625.666667
1012.000000 631.666667
1006.000000 638.333333
1000.000000 645.000000
994.000000 651.666667
987.666667 658.000000
981.333333 664.000000
975.333333 670.000000
967.666667 678.000000
959.666667 686.333333
951.000000 695.000000
944.000000 702.000000
937.000000 708.666667
930.000000 715.333333
923.666667 722.000000
918.333333 728.333333
914.000000 734.000000
910.333333 739.000000
907.333333 743.666667
905.000000 748.000000
903.333333 751.666667
902.000000 755.000000
901.000000 758.000000
900.333333 760.333333
900.000000 762.000000
900.000000 763.000000
900.000000 764.000000
900.333333 764.000000
901.000000 762.333333
