680.666667 426.000000
680.333333 424.666667
680.000000 423.333333
680.000000 421.666667
680.000000 420.000000
680.000000 417.666667
679.666667 415.333333
679.333333 413.000000
679.000000 410.666667
679.000000 408.333333
679.000000 406.000000
679.000000 403.666667
679.000000 401.666667
679.000000 399.333333
679.000000 397.666667
679.000000 395.333333
679.000000 393.333333
679.000000 390.666667
678.666667 388.000000
678.000000 384.666667
677.333333 381.000000
676.666667 377.000000
676.000000 372.666667
675.000000 368.333333
674.333333 364.000000
673.666667 360.000000
673.000000 356.333333
672.000000 352.666667
671.000000 349.333333
670.000000 346.000000
669.000000 342.666667
668.000000 339.333333
666.666667 336.000000
665.000000 332.666667
663.000000 329.000000
660.666667 325.000000
657.333333 321.000000
653.333333 317.000000
648.666667 313.000000
644.333333 309.000000
640.000000 305.333333
636.333333 301.666667
633.000000 298.333333
630.000000 295.000000
627.000000 292.000000
623.666667 288.666667
620.333333 285.000000
617.000000 281.000000
613.333333 277.000000
609.000000 273.000000
604.000000 269.333333
599.333333 265.666667
595.000000 262.333333
591.000000 259.000000
587.333333 256.000000
584.000000 253.333333
580.666667 250.666667
577.333333 248.333333
573.666667 245.666667
570.000000 243.333333
565.000000 240.666667
559.333333 238.333333
553.000000 236.333333
547.333333 235.000000
542.000000 233.666667
537.000000 232.333333
532.333333 231.000000
524.000000 230.000000
513.666667 229.666667
501.333333 230.000000
491.333333 231.000000
483.666667 232.000000
478.000000 233.000000
474.000000 234.333333
469.000000 236.000000
463.333333 238.000000
457.333333 240.000000
452.000000 242.000000
447.333333 244.000000
443.000000 246.333333
439.000000 249.000000
435.000000 252.333333
431.000000 255.666667
427.333333 259.333333
423.333333 263.000000
419.666667 266.666667
415.333333 270.666667
411.333333 274.666667
407.333333 279.000000
404.333333 283.000000
402.000000 287.000000
400.000000 291.000000
398.000000 295.000000
396.333333 299.333333
395.333333 304.000000
394.666667 309.000000
394.333333 314.000000
394.000000 319.000000
394.000000 324.000000
394.000000 329.333333
394.000000 334.666667
394.000000 341.000000
394.333333 347.666667
394.666667 355.000000
395.333333 362.000000
396.000000 368.666667
397.333333 375.000000
399.000000 380.666667
400.666667 385.666667
402.333333 390.333333
404.000000 394.666667
406.000000 399.000000
408.333333 403.000000
411.000000 407.333333
414.000000 412.000000
416.666667 417.333333
419.333333 423.000000
421.666667 429.000000
424.000000 435.333333
426.000000 442.000000
428.000000 448.666667
429.666667 455.000000
431.000000 460.666667
432.333333 466.333333
433.666667 471.333333
435.333333 476.000000
436.666667 479.666667
438.333333 483.333333
440.333333 487.000000
443.000000 490.666667
446.666667 494.666667
451.000000 498.666667
456.000000 503.333333
460.666667 507.666667
465.333333 512.333333
470.000000 517.000000
475.000000 522.000000
480.666667 527.333333
486.666667 532.666667
493.333333 538.666667
500.000000 544.666667
506.666667 551.000000
512.666667 557.000000
518.333333 563.000000
523.666667 568.666667
529.333333 574.333333
535.333333 579.666667
542.000000 585.000000
548.666667 590.333333
555.000000 595.666667
560.666667 600.666667
566.000000 605.666667
571.000000 610.666667
576.000000 615.666667
581.333333 620.666667
587.333333 625.333333
593.666667 630.333333
600.000000 635.000000
605.666667 640.000000
611.333333 645.333333
616.666667 651.000000
622.000000 657.333333
627.333333 663.333333
633.333333 669.666667
639.666667 675.666667
646.000000 682.333333
651.666667 688.666667
657.000000 695.000000
661.666667 701.000000
666.000000 706.666667
670.000000 711.666667
674.000000 716.000000
678.666667 720.333333
684.333333 724.666667
691.000000 729.333333
697.666667 734.000000
703.666667 739.333333
709.333333 745.000000
714.666667 751.000000
719.666667 756.666667
724.000000 762.000000
728.333333 766.666667
732.333333 770.666667
736.000000 774.000000
739.333333 777.000000
742.333333 779.666667
745.000000 781.666667
747.000000 783.000000
748.666667 784.000000
751.666667 785.000000
755.333333 786.000000
760.000000 787.000000
763.000000 788.000000
765.333333 789.000000
767.000000 789.333333
