893.000000 387.000000
884.333333 386.000000
883.333333 384.666667
882.333333 383.333333
882.000000 382.000000
881.666667 380.666667
881.333333 379.333333
881.000000 377.666667
881.000000 376.000000
881.000000 374.000000
881.000000 372.000000
881.000000 369.666667
881.000000 367.000000
881.000000 364.000000
880.666667 361.000000
880.333333 358.000000
880.000000 355.000000
880.333333 352.000000
880.666667 349.333333
881.000000 346.666667
881.000000 344.000000
881.000000 340.666667
881.333333 337.333333
882.000000 333.333333
883.333333 329.000000
885.000000 324.000000
887.000000 319.000000
889.666667 313.666667
892.333333 308.333333
895.333333 303.000000
898.000000 297.666667
901.000000 292.000000
904.333333 285.666667
907.666667 279.333333
911.000000 273.000000
914.666667 266.666667
918.666667 260.333333
923.000000 254.666667
927.333333 249.666667
932.333333 245.000000
937.666667 240.000000
943.000000 235.000000
948.000000 230.333333
953.000000 225.333333
958.666667 220.333333
965.000000 215.000000
972.333333 210.000000
979.666667 205.333333
987.000000 200.666667
994.000000 196.333333
1001.000000 192.000000
1008.333333 188.333333
1015.666667 185.000000
1023.333333 182.333333
1030.333333 179.666667
1037.333333 177.333333
1044.000000 175.000000
1051.000000 173.333333
1061.000000 172.000000
1074.000000 171.666667
1087.000000 172.000000
1097.000000 173.333333
1104.333333 174.666667
1111.666667 176.333333
1119.000000 178.000000
1125.666667 179.666667
1131.666667 181.333333
1137.000000 183.000000
1141.666667 185.000000
1146.333333 186.666667
1150.333333 188.333333
1154.000000 189.666667
1157.666667 191.333333
1161.666667 193.000000
1166.000000 195.000000
1170.333333 197.000000
1174.666667 199.333333
1179.000000 202.000000
1183.000000 205.000000
1187.000000 208.000000
1190.333333 211.000000
1193.666667 214.333333
1196.333333 218.000000
1199.333333 222.000000
1201.666667 226.000000
1204.000000 229.666667
1206.000000 233.333333
1207.666667 236.666667
1209.333333 240.000000
1211.000000 243.333333
1213.000000 246.666667
1215.000000 250.333333
1216.666667 254.000000
1218.333333 258.000000
1219.666667 262.000000
1221.000000 266.333333
1222.000000 270.666667
1223.333333 275.000000
1224.666667 279.000000
1226.000000 283.000000
1227.000000 287.000000
1228.000000 291.000000
1228.666667 295.333333
1229.333333 300.000000
1229.666667 305.000000
1230.000000 310.333333
1230.000000 315.666667
1229.666667 321.000000
1229.000000 326.333333
1228.000000 332.333333
1227.000000 339.000000
1225.666667 346.000000
1224.333333 353.333333
1222.666667 360.333333
1221.000000 367.333333
1219.000000 373.666667
1217.000000 380.000000
1215.000000 386.333333
1213.000000 392.666667
1210.666667 399.333333
1208.333333 405.666667
1206.000000 412.333333
1203.666667 418.333333
1201.333333 424.666667
1198.666667 430.666667
1195.666667 437.333333
1192.000000 444.000000
1188.000000 451.333333
1183.666667 458.666667
1179.000000 466.000000
1174.000000 473.333333
1168.666667 481.000000
1163.666667 489.000000
1158.666667 497.333333
1154.000000 505.333333
1148.666667 513.333333
1143.333333 520.666667
1137.666667 528.000000
1131.666667 535.000000
1125.333333 542.333333
1119.000000 549.666667
1113.333333 557.333333
1108.000000 564.333333
1102.333333 571.333333
1096.000000 578.000000
1089.000000 585.333333
1082.000000 592.666667
1075.000000 600.333333
1068.333333 608.000000
1061.666667 615.333333
1054.666667 623.000000
1047.000000 630.333333
1038.666667 638.666667
1030.333333 646.666667
1022.333333 655.000000
1014.333333 663.333333
1006.000000 672.000000
997.000000 681.333333
987.666667 691.000000
978.666667 701.000000
969.666667 711.333333
960.666667 722.000000
951.333333 733.000000
942.000000 743.666667
933.666667 753.666667
926.000000 763.333333
919.666667 773.000000
914.000000 782.333333
909.666667 790.333333
906.333333 796.666667
904.000000 802.000000
902.333333 806.333333
901.333333 809.333333
900.666667 811.333333
