878.000000 346.000000
877.333333 345.000000
877.000000 344.000000
877.000000 343.000000
877.000000 341.333333
877.000000 339.333333
877.333333 336.333333
878.000000 333.000000
879.333333 329.000000
881.333333 324.333333
883.666667 319.000000
886.000000 313.333333
888.000000 308.000000
890.000000 303.333333
892.333333 298.666667
894.666667 294.333333
897.000000 289.666667
899.333333 284.666667
901.666667 279.333333
904.000000 274.333333
906.000000 269.333333
908.333333 264.333333
911.666667 257.333333
915.666667 250.333333
920.000000 243.000000
924.000000 237.000000
928.000000 231.333333
931.666667 226.666667
935.666667 222.333333
939.666667 218.666667
944.000000 214.000000
947.666667 210.000000
951.666667 205.666667
955.666667 201.666667
960.333333 197.333333
965.333333 192.666667
971.000000 188.333333
977.000000 184.000000
982.666667 179.666667
988.000000 175.333333
993.000000 171.000000
998.000000 167.000000
1003.000000 162.666667
1008.333333 158.333333
1014.333333 154.000000
1021.000000 150.333333
1027.666667 147.000000
1034.333333 144.000000
1040.666667 141.333333
1047.666667 138.666667
1055.000000 136.333333
1063.333333 134.000000
1071.333333 132.333333
1079.333333 131.000000
1086.666667 129.666667
1097.000000 128.333333
1112.666667 127.666667
1128.333333 128.000000
1140.666667 129.333333
1147.666667 130.666667
1154.666667 132.333333
1162.333333 134.000000
1169.333333 136.000000
1176.000000 137.666667
1181.666667 139.333333
1187.000000 141.000000
1192.000000 143.000000
1196.666667 145.000000
1201.333333 147.333333
1205.666667 149.666667
1210.333333 152.333333
1215.000000 155.333333
1219.666667 159.000000
1224.333333 163.333333
1228.666667 168.000000
1233.333333 173.000000
1237.666667 178.000000
1242.000000 183.333333
1245.666667 189.000000
1249.333333 194.666667
1252.666667 200.666667
1256.000000 206.333333
1259.000000 212.666667
1261.666667 218.333333
1264.000000 224.000000
1266.000000 228.666667
1268.000000 233.000000
1270.000000 237.000000
1271.666667 241.333333
1273.333333 246.333333
1274.666667 252.000000
1276.000000 257.666667
1277.000000 263.333333
1277.666667 269.000000
1278.000000 274.666667
1278.000000 280.000000
1278.000000 285.000000
1278.000000 290.333333
1277.666667 295.666667
1277.000000 301.000000
1276.000000 306.000000
1274.666667 311.333333
1273.000000 316.666667
1271.000000 322.333333
1268.666667 328.000000
1266.000000 334.333333
1263.000000 341.000000
1260.000000 348.333333
1256.666667 356.000000
1253.333333 364.000000
1250.333333 371.333333
1247.333333 378.666667
1244.000000 386.000000
1240.000000 393.666667
1235.666667 401.333333
1231.000000 409.000000
1225.666667 417.333333
1220.333333 425.666667
1215.000000 434.666667
1210.333333 443.666667
1206.000000 453.000000
1202.000000 462.000000
1198.000000 471.000000
1193.666667 479.666667
1189.333333 488.333333
1184.666667 496.666667
1180.333333 505.000000
1176.000000 512.666667
1171.666667 520.000000
1167.000000 527.000000
1162.333333 534.333333
1158.000000 541.666667
1153.666667 549.333333
1149.333333 556.666667
1144.666667 563.666667
1139.666667 570.333333
1134.000000 577.000000
1128.000000 584.000000
1122.000000 591.000000
1116.333333 598.000000
1111.000000 605.000000
1105.666667 611.666667
1100.000000 618.000000
1094.000000 624.333333
1087.333333 631.000000
1080.666667 637.666667
1073.666667 644.333333
1067.333333 650.666667
1061.000000 657.333333
1054.666667 663.666667
1048.000000 670.000000
1041.000000 676.333333
1034.000000 682.666667
1027.333333 689.333333
1021.000000 695.666667
1015.000000 702.000000
1008.666667 707.666667
1002.333333 713.333333
995.333333 718.666667
988.666667 724.000000
981.666667 728.666667
975.333333 733.333333
968.666667 738.000000
962.333333 743.000000
956.000000 748.000000
950.000000 752.666667
944.000000 757.333333
938.000000 761.666667
932.666667 765.333333
928.333333 768.333333
925.000000 770.333333
922.666667 772.000000
921.000000 773.333333
919.666667 774.666667
918.666667 776.000000
917.666667 777.000000
917.333333 778.000000
917.000000 779.000000
