621.666667 375.666667
622.333333 373.666667
622.666667 371.333333
623.000000 368.666667
623.000000 365.666667
623.000000 362.000000
623.000000 358.000000
623.000000 354.000000
623.000000 350.000000
622.666667 346.333333
622.333333 342.333333
621.666667 338.333333
621.333333 334.000000
621.000000 329.666667
620.666667 325.333333
620.333333 320.666667
619.666667 316.000000
619.000000 311.333333
618.000000 307.000000
617.000000 303.000000
616.000000 299.333333
614.666667 295.333333
613.000000 291.333333
610.666667 287.000000
608.000000 282.666667
605.333333 278.333333
602.333333 273.333333
599.333333 268.333333
595.666667 263.000000
592.333333 258.000000
588.666667 253.000000
585.333333 248.000000
581.666667 242.666667
578.000000 237.000000
573.666667 231.000000
569.333333 225.000000
564.666667 219.000000
560.000000 213.333333
554.666667 208.000000
549.333333 203.333333
544.000000 199.000000
539.333333 195.000000
535.000000 191.000000
530.666667 187.000000
525.666667 183.000000
520.000000 179.000000
514.000000 175.000000
508.000000 171.333333
502.000000 168.000000
496.333333 165.000000
491.000000 162.000000
486.000000 159.333333
481.000000 157.000000
476.333333 155.333333
471.666667 153.666667
465.000000 152.333333
455.333333 151.666667
445.666667 152.000000
438.333333 153.000000
434.000000 154.333333
430.000000 156.000000
425.333333 158.000000
420.666667 160.333333
415.666667 162.666667
411.333333 165.000000
406.666667 167.000000
402.333333 169.333333
398.333333 171.666667
394.666667 174.000000
391.000000 176.000000
387.333333 178.333333
383.666667 181.000000
380.000000 184.000000
375.666667 187.000000
371.333333 190.000000
366.666667 193.000000
362.666667 195.666667
359.000000 198.000000
356.000000 199.666667
353.333333 201.333333
351.000000 202.666667
349.000000 204.333333
347.000000 206.000000
345.000000 208.666667
343.000000 212.000000
341.333333 216.000000
340.000000 220.000000
339.333333 224.000000
338.666667 228.000000
338.333333 232.000000
338.000000 235.666667
338.000000 239.000000
338.000000 242.333333
338.000000 245.666667
338.333333 249.333333
339.000000 253.666667
340.000000 258.666667
341.000000 264.333333
342.000000 270.000000
343.000000 275.666667
344.000000 281.666667
345.333333 287.333333
346.666667 293.666667
348.000000 299.333333
349.333333 305.333333
350.666667 311.000000
352.333333 316.666667
354.333333 322.000000
357.000000 327.000000
360.000000 331.666667
362.666667 336.333333
365.333333 341.000000
368.000000 346.000000
371.000000 351.333333
373.666667 356.666667
376.000000 362.000000
378.333333 367.333333
380.666667 372.666667
383.333333 378.000000
385.666667 383.000000
388.000000 388.000000
390.000000 393.000000
392.666667 398.000000
395.666667 403.000000
399.000000 407.666667
402.333333 412.333333
406.000000 416.666667
410.000000 421.333333
414.333333 425.666667
418.666667 430.666667
423.333333 435.666667
427.666667 441.000000
432.000000 446.333333
436.000000 451.666667
440.000000 457.000000
444.000000 462.000000
448.333333 467.000000
452.666667 471.666667
457.000000 476.333333
461.000000 480.666667
465.333333 485.666667
469.666667 491.000000
474.000000 497.000000
478.000000 502.666667
482.333333 508.333333
488.666667 515.333333
495.333333 522.333333
502.000000 528.666667
506.666667 533.000000
511.000000 537.333333
515.000000 541.666667
518.666667 546.333333
522.333333 551.000000
525.666667 556.000000
529.000000 561.000000
532.000000 565.666667
535.333333 570.000000
539.000000 574.333333
543.666667 579.000000
548.666667 584.000000
554.333333 589.333333
559.666667 595.000000
565.000000 601.000000
570.000000 606.666667
575.333333 612.333333
581.000000 617.333333
587.333333 622.666667
593.666667 627.666667
600.000000 633.000000
606.000000 638.000000
611.666667 643.000000
617.000000 648.333333
622.333333 653.666667
628.000000 659.333333
634.333333 664.666667
640.666667 669.666667
647.000000 674.333333
652.333333 678.333333
657.000000 682.000000
660.333333 684.666667
663.000000 687.000000
665.000000 688.666667
666.666667 690.000000
668.000000 691.333333
669.000000 692.666667
669.666667 694.000000
670.000000 695.000000
670.333333 696.000000
