676.333333 373.333333
675.666667 371.333333
675.333333 369.000000
674.666667 366.333333
674.000000 363.333333
673.000000 359.666667
672.000000 355.666667
670.333333 351.000000
668.000000 346.000000
665.000000 340.666667
661.666667 335.333333
658.000000 329.666667
654.000000 324.000000
649.666667 318.000000
645.333333 312.333333
640.666667 307.000000
636.333333 302.333333
632.000000 297.666667
628.000000 293.333333
624.000000 289.333333
620.333333 285.666667
616.666667 282.000000
613.333333 278.000000
609.666667 274.333333
606.000000 270.666667
602.000000 267.000000
598.000000 263.000000
593.666667 259.000000
589.333333 255.000000
584.666667 251.000000
580.000000 247.333333
575.000000 243.666667
570.000000 240.333333
564.666667 236.666667
559.333333 233.333333
554.000000 230.000000
549.000000 227.000000
544.000000 224.000000
539.333333 221.000000
534.666667 218.000000
530.333333 215.333333
525.666667 212.666667
521.000000 210.333333
516.000000 208.000000
511.000000 206.000000
506.000000 204.333333
501.000000 203.000000
496.000000 202.000000
489.333333 201.666667
482.666667 202.000000
475.666667 203.333333
470.333333 204.666667
464.666667 206.333333
459.333333 208.000000
454.000000 210.000000
449.666667 212.000000
445.666667 214.000000
442.333333 216.000000
439.333333 217.666667
436.666667 219.333333
434.333333 220.666667
432.333333 222.333333
430.333333 224.000000
428.333333 226.333333
425.666667 229.000000
423.333333 232.000000
421.000000 235.000000
419.000000 238.000000
417.000000 241.000000
414.666667 244.000000
412.666667 247.333333
411.000000 251.000000
409.666667 255.333333
408.666667 259.666667
407.666667 264.333333
407.333333 269.333333
407.000000 274.666667
407.000000 280.000000
407.000000 285.333333
407.000000 290.666667
407.000000 296.666667
407.000000 302.666667
407.333333 309.333333
407.666667 316.333333
408.333333 324.000000
409.000000 331.666667
409.666667 339.333333
410.333333 346.666667
411.333333 354.000000
412.333333 360.666667
413.666667 367.000000
414.666667 372.666667
416.000000 378.333333
417.333333 384.000000
419.000000 390.000000
421.000000 396.333333
423.333333 403.000000
425.666667 410.333333
428.000000 418.000000
430.333333 426.000000
432.666667 434.000000
435.000000 441.666667
437.000000 449.333333
439.000000 456.666667
441.000000 463.666667
443.000000 469.666667
445.333333 475.000000
448.000000 480.000000
451.000000 485.000000
454.000000 490.333333
457.666667 496.000000
461.666667 502.333333
466.333333 509.000000
471.000000 516.000000
476.333333 523.666667
482.000000 532.000000
488.666667 541.333333
496.000000 551.000000
503.666667 561.000000
511.333333 570.666667
519.333333 580.333333
528.000000 589.666667
537.333333 599.000000
546.666667 608.000000
556.000000 616.333333
565.333333 624.333333
575.000000 632.000000
585.000000 639.666667
595.000000 647.000000
604.333333 654.333333
613.333333 661.666667
621.666667 669.333333
630.000000 677.000000
638.000000 685.333333
646.000000 694.333333
653.666667 703.666667
660.666667 713.000000
667.000000 722.333333
672.666667 731.666667
677.666667 740.333333
681.666667 747.666667
685.333333 753.333333
688.666667 758.000000
692.000000 761.333333
694.666667 764.000000
696.666667 765.666667
698.000000 767.000000
