994.000000 384.000000
993.000000 383.000000
992.333333 382.000000
991.333333 381.000000
990.000000 380.000000
988.666667 379.000000
987.333333 378.000000
986.333333 376.666667
985.000000 375.000000
984.333333 372.666667
983.666667 369.666667
983.666667 365.666667
984.333333 361.666667
986.000000 357.333333
988.333333 353.666667
990.666667 349.333333
993.000000 345.000000
995.666667 338.000000
998.000000 331.000000
1000.333333 323.333333
1001.666667 317.666667
1003.000000 311.666667
1004.000000 306.666667
1005.333333 301.666667
1006.666667 297.333333
1008.000000 292.666667
1009.000000 288.000000
1010.333333 283.333333
1011.666667 278.666667
1013.333333 274.000000
1015.000000 269.000000
1017.000000 264.333333
1019.000000 260.000000
1021.000000 256.000000
1023.666667 252.000000
1026.666667 248.000000
1030.333333 244.000000
1033.333333 240.333333
1036.666667 236.333333
1040.000000 232.000000
1043.333333 227.666667
1046.333333 223.666667
1049.333333 219.666667
1052.333333 215.666667
1055.333333 211.666667
1058.000000 208.333333
1061.666667 205.000000
1065.666667 202.000000
1070.666667 199.000000
1075.666667 196.333333
1080.666667 194.000000
1085.333333 192.000000
1089.666667 190.333333
1093.666667 188.666667
1097.333333 187.333333
1101.000000 185.666667
1105.333333 184.333333
1110.000000 183.000000
1115.000000 181.666667
1120.000000 180.333333
1125.000000 179.000000
1130.000000 178.000000
1134.666667 177.000000
1139.000000 176.000000
1144.333333 175.000000
1150.000000 174.000000
1155.666667 173.000000
1162.666667 172.000000
1175.666667 171.666667
1189.333333 172.000000
1201.000000 173.000000
1207.000000 174.000000
1213.333333 175.333333
1219.333333 177.000000
1225.000000 179.000000
1230.000000 181.000000
1234.666667 183.000000
1238.666667 185.000000
1242.333333 187.000000
1245.666667 189.000000
1249.333333 191.000000
1253.000000 193.333333
1257.333333 195.666667
1261.666667 198.000000
1266.333333 200.333333
1270.666667 203.000000
1275.333333 206.333333
1279.666667 209.666667
1284.000000 213.333333
1288.000000 216.666667
1291.666667 220.333333
1295.666667 224.000000
1299.666667 228.000000
1304.000000 231.666667
1308.333333 235.333333
1312.333333 238.666667
1316.666667 242.000000
1320.333333 245.333333
1324.333333 249.000000
1327.666667 253.333333
1331.333333 258.000000
1334.333333 263.000000
1337.000000 268.000000
1339.000000 272.666667
1340.666667 277.000000
1342.000000 280.666667
1343.333333 284.333333
1344.333333 287.333333
1345.333333 290.333333
1346.000000 293.000000
1346.666667 296.000000
1347.333333 299.333333
1348.000000 303.000000
1348.666667 307.333333
1349.000000 312.000000
1349.000000 317.333333
1348.666667 322.666667
1348.333333 327.666667
1347.666667 332.000000
1347.333333 336.333333
1346.666667 341.000000
1346.333333 345.666667
1346.000000 350.333333
1345.666667 355.000000
1345.000000 360.333333
1344.000000 365.666667
1343.000000 371.000000
1341.666667 376.000000
1340.000000 381.333333
1337.666667 387.333333
1334.666667 394.333333
1331.333333 401.666667
1327.666667 409.333333
1324.000000 416.333333
1320.000000 423.333333
1315.666667 430.000000
1311.666667 437.000000
1307.666667 444.333333
1304.333333 451.333333
1301.000000 458.333333
1298.000000 464.666667
1295.000000 471.000000
1292.000000 476.666667
1288.333333 482.333333
1284.333333 488.333333
1279.666667 494.666667
1275.000000 501.333333
1270.000000 507.666667
1265.000000 514.000000
1260.333333 520.000000
1255.666667 525.666667
1251.000000 531.666667
1246.000000 537.666667
1240.666667 544.333333
1235.000000 551.000000
1229.000000 557.666667
1223.000000 564.000000
1217.333333 570.333333
1212.000000 576.666667
1207.000000 583.333333
1201.333333 590.333333
1195.333333 597.666667
1188.666667 605.333333
1182.000000 612.333333
1175.333333 619.666667
1169.000000 626.333333
1163.000000 633.666667
1157.000000 641.000000
1151.000000 649.000000
1145.000000 656.333333
1139.000000 663.333333
1133.000000 669.666667
1127.000000 676.333333
1121.000000 683.333333
1115.333333 690.666667
1110.000000 698.000000
1104.666667 704.666667
1099.000000 711.000000
1093.000000 717.000000
1087.000000 722.666667
1081.000000 728.000000
1075.333333 733.000000
1070.000000 738.000000
1065.000000 743.000000
1060.333333 748.000000
1056.000000 753.000000
1052.333333 758.000000
1048.666667 762.666667
1045.000000 766.666667
1041.333333 770.333333
1037.666667 773.333333
1034.333333 776.333333
1031.000000 778.666667
1028.000000 780.666667
1025.666667 782.000000
1024.000000 783.000000
1023.000000 784.000000
1022.000000 785.000000
1020.000000 785.000000
