852.000000 362.000000
787.000000 360.333333
722.000000 359.000000
722.000000 357.666667
722.000000 356.000000
722.000000 354.000000
722.333333 352.000000
722.666667 350.000000
723.000000 347.666667
723.000000 345.333333
723.000000 343.000000
723.000000 340.666667
723.000000 338.333333
723.000000 335.666667
722.666667 333.000000
722.000000 329.333333
721.000000 325.333333
720.000000 321.000000
718.666667 316.666667
717.000000 312.000000
715.000000 307.000000
713.000000 302.333333
711.000000 297.666667
709.000000 293.333333
706.666667 288.666667
704.333333 284.000000
702.000000 279.333333
700.000000 275.000000
698.000000 271.000000
696.000000 267.000000
694.000000 263.000000
692.000000 259.333333
690.000000 255.666667
688.000000 252.000000
686.000000 248.333333
684.000000 244.666667
682.000000 241.333333
680.333333 238.000000
678.666667 235.333333
677.000000 232.666667
675.000000 230.333333
673.000000 227.666667
670.666667 225.000000
668.000000 222.000000
665.000000 219.000000
661.333333 216.000000
657.000000 212.666667
652.000000 209.333333
647.000000 206.000000
642.000000 203.000000
637.000000 199.666667
631.666667 196.333333
626.000000 193.000000
620.000000 189.666667
613.666667 186.666667
607.333333 183.666667
600.666667 181.333333
594.333333 179.000000
588.333333 177.333333
582.666667 175.666667
577.000000 174.333333
571.333333 173.000000
566.333333 172.000000
561.666667 171.000000
557.333333 170.000000
545.333333 169.666667
533.000000 170.000000
518.000000 171.000000
510.000000 172.000000
500.333333 173.000000
491.666667 174.000000
481.666667 175.000000
473.666667 176.000000
466.666667 177.000000
461.333333 178.333333
456.000000 180.000000
451.000000 182.000000
446.000000 184.000000
441.333333 186.000000
437.000000 188.333333
433.000000 191.000000
429.000000 194.333333
425.000000 197.666667
421.333333 201.000000
418.000000 204.666667
415.000000 208.666667
412.333333 212.666667
410.000000 216.333333
408.000000 220.000000
406.333333 223.666667
405.000000 227.333333
404.000000 231.000000
403.000000 235.000000
402.333333 239.333333
402.000000 244.000000
402.000000 249.666667
402.333333 255.666667
403.000000 262.333333
404.333333 268.666667
406.000000 275.333333
408.000000 281.666667
410.000000 288.000000
412.000000 294.000000
414.000000 299.666667
416.000000 305.333333
417.666667 310.333333
419.333333 315.666667
421.000000 320.666667
423.333333 326.000000
425.666667 331.666667
428.333333 338.000000
431.666667 345.666667
435.666667 354.000000
440.666667 363.666667
446.000000 373.333333
452.000000 383.000000
458.000000 392.000000
464.333333 400.666667
470.666667 409.000000
477.333333 417.000000
484.666667 425.000000
493.000000 433.000000
501.666667 441.333333
510.333333 450.000000
519.333333 459.000000
529.000000 468.333333
539.000000 478.333333
548.666667 489.000000
558.000000 500.000000
566.666667 511.000000
575.000000 522.000000
583.000000 532.666667
590.666667 542.666667
598.000000 551.666667
604.666667 559.666667
611.000000 566.666667
617.000000 573.000000
623.000000 578.666667
629.333333 584.000000
635.666667 589.333333
642.333333 595.000000
648.666667 601.000000
654.666667 607.333333
660.000000 613.666667
665.000000 620.000000
669.666667 626.333333
674.333333 632.666667
678.666667 639.333333
683.000000 645.666667
687.000000 652.000000
691.333333 658.333333
695.666667 664.333333
700.666667 670.333333
705.666667 676.333333
711.000000 682.666667
716.000000 689.333333
721.000000 695.666667
726.000000 702.000000
731.000000 708.000000
736.000000 714.000000
741.333333 719.666667
746.666667 725.333333
752.000000 731.000000
756.666667 736.666667
761.000000 742.000000
765.000000 747.000000
768.333333 751.333333
771.000000 754.666667
773.000000 757.000000
774.666667 759.000000
776.000000 760.666667
777.000000 762.000000
777.666667 763.000000
