705.000000 406.000000
706.000000 405.000000
706.666667 404.000000
707.333333 403.000000
707.666667 402.000000
708.000000 401.000000
708.000000 400.000000
708.333333 398.666667
708.666667 397.333333
709.000000 395.333333
709.000000 393.333333
709.000000 391.000000
709.000000 388.666667
708.666667 386.000000
708.333333 383.000000
707.666667 380.000000
707.000000 376.666667
706.000000 373.333333
705.000000 369.333333
703.666667 365.333333
702.000000 360.666667
699.666667 356.333333
697.000000 351.666667
694.000000 347.000000
691.000000 342.000000
688.000000 337.000000
684.666667 332.000000
681.333333 326.666667
678.000000 321.333333
675.000000 315.666667
672.000000 310.333333
669.000000 304.666667
665.666667 299.333333
662.000000 293.666667
657.666667 288.000000
653.333333 282.000000
648.666667 276.000000
644.000000 270.000000
639.000000 264.333333
634.333333 258.666667
630.000000 253.666667
626.000000 249.000000
622.000000 245.000000
618.000000 241.000000
613.666667 237.000000
609.333333 233.333333
605.000000 230.000000
600.666667 227.000000
596.333333 224.000000
592.000000 221.000000
588.000000 218.000000
584.000000 215.333333
580.000000 212.666667
576.000000 210.333333
571.666667 207.666667
567.333333 205.333333
562.333333 203.000000
557.333333 201.000000
552.000000 199.000000
547.000000 197.000000
542.000000 195.000000
537.000000 193.333333
531.666667 191.666667
525.666667 190.333333
519.333333 189.000000
512.666667 188.000000
506.333333 186.666667
500.000000 185.333333
494.000000 184.000000
488.000000 183.000000
482.000000 182.000000
474.666667 181.000000
464.000000 180.666667
454.000000 181.000000
446.666667 182.000000
443.666667 183.333333
441.000000 185.000000
438.000000 187.333333
435.000000 190.333333
431.666667 194.333333
428.333333 199.000000
423.666667 205.666667
419.333333 212.333333
415.000000 219.000000
412.333333 223.666667
409.666667 228.333333
407.333333 232.666667
405.000000 237.000000
403.000000 241.000000
400.666667 245.666667
398.333333 250.666667
396.333333 256.000000
394.666667 261.000000
393.333333 266.333333
391.666667 272.000000
390.333333 277.666667
389.333333 283.000000
388.666667 288.333333
388.000000 294.000000
387.333333 299.666667
386.666667 305.333333
386.333333 310.666667
386.000000 316.000000
386.000000 321.333333
386.000000 331.000000
386.333333 341.000000
386.666667 351.000000
387.000000 357.000000
387.333333 362.666667
387.666667 368.333333
388.333333 373.333333
389.000000 378.000000
390.000000 381.666667
391.000000 385.333333
392.333333 388.666667
394.000000 392.333333
396.333333 396.000000
399.000000 400.000000
402.000000 404.000000
405.000000 408.000000
408.000000 412.333333
411.000000 417.000000
414.000000 422.000000
417.000000 427.000000
420.000000 432.000000
422.666667 437.333333
425.333333 443.000000
428.000000 449.333333
431.000000 455.333333
434.000000 461.333333
437.333333 466.666667
441.333333 472.000000
446.000000 477.333333
451.666667 482.666667
457.666667 488.333333
464.000000 493.666667
470.000000 499.333333
476.333333 505.000000
482.666667 511.000000
489.666667 517.000000
496.333333 523.000000
503.000000 529.000000
509.000000 535.333333
515.000000 542.000000
520.666667 549.333333
526.000000 556.333333
531.000000 563.333333
536.333333 570.000000
542.000000 576.333333
547.666667 582.666667
553.000000 588.333333
558.333333 594.666667
563.333333 600.333333
568.333333 606.333333
572.666667 611.666667
577.000000 617.000000
581.333333 622.000000
585.666667 626.666667
590.000000 631.333333
594.333333 636.000000
598.666667 641.000000
603.000000 646.333333
606.666667 652.000000
610.000000 657.666667
613.000000 663.333333
616.000000 668.666667
618.666667 674.000000
621.000000 679.000000
623.000000 684.000000
625.333333 689.000000
627.666667 694.000000
630.333333 698.666667
632.666667 703.000000
635.333333 707.000000
638.000000 711.000000
641.000000 714.666667
644.333333 718.333333
648.000000 721.333333
652.000000 724.333333
655.666667 726.666667
659.333333 729.333333
663.000000 731.666667
667.000000 734.666667
671.000000 737.666667
675.000000 741.000000
679.000000 744.333333
683.000000 747.666667
687.333333 751.000000
691.666667 753.666667
696.000000 756.000000
699.333333 757.666667
702.333333 759.000000
704.333333 760.000000
706.666667 761.000000
