889.000000 413.666667
890.000000 410.333333
891.000000 406.666667
892.000000 403.000000
893.000000 399.000000
894.000000 395.000000
895.000000 391.000000
896.000000 386.666667
897.000000 382.000000
898.333333 376.666667
900.000000 371.333333
901.666667 366.000000
903.333333 361.000000
904.666667 356.000000
906.000000 351.333333
907.000000 346.666667
908.000000 342.000000
909.000000 336.666667
910.333333 331.000000
912.000000 325.000000
914.000000 318.666667
916.000000 312.666667
918.666667 306.666667
922.000000 301.333333
926.333333 295.666667
930.666667 290.333333
935.333333 285.000000
940.000000 280.000000
945.000000 274.666667
949.666667 269.333333
954.000000 264.000000
958.000000 259.333333
962.333333 254.666667
967.333333 250.000000
973.333333 245.333333
980.000000 240.333333
987.000000 235.333333
993.666667 230.000000
999.666667 225.000000
1005.666667 220.000000
1012.000000 215.333333
1019.000000 211.000000
1025.666667 207.333333
1032.333333 204.000000
1038.333333 201.000000
1044.333333 198.333333
1049.666667 195.666667
1055.666667 193.333333
1062.000000 191.333333
1068.666667 190.000000
1075.666667 189.000000
1090.000000 188.666667
1107.000000 189.000000
1123.666667 190.000000
1132.333333 191.333333
1138.000000 192.666667
1143.000000 194.333333
1148.333333 196.000000
1154.000000 198.333333
1159.666667 201.000000
1165.666667 204.000000
1171.666667 207.333333
1178.000000 211.000000
1183.666667 215.000000
1189.000000 219.000000
1194.000000 223.333333
1199.000000 228.000000
1204.000000 233.333333
1209.000000 238.666667
1214.000000 244.000000
1218.666667 249.666667
1223.333333 255.666667
1228.000000 262.000000
1232.333333 268.000000
1236.000000 274.000000
1239.000000 279.666667
1241.666667 285.333333
1244.000000 291.000000
1245.666667 297.000000
1247.333333 303.000000
1248.666667 309.333333
1249.666667 315.333333
1250.333333 321.333333
1250.666667 326.666667
1251.000000 332.000000
1251.000000 336.666667
1251.000000 341.333333
1251.000000 346.000000
1251.000000 350.666667
1251.000000 355.000000
1250.666667 359.333333
1250.333333 364.333333
1250.000000 369.333333
1249.666667 374.333333
1249.000000 379.000000
1247.333333 386.333333
1245.333333 394.333333
1242.666667 402.666667
1239.666667 409.666667
1236.000000 416.333333
1232.000000 423.000000
1227.666667 429.000000
1223.000000 435.333333
1218.000000 441.666667
1213.333333 448.333333
1209.000000 455.000000
1204.666667 462.000000
1200.333333 468.666667
1195.333333 475.333333
1189.666667 482.000000
1182.666667 489.000000
1175.666667 496.333333
1169.000000 504.000000
1163.333333 511.666667
1158.000000 519.000000
1152.666667 526.333333
1146.666667 533.666667
1140.000000 541.000000
1132.666667 548.333333
1125.333333 556.000000
1118.333333 563.666667
1111.000000 571.333333
1102.333333 579.000000
1092.333333 587.000000
1082.666667 595.000000
1074.000000 603.000000
1065.666667 610.666667
1057.333333 618.000000
1048.666667 624.666667
1040.333333 631.000000
1032.333333 637.000000
1025.333333 643.333333
1019.333333 650.000000
1014.000000 656.666667
1009.000000 663.000000
1003.666667 669.000000
997.333333 675.333333
990.333333 681.666667
983.333333 688.000000
977.000000 694.666667
971.000000 701.333333
965.333333 708.000000
959.666667 713.666667
953.666667 719.333333
947.000000 724.666667
940.333333 730.000000
934.333333 735.333333
928.666667 741.333333
923.333333 747.666667
918.333333 754.000000
913.666667 760.000000
909.666667 765.666667
906.333333 771.000000
904.000000 775.333333
901.666667 779.666667
899.666667 783.666667
897.666667 787.333333
895.666667 790.666667
893.000000 793.666667
890.333333 796.666667
888.000000 799.000000
886.333333 800.666667
885.000000 802.000000
