670.000000 379.666667
454.000000 377.666667
453.333333 375.333333
453.000000 372.666667
453.000000 370.000000
452.666667 366.666667
452.333333 363.000000
452.000000 359.333333
452.000000 355.666667
452.000000 352.333333
452.000000 348.666667
452.000000 345.333333
452.000000 341.666667
452.333333 338.000000
453.000000 334.000000
454.000000 330.000000
454.666667 326.000000
455.000000 322.000000
455.000000 317.666667
455.000000 313.333333
454.333333 308.666667
453.333333 304.333333
452.000000 299.666667
450.666667 295.333333
449.000000 290.666667
447.333333 286.000000
445.666667 281.333333
444.000000 276.666667
442.000000 272.333333
439.666667 267.666667
437.333333 263.333333
435.333333 258.666667
433.333333 254.333333
431.333333 250.333333
429.000000 246.666667
426.666667 243.000000
423.666667 239.000000
420.000000 235.000000
416.000000 231.000000
411.666667 226.666667
407.333333 222.666667
402.666667 218.666667
398.666667 215.000000
394.666667 211.333333
391.000000 207.666667
387.000000 204.333333
383.000000 200.666667
378.333333 197.000000
373.000000 193.000000
367.000000 189.333333
361.333333 185.666667
355.666667 182.666667
350.333333 179.666667
345.333333 177.000000
340.666667 174.333333
336.000000 171.666667
331.333333 169.333333
326.333333 167.000000
321.333333 165.000000
315.666667 163.000000
310.333333 161.000000
305.333333 159.000000
300.666667 157.000000
296.333333 155.333333
292.000000 154.000000
288.000000 153.000000
284.000000 152.000000
279.666667 151.000000
273.000000 150.000000
258.333333 149.666667
244.000000 150.000000
232.000000 151.000000
227.333333 152.333333
222.333333 153.666667
217.000000 155.333333
212.333333 156.666667
208.000000 158.666667
204.000000 161.000000
200.333333 164.666667
196.666667 169.000000
193.000000 174.333333
189.333333 180.000000
185.666667 186.000000
182.000000 192.666667
178.000000 199.666667
174.333333 206.666667
171.000000 213.000000
168.000000 219.000000
165.000000 224.666667
162.666667 230.000000
160.666667 235.333333
159.333333 241.000000
158.000000 247.000000
157.333333 253.333333
157.000000 259.666667
157.000000 266.000000
157.666667 272.000000
158.666667 277.666667
160.333333 283.333333
162.000000 288.666667
163.666667 294.333333
165.333333 299.666667
167.000000 305.000000
169.000000 310.000000
171.333333 315.000000
173.666667 320.000000
176.333333 325.000000
178.333333 329.333333
180.333333 333.333333
182.333333 337.333333
184.666667 342.000000
187.000000 347.000000
189.000000 352.333333
191.333333 358.000000
193.666667 364.000000
196.333333 370.333333
199.333333 376.666667
203.000000 383.666667
207.000000 391.000000
211.333333 398.666667
216.000000 406.000000
221.000000 413.000000
225.666667 419.666667
230.000000 425.666667
234.000000 431.333333
238.000000 437.000000
242.333333 443.333333
247.333333 450.333333
253.000000 457.333333
259.000000 464.333333
265.000000 470.666667
270.666667 477.000000
276.000000 483.333333
280.666667 490.000000
285.000000 497.000000
289.000000 503.666667
293.333333 510.000000
297.666667 516.000000
302.000000 521.666667
306.666667 527.333333
311.666667 533.000000
317.333333 539.000000
323.000000 545.000000
328.666667 551.000000
334.333333 557.000000
340.000000 562.666667
345.666667 568.000000
351.000000 573.000000
356.333333 578.000000
361.333333 582.666667
366.333333 587.333333
371.000000 592.333333
375.666667 598.000000
380.000000 604.000000
384.000000 610.000000
388.000000 616.000000
392.666667 622.000000
398.000000 628.333333
404.000000 635.000000
410.000000 642.000000
416.000000 648.666667
422.000000 655.000000
428.666667 661.333333
436.333333 667.333333
444.666667 673.000000
453.000000 678.000000
460.666667 682.666667
468.333333 687.000000
476.000000 690.666667
484.000000 694.000000
492.000000 697.000000
499.666667 700.000000
506.333333 702.666667
512.000000 705.333333
516.666667 708.000000
520.666667 710.666667
523.666667 712.666667
526.000000 714.000000
527.666667 715.333333
529.000000 716.666667
530.000000 718.000000
530.666667 719.000000
531.333333 720.000000
