855.000000 416.666667
855.000000 415.000000
855.000000 413.333333
855.000000 411.666667
855.000000 409.666667
855.000000 407.333333
855.000000 404.666667
855.000000 402.000000
858.666667 399.333333
862.333333 396.333333
866.333333 393.333333
866.666667 389.666667
867.333333 386.333333
868.000000 382.666667
869.000000 379.000000
870.000000 375.000000
871.333333 371.000000
873.000000 366.666667
874.666667 362.333333
876.333333 358.000000
878.333333 353.666667
880.666667 349.333333
883.333333 344.333333
886.000000 339.333333
889.000000 334.000000
892.000000 329.000000
895.000000 324.000000
897.666667 319.000000
900.333333 314.000000
903.000000 309.000000
906.000000 304.333333
908.666667 300.000000
911.333333 296.000000
914.333333 291.666667
918.000000 287.000000
922.000000 282.000000
926.000000 277.000000
930.333333 272.333333
935.000000 267.666667
939.666667 263.333333
944.333333 259.000000
948.666667 255.000000
953.000000 251.333333
957.000000 247.666667
961.333333 244.333333
966.000000 240.666667
971.000000 237.000000
976.000000 233.000000
981.000000 229.000000
985.666667 225.333333
990.000000 221.666667
994.000000 218.333333
998.000000 215.333333
1002.000000 213.000000
1006.000000 211.000000
1010.000000 209.000000
1014.000000 207.000000
1018.333333 205.333333
1024.333333 204.000000
1030.666667 203.000000
1038.000000 202.000000
1045.000000 201.000000
1052.666667 200.000000
1060.000000 199.000000
1069.666667 198.666667
1078.333333 199.000000
1086.000000 200.000000
1090.000000 201.000000
1093.666667 202.000000
1097.333333 203.333333
1100.666667 204.666667
1104.333333 206.333333
1108.000000 207.666667
1111.666667 209.333333
1115.000000 211.000000
1118.333333 212.666667
1121.666667 214.333333
1125.000000 216.000000
1128.333333 218.000000
1131.666667 220.000000
1135.000000 222.333333
1138.333333 224.666667
1141.666667 227.333333
1145.000000 229.666667
1149.333333 233.666667
1154.000000 238.000000
1158.666667 243.000000
1162.333333 247.000000
1166.000000 251.333333
1170.000000 255.666667
1173.666667 260.000000
1177.333333 264.000000
1180.333333 267.666667
1183.333333 271.333333
1185.666667 274.333333
1188.000000 277.333333
1190.000000 280.000000
1192.000000 283.333333
1194.000000 286.666667
1195.666667 290.333333
1197.000000 294.333333
1198.000000 299.666667
1199.000000 305.666667
1200.000000 312.000000
1201.000000 317.666667
1202.000000 323.333333
1203.000000 329.333333
1204.000000 335.666667
1204.666667 341.666667
1205.333333 347.333333
1206.000000 353.000000
1206.666667 358.666667
1207.000000 363.666667
1207.000000 368.000000
1207.000000 372.000000
1206.666667 376.000000
1206.000000 379.666667
1205.333333 383.333333
1204.333333 388.000000
1203.333333 393.000000
1202.333333 398.000000
1201.666667 402.000000
1201.000000 406.000000
1200.000000 410.000000
1199.000000 414.000000
1198.000000 418.000000
1197.000000 421.666667
1196.000000 425.333333
1194.666667 428.666667
1193.333333 432.333333
1191.666667 435.666667
1190.000000 439.333333
1188.000000 443.000000
1185.666667 447.000000
1183.333333 451.000000
1180.666667 455.000000
1178.000000 459.000000
1174.666667 463.333333
1171.333333 467.666667
1168.000000 472.000000
1164.666667 476.000000
1161.333333 480.000000
1157.666667 484.333333
1154.333333 489.000000
1150.666667 493.666667
1147.000000 498.333333
1143.000000 503.000000
1138.666667 508.000000
1134.333333 513.000000
1129.666667 517.666667
1125.000000 522.333333
1120.000000 527.000000
1115.333333 532.000000
1111.000000 537.333333
1107.000000 543.000000
1103.000000 549.000000
1098.666667 555.000000
1094.333333 560.666667
1090.000000 566.000000
1085.666667 571.000000
1081.333333 576.000000
1077.000000 580.666667
1072.666667 585.333333
1068.333333 590.000000
1064.000000 595.000000
1060.333333 600.333333
1056.666667 605.666667
1053.000000 611.000000
1049.000000 615.666667
1045.000000 620.333333
1041.000000 625.000000
1036.666667 629.666667
1032.333333 634.333333
1028.000000 639.333333
1024.000000 644.666667
1020.000000 650.000000
1016.333333 655.333333
1013.000000 660.333333
1009.666667 665.333333
1006.333333 670.000000
1002.666667 674.666667
999.333333 679.333333
995.666667 684.000000
991.666667 689.000000
987.333333 694.000000
983.000000 699.000000
979.000000 703.666667
975.000000 708.333333
971.333333 712.666667
968.000000 717.000000
965.333333 721.000000
962.666667 724.666667
960.333333 728.333333
957.666667 732.000000
955.000000 736.333333
952.333333 740.666667
949.666667 745.333333
946.666667 750.000000
943.333333 754.666667
940.000000 759.000000
936.666667 763.000000
933.333333 767.000000
930.000000 770.666667
927.000000 774.000000
923.666667 777.333333
920.333333 781.000000
917.333333 785.000000
914.666667 789.000000
912.333333 793.666667
910.000000 798.333333
908.000000 803.000000
906.333333 807.000000
905.000000 811.000000
904.333333 814.666667
903.666667 818.333333
903.333333 821.333333
902.666667 824.333333
902.333333 826.666667
902.000000 829.000000
902.000000 830.666667
902.000000 832.000000
902.000000 833.000000
902.000000 833.333333
901.666667 831.666667
