865.000000 335.333333
865.000000 333.000000
797.666667 329.666667
730.000000 326.333333
661.666667 322.666667
660.333333 319.000000
658.666667 315.000000
657.333333 311.333333
655.666667 307.666667
654.000000 304.000000
652.000000 300.000000
650.000000 295.666667
647.666667 291.333333
645.333333 286.666667
642.666667 282.000000
640.000000 277.000000
637.000000 272.000000
634.000000 267.000000
631.333333 261.666667
628.666667 256.333333
626.000000 251.000000
623.333333 246.000000
620.333333 240.666667
617.333333 235.333333
613.333333 229.666667
609.333333 224.000000
604.333333 218.333333
599.333333 212.666667
594.000000 207.333333
589.000000 202.000000
584.000000 197.000000
578.666667 191.666667
573.000000 186.333333
567.000000 181.000000
561.000000 176.000000
554.666667 171.333333
548.333333 166.666667
542.333333 162.333333
536.666667 158.333333
531.000000 154.666667
524.666667 151.333333
518.000000 148.000000
510.666667 145.000000
503.333333 142.333333
496.000000 140.333333
488.666667 139.000000
481.000000 138.000000
473.000000 137.666667
462.333333 138.000000
451.666667 139.000000
441.333333 140.333333
433.666667 141.666667
426.333333 143.333333
418.666667 145.000000
411.333333 147.333333
404.333333 149.666667
398.333333 152.000000
392.666667 154.333333
387.333333 156.666667
382.333333 159.333333
378.000000 162.000000
374.000000 165.333333
370.333333 168.666667
367.000000 172.333333
363.666667 176.000000
360.333333 180.333333
357.333333 185.000000
355.333333 190.000000
353.666667 195.000000
352.333333 200.333333
351.000000 206.333333
350.000000 213.000000
349.333333 220.000000
349.000000 227.333333
349.000000 235.000000
349.000000 243.000000
349.333333 251.000000
349.666667 259.000000
350.333333 266.666667
351.333333 274.333333
352.666667 281.666667
354.333333 289.000000
356.000000 296.333333
357.666667 304.000000
359.666667 312.000000
361.333333 320.000000
363.333333 328.000000
365.000000 336.666667
366.666667 345.666667
368.000000 354.666667
369.333333 363.000000
370.666667 371.000000
372.000000 378.666667
373.000000 386.000000
374.333333 393.333333
375.666667 400.666667
377.333333 408.000000
379.000000 415.000000
381.000000 422.333333
383.333333 430.000000
385.666667 437.666667
388.333333 445.666667
391.000000 453.666667
394.333333 462.000000
398.333333 470.666667
403.000000 479.666667
408.000000 489.333333
413.333333 498.666667
419.000000 508.333333
425.000000 518.000000
431.666667 528.333333
438.666667 538.666667
446.666667 549.000000
455.000000 559.000000
464.000000 569.000000
473.333333 579.333333
483.333333 590.000000
493.666667 601.000000
504.333333 612.000000
515.000000 622.666667
526.000000 633.333333
537.000000 643.666667
548.000000 654.000000
558.666667 663.666667
569.000000 673.000000
579.333333 681.666667
589.666667 690.000000
599.333333 697.666667
608.333333 704.666667
617.000000 711.000000
626.000000 717.000000
635.000000 723.000000
643.333333 728.666667
651.000000 734.000000
657.666667 739.000000
664.000000 744.000000
669.666667 748.666667
675.000000 753.000000
679.666667 756.666667
683.333333 760.000000
686.333333 762.333333
688.333333 764.000000
690.000000 765.000000
