665.000000 367.666667
665.333333 365.666667
665.666667 363.333333
666.000000 360.666667
666.333333 358.000000
666.666667 355.000000
667.000000 352.000000
667.000000 349.333333
667.333333 346.666667
667.666667 344.000000
668.000000 341.000000
668.333333 338.000000
668.666667 335.000000
669.333333 331.666667
669.666667 328.000000
670.333333 324.000000
671.000000 319.666667
672.000000 315.333333
673.000000 311.000000
674.000000 307.000000
675.333333 303.333333
676.666667 299.666667
678.333333 296.000000
680.333333 292.333333
682.666667 288.666667
685.000000 285.000000
687.333333 281.000000
690.000000 277.333333
692.666667 274.000000
695.666667 270.666667
698.666667 267.000000
702.000000 263.333333
705.000000 260.000000
708.000000 257.000000
711.000000 254.000000
714.000000 251.000000
717.333333 248.000000
720.666667 245.333333
724.333333 242.666667
728.333333 240.000000
732.666667 237.000000
737.333333 234.000000
741.666667 231.000000
746.333333 228.000000
750.666667 225.000000
755.000000 222.000000
759.000000 219.000000
763.000000 215.666667
767.000000 212.000000
771.333333 208.333333
776.000000 205.000000
781.000000 202.333333
786.333333 199.666667
791.666667 197.333333
797.000000 194.666667
801.666667 192.333333
806.000000 190.000000
810.000000 188.000000
814.333333 186.000000
818.666667 184.333333
823.333333 183.000000
828.000000 182.000000
833.000000 180.666667
838.000000 179.333333
843.000000 178.000000
848.000000 177.000000
852.666667 176.000000
862.333333 175.000000
874.000000 174.000000
893.000000 173.666667
907.000000 174.000000
919.333333 175.000000
925.000000 176.000000
931.000000 177.000000
936.666667 178.333333
942.000000 179.666667
947.333333 181.333333
952.666667 182.666667
958.000000 184.666667
963.000000 186.666667
968.000000 189.000000
973.000000 190.666667
978.000000 192.666667
983.000000 194.666667
987.666667 197.000000
992.000000 199.333333
995.666667 201.333333
999.000000 203.666667
1001.666667 205.666667
1004.333333 208.000000
1006.666667 210.333333
1009.333333 213.666667
1012.000000 217.666667
1014.666667 221.666667
1017.000000 225.333333
1019.000000 229.000000
1021.333333 233.000000
1024.666667 239.000000
1028.000000 245.333333
1031.000000 251.666667
1032.666667 255.666667
1034.666667 259.666667
1036.333333 263.333333
1038.333333 267.333333
1039.666667 271.000000
1041.000000 274.666667
1042.000000 278.333333
1042.666667 281.666667
1043.333333 285.000000
1044.000000 288.000000
1044.666667 291.333333
1045.333333 294.666667
1045.666667 298.000000
1046.000000 300.666667
1046.000000 303.666667
1046.000000 306.333333
1046.000000 309.000000
1046.000000 311.333333
1046.000000 313.666667
1046.000000 316.000000
1046.000000 318.333333
1046.000000 321.000000
1046.000000 324.333333
1046.000000 327.666667
1046.000000 331.000000
1045.666667 334.000000
1045.333333 337.333333
1044.666667 341.000000
1044.333333 344.666667
1044.000000 348.333333
1043.666667 352.000000
1043.333333 356.333333
1042.666667 360.666667
1041.666667 365.000000
1040.333333 369.333333
1038.666667 374.000000
1037.333333 378.666667
1035.666667 383.000000
1033.666667 387.333333
1031.333333 391.666667
1029.000000 396.000000
1027.000000 400.000000
1025.000000 404.000000
1023.000000 407.666667
1020.666667 411.333333
1018.333333 415.000000
1016.000000 419.000000
1014.000000 423.000000
1012.333333 426.666667
1010.666667 430.000000
1009.000000 433.000000
1007.000000 436.000000
1005.000000 439.333333
1003.000000 442.666667
1000.666667 446.000000
998.333333 449.000000
995.666667 451.666667
993.000000 454.333333
990.000000 457.000000
987.000000 460.000000
983.666667 463.000000
980.000000 465.666667
976.333333 468.333333
972.666667 471.000000
969.000000 474.000000
965.333333 477.000000
960.333333 481.333333
955.000000 485.666667
949.333333 490.333333
944.666667 494.000000
940.000000 498.000000
935.000000 502.000000
930.333333 506.000000
925.666667 510.333333
921.666667 514.666667
917.666667 519.000000
914.333333 523.000000
910.333333 527.000000
906.333333 531.000000
901.333333 535.000000
896.000000 539.333333
890.000000 543.666667
884.333333 548.333333
878.666667 553.000000
873.333333 558.000000
867.333333 563.333333
861.000000 568.666667
854.000000 573.666667
847.333333 578.333333
841.000000 582.666667
835.000000 586.666667
829.333333 590.333333
824.000000 594.000000
819.333333 597.666667
814.666667 601.333333
809.666667 605.333333
804.000000 610.000000
798.000000 615.000000
792.000000 619.666667
786.333333 624.333333
781.000000 629.000000
776.000000 633.666667
770.666667 638.666667
765.333333 643.666667
760.000000 649.000000
755.000000 654.000000
749.666667 659.000000
744.666667 664.000000
739.666667 668.666667
735.333333 672.666667
731.000000 676.333333
727.333333 679.666667
724.333333 683.000000
721.666667 685.666667
719.333333 688.000000
717.333333 690.000000
716.000000 691.666667
715.000000 693.000000
714.000000 694.000000
713.000000 695.000000
712.000000 696.000000
711.333333 697.000000
