869.000000 391.000000
869.000000 387.666667
869.000000 384.000000
868.666667 380.000000
868.333333 376.000000
868.000000 371.666667
868.333333 367.000000
868.666667 362.333333
869.333333 358.000000
870.000000 353.666667
871.000000 349.000000
872.333333 343.333333
874.333333 337.333333
876.666667 330.333333
879.666667 323.333333
883.333333 315.666667
888.000000 308.333333
892.666667 300.333333
897.000000 292.333333
901.000000 284.000000
905.333333 275.666667
910.333333 267.333333
915.666667 259.666667
921.000000 253.333333
926.666667 247.000000
932.333333 240.666667
938.333333 234.333333
943.666667 229.000000
949.000000 224.333333
954.333333 219.666667
960.333333 215.000000
967.000000 210.333333
974.000000 206.000000
981.000000 202.333333
988.000000 199.333333
994.666667 196.666667
1001.666667 194.000000
1008.666667 191.000000
1016.666667 187.666667
1024.333333 184.666667
1032.000000 181.666667
1038.666667 179.000000
1045.000000 176.333333
1051.333333 174.333333
1058.000000 172.666667
1070.666667 172.000000
1083.666667 172.000000
1097.666667 173.666667
1107.000000 176.000000
1117.000000 179.000000
1126.666667 182.333333
1136.000000 186.000000
1145.000000 190.000000
1154.000000 194.333333
1163.000000 199.000000
1171.333333 204.000000
1179.000000 209.333333
1185.333333 214.666667
1191.000000 220.333333
1196.000000 226.333333
1200.666667 233.000000
1205.000000 240.666667
1209.000000 249.000000
1212.666667 258.333333
1216.000000 268.333333
1219.000000 279.333333
1222.000000 291.000000
1224.666667 302.666667
1226.666667 314.000000
1228.000000 325.000000
1229.000000 336.000000
1229.666667 347.000000
1230.000000 357.666667
1229.333333 367.666667
1228.000000 377.333333
1226.000000 387.000000
1223.333333 397.000000
1220.333333 407.000000
1216.666667 417.000000
1213.000000 427.000000
1209.000000 437.000000
1205.333333 446.666667
1201.333333 456.000000
1197.000000 464.666667
1191.666667 473.000000
1185.666667 481.000000
1178.666667 489.333333
1171.333333 498.000000
1163.666667 506.666667
1155.666667 515.000000
1146.666667 523.333333
1137.000000 531.666667
1127.333333 540.333333
1118.000000 549.000000
1108.333333 557.666667
1098.333333 566.000000
1088.333333 573.666667
1079.000000 581.000000
1070.000000 588.333333
1061.000000 596.000000
1052.000000 604.000000
1043.000000 612.000000
1034.000000 620.000000
1025.333333 628.666667
1016.666667 638.000000
1008.333333 647.666667
1000.000000 656.666667
992.000000 665.000000
984.000000 672.666667
976.333333 680.333333
969.666667 687.666667
964.000000 694.666667
959.666667 700.000000
956.333333 704.000000
954.000000 706.666667
952.333333 708.666667
951.000000 710.000000
950.000000 711.000000
949.333333 712.000000
948.666667 712.333333
947.333333 712.000000
945.333333 710.666667
