712.000000 390.000000
712.666667 388.666667
713.000000 387.000000
713.000000 385.000000
713.333333 383.000000
713.666667 381.333333
714.000000 379.666667
714.000000 377.666667
714.000000 375.666667
714.000000 373.666667
714.000000 372.000000
714.000000 370.000000
714.000000 368.000000
713.666667 365.666667
713.333333 363.333333
713.000000 360.666667
712.666667 358.333333
712.000000 355.666667
711.333333 352.666667
710.666667 349.666667
710.000000 346.333333
709.000000 343.333333
708.000000 340.000000
707.333333 337.000000
706.666667 334.333333
706.333333 331.666667
705.666667 329.000000
705.000000 326.333333
704.333333 323.666667
703.666667 321.000000
703.000000 318.000000
702.000000 315.000000
701.000000 311.666667
700.000000 308.333333
698.666667 304.666667
697.000000 301.333333
695.333333 297.666667
693.666667 294.000000
692.333333 290.333333
690.666667 286.666667
689.333333 283.333333
687.666667 280.000000
686.333333 277.333333
685.000000 274.666667
683.666667 272.333333
682.333333 269.666667
681.000000 267.000000
679.666667 264.000000
678.333333 261.000000
676.666667 258.333333
675.000000 255.666667
673.333333 253.000000
671.666667 250.333333
670.333333 247.666667
669.000000 245.666667
668.000000 243.666667
666.666667 242.333333
665.333333 240.666667
663.666667 239.000000
662.000000 237.000000
660.000000 235.000000
657.666667 233.000000
655.333333 230.666667
652.666667 228.333333
650.000000 226.000000
647.000000 224.000000
644.333333 222.000000
641.666667 220.333333
639.000000 218.666667
636.333333 217.333333
634.000000 216.000000
631.666667 214.666667
629.333333 213.333333
627.000000 212.000000
624.666667 210.666667
622.333333 209.333333
619.666667 207.666667
617.000000 206.333333
614.000000 205.000000
611.333333 204.000000
609.000000 203.000000
606.666667 202.000000
604.333333 201.000000
601.666667 200.000000
599.333333 199.000000
596.666667 197.666667
593.000000 196.000000
589.000000 194.333333
585.000000 193.000000
582.333333 192.000000
578.666667 190.666667
575.000000 189.333333
570.333333 188.000000
566.666667 187.000000
562.000000 186.000000
557.000000 185.000000
544.333333 184.666667
527.666667 185.000000
510.333333 186.000000
500.666667 187.000000
494.333333 188.000000
489.666667 189.000000
484.666667 190.000000
481.000000 191.000000
477.333333 192.000000
473.666667 193.000000
470.333333 194.000000
466.666667 195.000000
463.333333 196.333333
460.000000 197.666667
457.000000 199.333333
454.000000 200.666667
451.333333 202.333333
448.666667 204.000000
446.333333 206.000000
444.000000 208.000000
442.333333 209.666667
440.666667 211.333333
439.000000 213.000000
437.000000 214.666667
435.333333 216.666667
433.666667 218.666667
432.333333 221.000000
430.666667 223.000000
429.333333 225.000000
427.666667 227.333333
426.000000 230.000000
424.000000 232.666667
422.000000 235.000000
420.000000 237.333333
418.000000 239.666667
416.000000 242.333333
414.000000 244.666667
412.000000 247.333333
410.000000 250.000000
408.333333 253.000000
406.666667 256.000000
405.333333 259.333333
404.333333 263.000000
403.666667 267.000000
403.333333 271.000000
402.666667 275.000000
402.333333 279.000000
402.000000 282.666667
402.000000 286.333333
402.000000 290.000000
402.333333 294.333333
402.666667 299.000000
403.333333 304.000000
403.666667 309.000000
404.333333 313.666667
404.666667 318.000000
405.333333 322.000000
406.000000 326.000000
406.666667 329.666667
407.333333 333.333333
408.000000 337.000000
409.000000 341.333333
409.666667 345.666667
410.333333 350.333333
411.000000 355.333333
412.000000 360.666667
413.000000 366.333333
414.000000 371.666667
415.000000 376.666667
415.666667 381.000000
416.333333 385.000000
417.000000 389.000000
418.000000 392.666667
419.000000 396.000000
420.000000 399.333333
421.000000 402.666667
422.000000 406.333333
423.333333 410.000000
424.666667 414.000000
426.000000 418.000000
427.000000 422.000000
428.333333 426.000000
429.666667 430.333333
431.000000 434.666667
432.000000 439.333333
433.000000 443.666667
434.000000 448.000000
435.000000 452.000000
435.666667 456.000000
436.333333 460.000000
437.000000 463.666667
438.000000 466.666667
438.666667 469.000000
439.333333 471.333333
439.666667 473.333333
440.333333 475.333333
441.000000 476.666667
441.666667 478.333333
442.333333 480.000000
443.000000 482.000000
444.000000 484.000000
445.000000 486.333333
446.333333 489.000000
448.000000 492.000000
450.000000 495.333333
451.666667 499.000000
453.666667 503.000000
455.666667 507.333333
458.000000 511.666667
460.333333 516.000000
462.666667 520.333333
465.333333 525.000000
468.000000 530.000000
470.666667 535.333333
473.333333 541.000000
476.333333 547.000000
479.666667 553.000000
483.000000 559.000000
486.333333 565.000000
490.000000 571.000000
494.000000 576.666667
498.333333 582.666667
503.000000 588.666667
508.000000 595.000000
513.000000 600.666667
518.333333 606.333333
524.000000 612.000000
530.000000 618.000000
536.333333 624.000000
543.000000 629.666667
549.666667 635.333333
556.000000 640.666667
561.666667 646.000000
567.000000 651.000000
572.000000 655.666667
577.000000 660.333333
582.000000 664.666667
587.000000 669.000000
591.666667 673.000000
596.333333 676.666667
601.000000 680.666667
605.666667 684.666667
610.000000 689.000000
614.333333 693.333333
618.666667 698.000000
623.000000 702.666667
626.666667 706.666667
630.333333 710.333333
634.000000 714.000000
638.000000 718.000000
642.000000 722.000000
646.000000 726.000000
650.000000 730.000000
653.666667 734.000000
657.333333 738.000000
660.666667 742.333333
664.000000 746.666667
667.000000 751.000000
670.000000 755.000000
673.000000 759.000000
676.000000 763.000000
679.000000 767.000000
682.000000 771.000000
685.000000 775.000000
688.333333 779.000000
691.666667 783.333333
695.000000 787.666667
698.000000 792.000000
700.666667 795.666667
703.333333 799.333333
705.666667 802.666667
708.000000 805.666667
709.666667 808.000000
711.333333 810.000000
713.000000 812.000000
715.000000 814.000000
716.666667 816.000000
718.000000 818.000000
719.333333 819.666667
720.666667 821.333333
722.000000 822.666667
723.000000 824.333333
724.000000 826.000000
725.000000 827.666667
726.000000 829.333333
727.000000 830.666667
727.666667 832.000000
728.333333 833.333333
728.666667 834.666667
729.000000 836.000000
729.000000 837.000000
729.000000 838.000000
