286.333333 389.000000
572.666667 385.333333
859.333333 381.333333
859.666667 377.000000
860.333333 371.666667
861.000000 366.666667
862.000000 361.666667
863.000000 357.000000
864.000000 352.000000
865.000000 347.000000
866.333333 341.666667
868.000000 336.333333
870.333333 330.666667
873.000000 325.000000
876.000000 319.000000
879.333333 313.333333
883.000000 308.000000
887.000000 303.000000
891.666667 297.000000
896.000000 291.666667
900.000000 286.333333
903.333333 281.666667
906.666667 276.333333
910.000000 271.333333
913.333333 267.000000
917.000000 263.000000
921.333333 259.333333
926.000000 255.666667
931.000000 252.000000
936.000000 248.333333
941.000000 244.666667
945.333333 241.333333
949.333333 238.000000
953.000000 235.333333
956.666667 232.666667
960.333333 230.333333
964.000000 228.000000
968.000000 225.333333
972.333333 222.666667
977.000000 219.666667
982.000000 217.000000
987.000000 214.000000
991.666667 211.333333
996.333333 209.000000
1000.666667 207.000000
1005.333333 205.333333
1009.666667 204.000000
1014.666667 203.000000
1019.666667 202.000000
1025.333333 201.000000
1038.000000 200.666667
1050.666667 201.000000
1063.000000 202.000000
1068.333333 203.000000
1073.666667 204.000000
1079.000000 205.333333
1083.666667 206.666667
1088.000000 208.000000
1092.000000 209.333333
1096.000000 211.000000
1099.666667 213.000000
1103.333333 215.333333
1107.333333 218.333333
1112.000000 221.666667
1117.000000 225.000000
1122.000000 228.000000
1127.000000 231.000000
1131.666667 234.000000
1135.666667 236.666667
1139.000000 239.000000
1142.000000 241.333333
1145.000000 244.333333
1148.000000 247.666667
1150.666667 251.333333
1153.000000 255.000000
1155.000000 259.000000
1157.000000 263.333333
1159.000000 267.666667
1161.000000 272.000000
1163.000000 276.000000
1164.666667 280.000000
1166.333333 284.000000
1167.666667 288.000000
1169.333333 292.000000
1170.666667 296.333333
1172.000000 301.000000
1173.000000 306.000000
1174.000000 311.000000
1174.666667 316.000000
1175.333333 321.000000
1175.666667 325.666667
1176.333333 330.333333
1176.666667 335.000000
1177.000000 340.000000
1177.000000 345.333333
1176.666667 351.000000
1176.333333 357.000000
1175.666667 362.666667
1175.333333 368.333333
1174.666667 373.666667
1174.000000 378.666667
1172.666667 383.333333
1171.333333 388.333333
1169.666667 394.000000
1168.000000 400.000000
1166.000000 406.333333
1163.666667 412.666667
1161.333333 419.000000
1158.666667 425.000000
1156.333333 431.333333
1153.666667 438.000000
1151.000000 445.333333
1147.666667 452.666667
1144.000000 460.000000
1140.000000 467.000000
1135.666667 473.666667
1131.000000 480.666667
1126.000000 487.666667
1120.666667 495.333333
1115.666667 503.000000
1110.666667 510.666667
1105.666667 518.333333
1100.000000 525.666667
1094.000000 533.333333
1087.666667 541.333333
1081.666667 549.666667
1075.666667 557.666667
1070.333333 565.000000
1064.666667 572.000000
1059.666667 579.000000
1054.333333 586.333333
1049.333333 594.000000
1044.000000 601.666667
1038.666667 609.333333
1033.333333 616.333333
1027.666667 623.666667
1022.000000 630.666667
1016.666667 638.333333
1011.666667 645.666667
1007.000000 653.000000
1002.000000 659.666667
997.000000 666.000000
991.666667 672.000000
986.000000 678.000000
980.333333 684.333333
974.666667 691.000000
969.333333 698.000000
964.000000 705.000000
958.666667 711.666667
952.666667 718.333333
946.333333 725.000000
939.666667 731.666667
933.333333 738.333333
927.000000 744.666667
921.333333 751.000000
916.000000 757.000000
910.666667 762.666667
905.000000 768.333333
899.000000 773.666667
893.333333 779.000000
888.000000 784.000000
883.333333 788.666667
879.000000 793.000000
875.333333 797.000000
872.333333 800.333333
870.333333 803.333333
868.666667 805.666667
867.666667 807.666667
866.666667 809.000000
866.333333 810.000000
