724.000000 413.000000
723.333333 412.000000
722.666667 411.000000
722.333333 410.000000
721.666667 409.000000
721.333333 407.666667
721.000000 406.333333
721.000000 404.666667
721.000000 403.000000
721.000000 401.000000
721.000000 399.333333
720.666667 397.666667
720.333333 395.666667
720.000000 393.333333
719.666667 391.000000
719.333333 388.666667
718.666667 386.000000
718.333333 383.000000
717.666667 379.666667
717.000000 376.333333
716.000000 372.666667
715.000000 369.000000
713.666667 365.333333
712.333333 361.666667
710.666667 358.000000
709.000000 353.666667
706.666667 349.333333
704.333333 345.000000
701.666667 341.000000
699.000000 336.666667
696.000000 332.333333
693.000000 327.666667
690.000000 323.333333
687.000000 318.666667
684.000000 314.333333
681.333333 309.666667
678.666667 305.333333
676.333333 301.000000
674.000000 297.000000
672.000000 293.000000
670.000000 289.000000
668.000000 285.000000
666.000000 281.333333
664.000000 277.666667
661.666667 274.000000
659.000000 270.000000
656.000000 266.000000
653.000000 262.333333
649.666667 258.666667
646.333333 255.000000
642.666667 251.333333
639.333333 247.666667
636.000000 244.333333
633.000000 241.000000
630.000000 238.000000
627.000000 235.000000
623.666667 232.000000
620.000000 229.000000
616.000000 226.333333
612.000000 223.666667
607.666667 221.333333
603.000000 219.000000
598.000000 217.000000
593.333333 215.000000
588.666667 213.000000
584.333333 211.000000
580.000000 209.333333
576.000000 207.666667
571.666667 206.333333
567.000000 205.000000
562.000000 204.000000
557.000000 203.000000
552.000000 202.000000
547.333333 201.000000
543.000000 200.000000
536.666667 199.000000
530.333333 198.000000
521.666667 197.000000
510.666667 196.666667
499.333333 197.000000
491.000000 198.000000
487.666667 199.000000
485.333333 200.000000
483.000000 201.333333
480.666667 203.333333
478.000000 206.333333
474.666667 210.000000
471.333333 214.333333
467.666667 218.666667
464.333333 223.333333
461.000000 227.666667
458.000000 232.000000
455.333333 236.000000
453.000000 240.000000
451.000000 243.333333
449.000000 246.333333
447.333333 249.000000
445.666667 252.000000
444.333333 255.000000
443.000000 258.000000
442.000000 261.000000
441.333333 264.333333
440.666667 268.000000
440.333333 272.000000
440.000000 276.000000
440.000000 280.333333
440.000000 284.666667
440.000000 289.000000
440.000000 293.000000
440.000000 297.000000
440.000000 301.333333
440.333333 305.666667
440.666667 310.000000
441.000000 314.333333
441.333333 318.666667
441.666667 323.000000
442.333333 327.333333
442.666667 332.000000
443.333333 337.000000
444.000000 341.666667
445.000000 346.333333
446.000000 351.000000
447.000000 355.666667
448.000000 360.333333
449.333333 364.666667
450.666667 369.333333
452.333333 373.666667
454.000000 377.666667
456.000000 381.666667
458.000000 385.333333
460.000000 389.333333
462.000000 393.000000
463.666667 397.000000
465.333333 401.333333
466.666667 405.666667
468.333333 410.000000
469.666667 414.000000
471.333333 418.333333
472.666667 422.666667
474.000000 427.333333
475.333333 432.000000
476.666667 437.333333
478.000000 442.666667
479.333333 448.333333
481.000000 454.000000
483.000000 459.666667
485.000000 465.333333
487.000000 470.666667
489.333333 476.000000
492.000000 481.000000
495.000000 486.000000
498.000000 491.000000
501.333333 496.333333
505.000000 501.666667
508.666667 507.333333
512.333333 513.000000
516.000000 518.666667
520.000000 524.666667
524.000000 530.666667
528.000000 537.000000
532.000000 543.333333
536.000000 549.666667
540.333333 555.666667
545.000000 561.333333
550.333333 566.666667
555.666667 572.000000
561.000000 576.666667
566.333333 581.333333
572.000000 585.666667
578.000000 590.333333
584.333333 594.666667
591.000000 599.000000
597.666667 603.333333
604.333333 607.666667
610.333333 612.000000
615.666667 615.666667
620.333333 619.333333
624.333333 622.666667
628.333333 626.333333
631.666667 630.000000
635.000000 634.333333
638.000000 638.666667
641.000000 643.333333
644.000000 648.000000
646.666667 652.666667
649.333333 657.333333
652.000000 661.666667
654.666667 666.333333
657.333333 670.666667
660.000000 675.333333
662.666667 679.666667
665.333333 684.000000
668.000000 688.333333
670.666667 693.000000
673.333333 698.000000
676.333333 703.000000
680.000000 708.000000
684.000000 713.333333
688.333333 719.000000
693.000000 725.333333
698.000000 732.000000
703.000000 738.666667
708.000000 745.333333
712.666667 751.333333
717.333333 757.000000
721.666667 762.000000
726.333333 766.666667
731.333333 771.000000
736.333333 775.000000
741.333333 778.666667
745.666667 782.333333
749.666667 785.666667
752.666667 788.666667
755.333333 791.333333
757.666667 794.000000
759.666667 797.000000
761.000000 800.000000
762.000000 803.000000
762.666667 806.333333
763.000000 809.333333
763.000000 812.000000
763.000000 814.000000
763.000000 815.666667
763.000000 817.000000
763.000000 817.000000
762.666667 815.000000
762.000000 811.000000
