822.000000 401.000000
800.000000 400.000000
778.000000 399.000000
756.000000 398.000000
756.333333 397.000000
756.666667 396.000000
757.333333 394.666667
757.666667 393.333333
758.000000 391.666667
758.000000 390.000000
758.000000 388.000000
758.000000 385.666667
758.000000 383.333333
757.666667 381.000000
757.333333 379.000000
757.000000 377.000000
757.000000 375.000000
757.000000 372.666667
757.000000 370.666667
757.000000 368.333333
757.000000 366.333333
757.000000 363.666667
757.000000 361.333333
756.666667 358.666667
756.333333 355.666667
755.666667 352.000000
755.333333 348.333333
754.666667 344.666667
753.666667 341.000000
752.333333 337.000000
750.666667 333.000000
749.000000 329.000000
747.000000 325.000000
745.000000 321.333333
743.000000 317.666667
741.000000 314.000000
739.000000 310.000000
736.666667 306.000000
734.333333 302.000000
731.666667 298.000000
729.333333 294.000000
726.666667 290.000000
724.000000 285.666667
721.000000 281.333333
718.333333 276.666667
715.666667 272.333333
712.666667 268.000000
709.333333 263.666667
706.000000 259.333333
702.666667 255.000000
699.000000 250.666667
695.000000 246.333333
691.000000 241.666667
686.666667 237.000000
682.666667 232.333333
678.666667 228.000000
675.000000 223.666667
671.333333 219.333333
667.666667 215.333333
664.000000 211.666667
660.000000 208.000000
656.000000 204.333333
651.666667 201.000000
647.333333 198.000000
643.000000 195.000000
639.000000 192.333333
635.000000 189.666667
631.000000 187.333333
627.000000 184.666667
623.000000 182.333333
618.666667 180.000000
614.000000 178.000000
609.000000 176.333333
604.000000 174.666667
599.000000 173.000000
594.000000 171.333333
589.000000 169.666667
584.333333 168.333333
579.666667 166.666667
575.000000 165.333333
570.000000 163.666667
565.000000 162.000000
560.000000 160.000000
555.333333 158.333333
551.000000 157.000000
547.333333 155.666667
543.333333 154.333333
540.000000 153.000000
535.333333 152.666667
531.333333 153.000000
527.000000 154.000000
524.000000 155.333333
520.666667 156.666667
517.000000 158.333333
513.333333 160.000000
510.000000 162.000000
506.666667 164.000000
503.333333 165.666667
500.000000 167.333333
497.000000 169.000000
494.333333 171.000000
491.666667 173.000000
489.000000 175.000000
486.000000 177.333333
483.000000 179.666667
480.333333 182.333333
477.666667 184.666667
475.000000 187.333333
472.000000 189.666667
468.666667 192.333333
465.333333 194.666667
461.666667 197.333333
458.666667 200.000000
455.333333 203.333333
452.333333 206.666667
449.333333 210.333333
447.000000 213.666667
445.000000 217.333333
443.333333 220.666667
442.000000 223.666667
441.333333 226.333333
440.666667 228.666667
440.333333 231.666667
440.000000 234.666667
440.000000 238.000000
440.333333 241.333333
440.666667 245.666667
441.000000 251.000000
441.000000 257.000000
441.000000 263.000000
440.666667 269.000000
440.333333 274.666667
440.000000 280.000000
439.666667 284.666667
439.333333 288.666667
439.000000 292.000000
439.000000 295.000000
439.000000 297.666667
439.000000 300.000000
439.000000 302.000000
439.000000 304.333333
439.333333 307.000000
439.666667 310.666667
440.000000 314.666667
440.333333 319.333333
440.666667 324.333333
441.000000 330.000000
441.000000 336.333333
441.000000 342.666667
441.333333 349.000000
442.000000 355.000000
443.000000 361.000000
444.333333 367.000000
446.333333 372.666667
449.000000 378.000000
452.000000 383.000000
455.333333 388.000000
459.333333 393.000000
463.666667 398.333333
468.333333 404.333333
473.000000 411.333333
477.666667 418.666667
482.000000 426.333333
486.000000 433.666667
489.666667 441.333333
493.333333 448.666667
497.000000 455.666667
501.000000 462.333333
505.000000 468.333333
509.000000 474.333333
513.333333 479.666667
518.000000 485.333333
523.000000 491.000000
528.333333 497.333333
533.666667 503.666667
539.333333 510.000000
545.333333 516.000000
551.666667 521.666667
557.666667 527.000000
563.333333 532.666667
569.000000 538.666667
575.333333 545.000000
582.000000 551.000000
589.000000 557.000000
595.666667 563.000000
602.333333 568.666667
608.666667 574.333333
615.000000 580.000000
621.333333 585.666667
627.666667 591.333333
634.333333 597.000000
641.000000 603.000000
647.666667 609.000000
653.666667 614.666667
659.333333 620.000000
665.000000 625.333333
671.000000 631.000000
677.000000 637.000000
683.000000 643.000000
689.000000 649.000000
695.000000 654.666667
700.666667 660.333333
706.000000 665.666667
710.666667 670.666667
715.333333 675.333333
720.000000 680.000000
725.333333 685.000000
730.666667 690.333333
736.333333 696.333333
741.666667 702.333333
747.000000 708.333333
752.000000 713.666667
756.666667 719.000000
761.000000 724.000000
764.666667 728.666667
768.333333 733.000000
772.000000 737.000000
776.000000 741.000000
780.333333 745.333333
784.666667 749.666667
789.333333 754.333333
793.666667 758.666667
798.000000 763.000000
802.000000 767.000000
805.333333 770.666667
808.000000 773.666667
810.000000 776.000000
811.666667 777.666667
813.000000 779.000000
814.000000 780.000000
815.000000 781.000000
816.000000 781.333333
816.666667 779.333333
816.666667 775.666667
816.000000 770.666667
