872.666667 361.666667
871.666667 360.333333
871.333333 358.666667
871.000000 357.000000
871.000000 355.000000
871.000000 353.000000
871.000000 351.000000
871.000000 349.000000
871.000000 347.000000
871.333333 345.000000
872.000000 342.666667
873.333333 339.333333
875.000000 335.000000
876.666667 330.000000
878.333333 324.666667
880.000000 319.333333
882.000000 314.000000
884.000000 309.000000
886.333333 304.333333
889.000000 298.666667
892.000000 293.000000
894.666667 287.333333
897.333333 282.666667
899.666667 278.333333
902.333333 273.666667
904.666667 269.333333
907.333333 264.666667
910.000000 260.333333
913.333333 255.666667
917.000000 251.000000
921.666667 244.666667
926.666667 238.000000
932.000000 231.333333
937.000000 225.666667
942.000000 219.666667
946.666667 214.000000
951.333333 208.333333
955.666667 202.666667
960.333333 196.333333
964.666667 190.333333
969.666667 185.000000
975.000000 179.666667
981.000000 174.333333
987.000000 169.000000
992.666667 164.333333
998.333333 160.333333
1004.333333 156.666667
1011.000000 153.333333
1018.000000 149.666667
1025.333333 146.333333
1032.666667 143.000000
1039.666667 140.333333
1046.666667 137.666667
1053.666667 135.333333
1061.333333 133.333333
1069.000000 132.000000
1077.000000 131.000000
1087.333333 130.000000
1100.666667 129.666667
1114.000000 130.000000
1125.000000 131.000000
1132.333333 132.333333
1139.000000 133.666667
1145.333333 135.333333
1151.666667 137.000000
1158.333333 139.000000
1164.666667 141.000000
1171.000000 143.000000
1176.666667 145.000000
1182.000000 147.000000
1186.666667 149.000000
1191.000000 151.333333
1195.000000 153.666667
1199.000000 156.333333
1203.000000 159.333333
1206.666667 163.000000
1210.333333 167.000000
1214.000000 171.000000
1217.666667 175.000000
1221.000000 179.000000
1224.000000 182.666667
1227.000000 186.000000
1229.666667 189.000000
1232.333333 192.000000
1235.000000 195.000000
1238.000000 198.333333
1241.000000 202.333333
1244.000000 207.000000
1246.666667 212.000000
1248.666667 217.333333
1250.333333 222.666667
1251.666667 228.333333
1253.333333 234.000000
1254.666667 240.000000
1256.000000 246.000000
1256.666667 252.000000
1257.333333 258.000000
1257.666667 264.000000
1258.333333 269.666667
1258.666667 275.333333
1259.000000 280.666667
1258.666667 286.333333
1258.333333 292.000000
1257.666667 298.333333
1257.000000 304.666667
1256.000000 311.666667
1255.000000 318.333333
1254.000000 325.333333
1253.000000 332.333333
1251.666667 339.666667
1250.000000 347.333333
1248.333333 355.000000
1246.666667 362.666667
1245.000000 370.000000
1243.000000 377.333333
1240.666667 385.000000
1238.000000 393.000000
1235.000000 401.000000
1232.000000 408.666667
1229.000000 416.000000
1226.000000 422.666667
1223.333333 429.333333
1220.333333 436.000000
1217.333333 443.333333
1214.000000 451.000000
1211.000000 458.666667
1208.000000 466.000000
1205.000000 473.333333
1202.333333 480.666667
1199.666667 488.333333
1196.666667 496.333333
1193.333333 504.333333
1189.666667 511.666667
1185.666667 518.333333
1181.333333 525.000000
1176.333333 531.666667
1171.333333 538.333333
1165.666667 545.000000
1160.333333 552.000000
1154.666667 558.666667
1149.333333 565.000000
1143.333333 571.000000
1137.333333 577.000000
1131.000000 583.333333
1125.000000 590.000000
1119.333333 597.000000
1114.000000 603.666667
1109.000000 610.333333
1104.000000 616.666667
1099.000000 623.000000
1093.666667 629.000000
1087.666667 635.333333
1081.000000 641.666667
1074.000000 648.333333
1067.000000 654.666667
1059.333333 661.333333
1050.666667 667.666667
1041.333333 674.000000
1032.333333 680.000000
1024.000000 686.333333
1016.000000 693.000000
1008.000000 699.666667
1000.000000 706.333333
992.666667 712.333333
985.666667 718.333333
979.666667 723.666667
973.666667 729.666667
968.333333 735.666667
963.000000 742.333333
958.000000 748.666667
953.000000 754.666667
947.333333 760.666667
941.666667 766.000000
936.333333 770.666667
932.666667 773.666667
930.000000 776.000000
928.000000 777.666667
926.333333 779.000000
