766.000000 334.000000
809.666667 332.333333
853.333333 330.000000
897.000000 326.666667
897.000000 322.666667
896.666667 318.000000
896.333333 312.666667
895.333333 307.333333
894.333333 301.666667
892.666667 296.000000
891.000000 289.666667
889.000000 282.666667
886.666667 275.333333
884.000000 267.666667
881.000000 260.333333
878.333333 253.666667
875.666667 247.333333
873.000000 241.333333
870.333333 234.666667
867.666667 228.333333
865.333333 222.333333
863.000000 216.666667
861.000000 211.666667
858.666667 207.000000
856.333333 203.000000
853.666667 198.666667
851.333333 194.333333
848.666667 190.000000
846.000000 186.000000
843.333333 182.000000
840.666667 177.666667
838.000000 173.333333
835.000000 169.000000
832.000000 165.000000
829.000000 161.000000
826.000000 157.333333
823.333333 154.000000
820.666667 151.000000
818.333333 148.000000
816.000000 145.333333
813.666667 143.000000
811.000000 140.666667
807.666667 138.000000
804.000000 135.333333
799.666667 132.666667
795.333333 130.000000
790.666667 127.000000
786.333333 124.000000
781.666667 121.333333
777.666667 119.000000
773.666667 117.000000
770.000000 115.000000
766.000000 113.333333
762.000000 111.666667
758.000000 110.333333
753.666667 109.000000
749.333333 108.000000
744.666667 107.000000
739.333333 106.000000
733.333333 105.666667
727.000000 106.000000
722.000000 107.000000
718.000000 108.000000
715.000000 109.333333
712.333333 111.000000
709.666667 113.000000
707.000000 114.666667
704.000000 116.333333
701.000000 118.000000
698.000000 120.000000
695.000000 122.000000
692.333333 124.000000
689.666667 126.000000
687.000000 127.666667
684.333333 129.000000
681.666667 130.333333
679.333333 132.000000
677.000000 133.666667
674.666667 135.000000
672.333333 136.000000
669.666667 137.333333
667.333333 138.666667
664.666667 140.000000
662.333333 141.333333
659.666667 142.666667
657.000000 144.000000
654.333333 145.333333
651.333333 146.666667
648.333333 148.333333
645.333333 150.000000
642.666667 152.000000
640.000000 154.000000
637.000000 156.333333
634.000000 159.000000
631.333333 162.333333
628.666667 165.666667
626.000000 169.000000
623.333333 172.000000
621.000000 175.000000
618.666667 178.000000
616.333333 181.000000
613.666667 184.000000
611.333333 187.000000
608.666667 190.000000
606.000000 193.000000
603.000000 196.000000
600.000000 199.000000
597.000000 202.000000
594.000000 205.000000
591.333333 208.000000
588.666667 211.333333
586.333333 215.000000
583.666667 218.666667
581.666667 222.000000
579.666667 225.000000
578.000000 228.333333
576.333333 231.666667
574.666667 235.000000
573.333333 238.333333
572.000000 241.666667
570.666667 245.333333
569.333333 249.000000
568.000000 253.000000
567.000000 257.333333
566.000000 262.000000
565.333333 266.666667
565.000000 271.666667
565.000000 277.000000
565.000000 282.666667
564.666667 288.333333
564.666667 294.333333
564.666667 300.666667
565.333333 307.333333
565.666667 313.666667
566.333333 319.666667
566.666667 325.333333
567.333333 330.666667
568.000000 336.666667
568.666667 342.666667
569.333333 349.000000
570.000000 355.333333
571.000000 361.666667
572.000000 368.000000
573.000000 373.666667
574.000000 379.333333
575.000000 385.000000
576.000000 391.000000
577.000000 396.666667
578.000000 402.333333
579.000000 407.333333
580.333333 412.333333
582.000000 417.000000
584.000000 422.333333
586.333333 428.333333
589.333333 435.000000
593.333333 442.333333
597.666667 450.333333
602.333333 458.666667
607.333333 467.333333
612.666667 476.333333
618.333333 486.000000
624.000000 496.333333
630.333333 506.666667
637.000000 517.333333
644.000000 527.666667
650.666667 537.666667
656.666667 546.666667
662.000000 555.000000
667.000000 562.666667
672.000000 570.000000
677.333333 577.000000
683.000000 583.666667
689.000000 590.333333
695.333333 597.333333
701.666667 604.666667
708.000000 611.666667
714.333333 618.666667
721.000000 625.666667
727.666667 633.333333
734.333333 641.000000
741.000000 648.666667
748.000000 656.333333
754.666667 663.666667
761.666667 671.333333
768.666667 678.666667
776.333333 686.333333
784.000000 694.000000
792.000000 702.000000
799.666667 709.333333
807.333333 716.666667
814.666667 723.666667
822.333333 731.000000
830.000000 738.333333
837.666667 745.666667
845.000000 752.666667
851.666667 759.333333
858.000000 765.666667
863.666667 772.000000
869.000000 777.666667
874.333333 783.000000
879.666667 788.000000
884.666667 792.666667
889.333333 797.333333
893.666667 801.333333
898.000000 805.333333
901.666667 808.666667
905.000000 812.000000
907.333333 814.666667
909.333333 816.666667
910.666667 818.000000
911.666667 819.000000
912.333333 820.000000
913.000000 821.000000
