846.000000 406.000000
846.000000 405.000000
846.333333 404.000000
846.666667 403.000000
847.000000 402.000000
847.333333 401.000000
848.000000 399.666667
849.000000 398.333333
850.000000 396.333333
851.333333 394.333333
852.666667 391.666667
854.000000 389.333333
855.000000 386.333333
855.666667 383.000000
856.333333 379.333333
857.000000 375.333333
858.000000 371.000000
859.000000 366.333333
859.666667 362.000000
860.333333 357.666667
861.000000 353.666667
862.000000 349.666667
862.666667 346.000000
863.666667 341.666667
864.666667 337.000000
866.000000 332.000000
867.333333 327.000000
869.000000 322.000000
871.000000 317.000000
873.333333 312.000000
875.666667 307.000000
878.000000 302.333333
880.333333 298.000000
883.000000 293.666667
886.333333 288.666667
889.666667 283.666667
893.000000 278.666667
896.333333 274.000000
900.000000 269.000000
904.000000 264.000000
907.666667 259.333333
911.333333 255.000000
915.666667 251.000000
921.000000 246.333333
927.666667 241.333333
934.333333 236.000000
940.666667 230.666667
946.333333 225.333333
952.000000 220.000000
957.666667 215.000000
963.333333 210.000000
969.000000 205.333333
975.000000 201.333333
980.666667 198.000000
986.000000 195.000000
991.000000 192.333333
995.666667 189.666667
1000.000000 187.000000
1003.666667 184.000000
1007.333333 181.000000
1011.333333 178.333333
1015.666667 175.666667
1020.333333 173.333333
1025.000000 171.000000
1030.000000 168.666667
1034.666667 166.333333
1039.000000 164.333333
1043.333333 162.666667
1047.666667 161.333333
1052.333333 159.666667
1057.000000 158.333333
1062.000000 157.000000
1067.333333 156.000000
1072.666667 155.000000
1078.333333 153.666667
1083.666667 152.333333
1090.333333 151.000000
1099.666667 150.000000
1109.000000 149.666667
1121.666667 150.000000
1132.333333 151.000000
1143.000000 152.000000
1148.333333 153.000000
1153.000000 154.000000
1157.333333 155.000000
1161.666667 156.333333
1165.333333 157.666667
1169.000000 159.333333
1173.000000 161.000000
1177.000000 163.333333
1181.000000 165.666667
1184.666667 168.000000
1188.000000 170.333333
1191.000000 173.000000
1193.666667 175.666667
1196.333333 178.000000
1198.666667 180.333333
1201.333333 182.666667
1203.666667 185.000000
1206.333333 187.333333
1208.666667 189.666667
1211.333333 192.000000
1214.333333 194.000000
1217.666667 196.333333
1221.000000 198.666667
1224.000000 201.333333
1227.000000 204.000000
1230.333333 207.333333
1233.666667 211.000000
1236.666667 215.000000
1239.333333 218.666667
1241.666667 222.333333
1243.666667 226.000000
1245.333333 229.666667
1246.666667 233.000000
1248.333333 236.000000
1249.666667 239.000000
1251.000000 242.000000
1252.000000 245.000000
1253.333333 248.000000
1254.666667 251.000000
1256.000000 254.333333
1257.333333 258.000000
1258.333333 261.666667
1259.666667 265.333333
1260.333333 269.000000
1261.333333 273.000000
1262.000000 276.666667
1262.666667 280.000000
1263.333333 283.000000
1263.666667 286.000000
1264.000000 288.666667
1264.000000 291.333333
1264.000000 294.333333
1264.000000 298.000000
1263.666667 301.666667
1263.333333 305.666667
1262.666667 310.000000
1261.666667 315.000000
1260.333333 320.000000
1259.000000 324.666667
1257.666667 329.333333
1256.000000 334.000000
1254.333333 339.000000
1252.333333 344.333333
1250.333333 350.000000
1248.000000 356.000000
1246.000000 362.333333
1243.666667 368.333333
1240.666667 374.666667
1237.000000 380.333333
1232.666667 386.666667
1227.666667 393.333333
1222.000000 400.666667
1216.333333 408.333333
1211.000000 415.666667
1205.666667 423.333333
1200.000000 431.000000
1193.666667 439.000000
1187.000000 447.000000
1180.000000 455.000000
1173.000000 463.000000
1166.333333 470.666667
1160.000000 478.333333
1154.000000 486.333333
1147.666667 494.666667
1141.000000 503.333333
1134.000000 511.333333
1127.333333 519.666667
1120.666667 528.000000
1114.333333 537.000000
1107.666667 546.000000
1101.000000 555.000000
1094.000000 563.333333
1086.666667 571.000000
1079.333333 578.333333
1072.000000 586.000000
1065.000000 594.000000
1058.000000 601.666667
1051.000000 609.000000
1044.000000 615.666667
1037.333333 622.000000
1031.000000 627.666667
1025.333333 633.000000
1020.000000 638.000000
1015.000000 643.333333
1010.333333 648.666667
1005.666667 654.000000
1001.333333 659.000000
997.000000 663.666667
992.666667 668.333333
988.000000 672.666667
982.666667 677.000000
977.333333 681.000000
972.333333 685.666667
967.333333 691.000000
962.333333 696.666667
956.666667 702.666667
950.666667 708.666667
944.333333 714.666667
937.666667 720.333333
931.333333 726.000000
925.333333 731.666667
920.000000 736.666667
915.000000 741.333333
910.333333 745.666667
906.000000 749.666667
902.333333 753.000000
899.333333 755.666667
897.000000 757.666667
895.000000 759.000000
893.666667 760.000000
892.666667 760.333333
