543.000000 422.666667
543.000000 419.333333
543.000000 415.666667
543.333333 412.333333
543.666667 409.000000
544.000000 405.666667
544.333333 402.666667
544.666667 399.333333
545.000000 396.666667
545.666667 393.333333
547.333333 390.333333
549.666667 387.000000
552.000000 383.666667
554.000000 380.000000
556.000000 376.000000
557.666667 371.666667
559.000000 367.000000
560.000000 362.000000
560.666667 357.000000
560.666667 351.666667
560.000000 346.000000
558.333333 339.666667
556.000000 333.000000
552.666667 326.000000
549.333333 319.000000
546.000000 312.666667
543.000000 306.666667
540.333333 301.000000
537.666667 295.333333
535.333333 290.000000
533.000000 285.000000
531.000000 280.000000
528.666667 275.000000
526.333333 270.000000
523.666667 265.000000
520.666667 260.000000
517.000000 255.333333
512.666667 250.666667
508.000000 246.000000
503.333333 241.333333
498.666667 236.666667
494.666667 232.333333
490.666667 228.000000
487.000000 223.666667
483.000000 219.333333
479.333333 215.000000
475.000000 210.666667
470.333333 206.666667
464.333333 202.666667
458.666667 199.333333
453.000000 196.000000
448.000000 193.333333
443.333333 191.000000
439.333333 188.666667
435.666667 186.333333
432.000000 183.666667
427.666667 181.000000
422.666667 178.000000
416.666667 175.000000
410.333333 172.000000
404.000000 169.000000
398.000000 166.000000
392.333333 163.333333
386.666667 160.666667
380.666667 158.333333
374.000000 156.000000
367.000000 154.333333
360.333333 152.666667
353.000000 151.333333
343.000000 150.666667
333.000000 151.333333
324.333333 152.666667
318.333333 154.666667
312.666667 157.000000
307.000000 160.333333
302.333333 164.000000
298.000000 168.333333
294.000000 173.000000
290.000000 178.333333
286.000000 184.000000
282.000000 190.000000
278.000000 196.000000
274.000000 202.333333
270.000000 208.666667
266.000000 215.333333
262.000000 221.666667
258.333333 228.000000
255.000000 234.333333
252.333333 241.000000
250.000000 248.333333
248.333333 255.666667
247.000000 263.333333
246.333333 271.000000
246.000000 279.000000
246.000000 287.333333
246.000000 296.000000
246.333333 305.000000
246.666667 314.000000
247.333333 322.666667
248.000000 331.333333
249.000000 340.000000
250.333333 349.000000
252.333333 358.000000
254.666667 366.666667
257.000000 374.666667
259.000000 382.333333
261.000000 389.333333
263.000000 396.333333
265.333333 403.000000
268.000000 409.666667
271.000000 416.000000
274.000000 422.000000
277.000000 428.000000
280.000000 434.333333
283.000000 441.333333
286.000000 448.666667
289.000000 456.333333
292.666667 463.666667
296.666667 471.000000
301.666667 478.000000
306.666667 485.666667
312.000000 493.666667
317.000000 501.666667
321.666667 509.000000
326.000000 516.000000
330.000000 523.000000
334.333333 530.000000
339.333333 537.000000
345.333333 544.666667
352.000000 553.000000
358.666667 561.666667
365.000000 570.333333
371.333333 579.000000
377.666667 588.333333
384.000000 597.333333
390.000000 606.333333
396.333333 614.333333
403.000000 622.000000
409.333333 629.000000
415.333333 636.000000
420.666667 643.000000
426.000000 650.000000
431.000000 656.666667
437.000000 663.000000
444.000000 669.333333
452.000000 675.666667
459.666667 682.333333
467.333333 689.333333
475.333333 697.000000
484.333333 705.000000
493.666667 712.666667
502.333333 720.333333
510.333333 728.000000
518.666667 736.000000
527.666667 744.000000
537.333333 752.000000
546.666667 759.666667
555.666667 766.666667
564.333333 773.333333
573.000000 780.000000
582.333333 787.000000
591.666667 793.333333
600.000000 799.000000
606.666667 803.333333
611.666667 807.000000
615.333333 809.666667
618.000000 812.000000
619.666667 814.000000
621.000000 815.666667
622.000000 817.000000
622.666667 818.000000
623.000000 819.000000
623.000000 820.000000
