819.000000 396.000000
751.000000 394.000000
751.333333 392.000000
751.666667 390.000000
752.000000 387.666667
752.000000 385.333333
752.000000 383.000000
752.000000 380.666667
752.000000 378.333333
752.000000 375.666667
752.000000 373.000000
752.000000 370.000000
752.000000 367.000000
752.000000 363.666667
752.000000 360.333333
752.000000 356.666667
751.333333 352.666667
750.333333 348.333333
749.000000 343.666667
747.666667 339.000000
746.333333 334.000000
744.666667 329.000000
743.000000 323.666667
741.000000 318.333333
739.000000 313.000000
736.666667 308.000000
734.333333 303.000000
731.666667 298.000000
729.000000 292.666667
726.000000 287.333333
723.000000 282.000000
720.000000 277.000000
717.000000 272.000000
713.666667 267.000000
710.000000 262.000000
706.000000 257.333333
702.000000 253.000000
698.000000 248.333333
693.666667 243.333333
689.333333 238.333333
685.000000 233.666667
681.000000 229.000000
676.666667 224.000000
672.333333 219.000000
668.000000 214.000000
664.000000 209.333333
659.666667 204.666667
655.000000 200.333333
650.333333 196.333333
645.666667 193.000000
641.333333 190.000000
637.000000 187.000000
633.000000 184.333333
629.000000 181.666667
625.000000 179.000000
621.000000 176.333333
617.333333 174.000000
614.000000 172.000000
610.666667 169.666667
607.333333 167.666667
604.000000 165.666667
601.000000 164.000000
598.000000 162.333333
595.000000 160.666667
592.000000 159.333333
588.666667 157.666667
585.333333 156.000000
581.666667 154.333333
578.333333 153.000000
574.666667 151.666667
570.000000 150.333333
565.000000 149.000000
555.000000 148.666667
545.000000 149.000000
535.000000 150.000000
529.333333 151.000000
523.333333 152.000000
517.333333 153.000000
510.666667 154.000000
505.333333 155.000000
500.000000 156.333333
496.000000 157.666667
492.000000 159.000000
488.333333 160.333333
485.000000 161.666667
481.666667 163.333333
478.333333 165.000000
475.333333 166.666667
472.666667 168.333333
470.000000 170.333333
467.333333 172.333333
465.000000 174.666667
463.000000 177.000000
461.000000 180.000000
459.333333 183.000000
457.666667 185.666667
456.333333 188.333333
455.000000 191.333333
454.000000 194.666667
453.333333 198.666667
453.000000 202.666667
453.000000 207.000000
453.000000 211.000000
453.333333 215.333333
454.000000 219.333333
454.666667 223.333333
455.333333 226.666667
455.666667 230.333333
456.000000 233.666667
456.333333 237.000000
456.666667 240.333333
457.000000 243.666667
457.333333 246.666667
457.666667 249.666667
458.000000 252.666667
458.000000 256.000000
457.666667 259.000000
457.333333 262.000000
457.000000 265.333333
457.000000 268.666667
457.000000 272.000000
457.000000 275.000000
457.000000 278.000000
457.000000 281.000000
456.666667 284.333333
456.333333 288.000000
455.666667 293.333333
455.000000 299.000000
454.000000 304.666667
453.333333 309.000000
452.666667 313.333333
452.333333 317.666667
452.000000 322.000000
452.000000 326.000000
452.000000 329.666667
452.000000 333.333333
452.000000 337.000000
452.333333 341.000000
452.666667 345.333333
453.333333 349.666667
454.000000 354.333333
455.333333 359.000000
456.666667 364.000000
458.666667 369.333333
461.333333 376.666667
464.333333 384.333333
467.333333 391.333333
470.000000 396.333333
472.666667 401.333333
475.333333 406.666667
478.000000 412.000000
481.000000 417.666667
484.333333 423.666667
488.000000 430.000000
492.333333 436.666667
497.000000 443.333333
502.333333 450.333333
508.000000 457.000000
514.333333 464.333333
521.000000 472.000000
528.333333 479.666667
536.333333 487.666667
545.000000 495.666667
554.000000 504.000000
563.333333 512.000000
573.333333 520.000000
583.666667 528.000000
594.333333 535.666667
604.666667 543.333333
615.333333 551.000000
626.000000 558.666667
636.666667 566.000000
646.666667 573.000000
656.000000 580.000000
664.666667 586.666667
673.000000 593.666667
681.000000 600.333333
688.666667 607.333333
696.000000 613.666667
702.666667 620.000000
709.000000 626.333333
714.666667 633.000000
720.333333 639.666667
725.666667 646.333333
731.000000 653.000000
736.000000 659.666667
741.000000 666.000000
746.000000 672.000000
751.000000 678.000000
755.666667 684.333333
760.000000 690.666667
764.666667 699.000000
769.000000 706.666667
773.000000 714.333333
776.000000 720.000000
779.000000 726.333333
782.000000 732.333333
785.333333 738.333333
788.666667 743.666667
791.666667 748.666667
793.666667 752.666667
794.666667 756.000000
795.000000 758.333333
795.000000 760.000000
795.000000 761.000000
