730.000000 371.000000
730.000000 376.666667
730.000000 375.000000
773.333333 373.000000
816.666667 370.666667
860.000000 368.000000
860.333333 365.000000
860.666667 361.666667
861.333333 358.333333
861.666667 355.000000
862.333333 352.000000
862.666667 349.000000
863.333333 345.666667
864.000000 342.333333
865.000000 338.666667
866.333333 335.000000
867.666667 331.000000
869.000000 327.000000
870.333333 323.000000
872.000000 318.666667
874.000000 314.333333
876.000000 310.000000
878.333333 306.000000
880.666667 302.000000
883.333333 298.000000
886.000000 294.000000
889.333333 289.666667
892.666667 285.333333
896.000000 281.000000
899.000000 277.000000
902.000000 272.666667
904.666667 268.333333
907.000000 264.000000
909.333333 260.333333
911.666667 256.666667
914.333333 253.333333
917.000000 250.000000
920.000000 247.000000
923.333333 244.000000
926.666667 240.666667
930.333333 237.333333
934.000000 234.000000
937.666667 231.000000
941.333333 228.000000
944.666667 225.000000
948.000000 222.000000
951.333333 219.000000
954.666667 216.000000
958.000000 213.000000
961.333333 210.000000
965.000000 207.000000
969.333333 204.000000
973.666667 201.000000
978.333333 198.333333
983.000000 196.000000
987.666667 194.000000
992.000000 192.000000
996.000000 190.333333
1000.000000 188.666667
1003.666667 187.333333
1007.333333 186.000000
1011.333333 184.666667
1016.000000 183.000000
1021.000000 181.333333
1026.000000 179.666667
1031.000000 178.333333
1036.000000 177.000000
1041.000000 176.000000
1046.000000 175.000000
1051.000000 174.000000
1057.333333 173.000000
1068.333333 172.666667
1080.333333 173.000000
1090.333333 174.000000
1095.000000 175.333333
1098.000000 176.666667
1101.000000 178.333333
1104.333333 180.000000
1107.666667 182.000000
1111.333333 184.333333
1115.333333 186.666667
1120.000000 189.333333
1125.000000 192.333333
1129.666667 195.666667
1134.000000 199.000000
1137.666667 202.333333
1141.333333 206.000000
1144.666667 210.000000
1147.666667 213.666667
1150.000000 217.333333
1152.000000 220.666667
1153.666667 224.333333
1155.333333 227.666667
1156.666667 231.000000
1158.000000 234.000000
1159.333333 237.333333
1160.666667 240.666667
1162.333333 244.333333
1163.666667 248.000000
1165.333333 252.333333
1166.666667 257.000000
1168.000000 262.333333
1169.000000 267.666667
1170.000000 273.000000
1170.666667 277.666667
1171.333333 282.333333
1171.666667 287.000000
1172.000000 291.666667
1171.666667 296.333333
1171.333333 300.666667
1170.666667 305.000000
1170.333333 309.333333
1169.666667 314.000000
1169.000000 319.000000
1168.333333 323.666667
1167.666667 328.000000
1167.000000 332.333333
1166.000000 337.333333
1165.000000 342.666667
1164.000000 348.000000
1163.000000 353.000000
1162.000000 358.333333
1161.333333 363.333333
1160.666667 368.333333
1160.000000 372.666667
1159.000000 377.000000
1158.000000 381.000000
1157.000000 384.666667
1156.000000 388.333333
1155.000000 392.000000
1154.000000 396.000000
1152.666667 400.000000
1151.333333 404.000000
1149.666667 408.333333
1148.000000 412.666667
1146.000000 417.333333
1144.000000 421.666667
1142.000000 426.000000
1138.666667 432.000000
1135.000000 438.333333
1130.666667 445.333333
1127.333333 451.000000
1123.666667 456.666667
1120.000000 462.000000
1116.333333 467.000000
1113.000000 471.666667
1109.666667 476.000000
1106.333333 480.000000
1102.666667 484.333333
1099.000000 488.666667
1095.000000 493.000000
1090.666667 497.333333
1086.000000 502.000000
1081.000000 507.000000
1076.333333 512.000000
1071.666667 516.666667
1067.333333 521.000000
1063.000000 525.000000
1059.000000 529.000000
1054.666667 533.000000
1050.333333 537.000000
1046.000000 541.000000
1041.666667 545.000000
1037.333333 548.666667
1033.000000 552.333333
1029.000000 555.666667
1025.000000 559.333333
1021.000000 563.000000
1017.333333 566.666667
1014.000000 570.000000
1010.666667 573.333333
1007.333333 576.666667
1003.333333 580.666667
999.333333 584.666667
994.666667 589.000000
989.666667 593.333333
984.333333 598.000000
979.000000 603.000000
974.333333 607.666667
970.000000 612.000000
966.000000 616.000000
961.666667 620.333333
957.666667 624.666667
953.666667 629.000000
949.666667 633.333333
945.333333 638.000000
941.333333 642.666667
937.666667 647.333333
934.000000 652.000000
930.333333 656.666667
927.000000 661.000000
924.000000 665.000000
921.333333 668.666667
918.666667 672.333333
916.666667 675.666667
914.333333 679.000000
912.333333 682.333333
910.000000 686.000000
907.666667 690.000000
905.333333 694.000000
902.666667 698.333333
900.000000 702.666667
897.000000 707.000000
894.000000 711.333333
891.000000 715.666667
887.666667 720.333333
884.000000 725.000000
880.000000 730.000000
876.333333 735.000000
873.000000 740.000000
870.000000 745.000000
867.000000 750.000000
864.666667 754.333333
862.666667 757.666667
861.333333 760.000000
860.333333 761.666667
860.000000 763.000000
859.666667 764.000000
859.333333 765.000000
859.000000 766.000000
859.000000 766.000000
