537.000000 363.666667
633.333333 362.000000
729.666667 360.000000
826.000000 358.000000
826.000000 355.666667
826.000000 353.333333
826.333333 350.333333
826.666667 347.333333
827.000000 343.666667
827.333333 340.000000
828.000000 335.666667
829.000000 331.000000
830.333333 326.000000
831.666667 320.666667
833.333333 315.000000
835.000000 309.333333
837.333333 303.666667
841.000000 296.000000
845.000000 288.000000
849.333333 279.000000
852.666667 272.000000
856.333333 264.666667
859.666667 258.333333
863.333333 252.000000
866.666667 246.333333
871.000000 240.333333
875.666667 235.000000
881.000000 229.666667
886.333333 225.000000
891.666667 220.000000
897.000000 215.333333
902.000000 210.666667
907.000000 206.666667
912.666667 202.333333
918.333333 198.333333
924.666667 194.333333
930.666667 191.000000
936.666667 187.666667
942.000000 184.333333
947.333333 180.666667
952.666667 177.000000
958.333333 173.000000
964.000000 169.333333
970.000000 166.000000
976.333333 163.000000
982.666667 160.666667
989.000000 158.333333
995.000000 156.000000
1000.666667 153.666667
1006.333333 152.000000
1012.333333 151.000000
1034.333333 150.666667
1056.333333 151.333333
1078.000000 152.666667
1084.000000 154.666667
1090.000000 157.000000
1096.000000 160.333333
1102.000000 164.000000
1108.000000 168.000000
1114.333333 172.333333
1120.333333 176.666667
1126.333333 180.666667
1131.666667 184.000000
1136.666667 187.000000
1140.666667 190.000000
1144.333333 193.333333
1148.000000 196.666667
1152.000000 200.333333
1156.000000 204.666667
1160.000000 209.666667
1164.000000 215.333333
1167.666667 220.666667
1171.333333 226.333333
1174.666667 231.666667
1178.000000 237.000000
1181.000000 242.333333
1184.000000 248.333333
1186.666667 254.666667
1189.000000 261.333333
1191.000000 267.666667
1192.666667 274.333333
1194.000000 281.333333
1195.000000 289.000000
1195.666667 297.333333
1196.000000 305.666667
1196.000000 313.666667
1196.000000 321.000000
1196.000000 328.333333
1195.666667 335.666667
1195.333333 343.333333
1194.666667 351.000000
1194.000000 359.000000
1193.000000 366.666667
1191.666667 374.333333
1190.000000 381.666667
1187.666667 389.333333
1185.000000 397.333333
1182.000000 405.666667
1178.666667 414.000000
1175.000000 422.000000
1171.000000 430.333333
1167.000000 439.000000
1163.000000 447.666667
1159.333333 455.666667
1155.666667 463.000000
1152.000000 470.333333
1147.333333 478.000000
1142.333333 486.000000
1136.333333 494.333333
1130.333333 502.666667
1124.000000 510.666667
1118.000000 518.000000
1112.333333 525.333333
1106.666667 533.333333
1101.000000 541.666667
1094.666667 550.000000
1088.333333 558.000000
1081.666667 566.000000
1075.000000 574.000000
1068.333333 582.333333
1062.000000 591.333333
1055.666667 600.333333
1049.333333 609.000000
1042.333333 617.000000
1035.333333 625.000000
1027.666667 632.666667
1020.333333 640.333333
1013.000000 648.000000
1005.666667 656.000000
997.666667 663.666667
989.333333 671.333333
981.000000 679.000000
973.000000 687.333333
964.666667 696.000000
956.000000 705.000000
947.000000 714.000000
938.333333 723.000000
930.000000 732.000000
922.000000 740.666667
913.666667 749.000000
905.333333 757.000000
897.000000 765.000000
889.000000 772.666667
881.333333 780.000000
874.333333 787.000000
868.333333 794.000000
863.333333 800.000000
859.000000 805.333333
855.666667 809.666667
853.000000 814.000000
851.000000 817.333333
849.333333 820.333333
848.000000 822.666667
847.000000 824.666667
846.333333 826.000000
845.666667 827.333333
845.333333 828.666667
844.666667 830.000000
844.333333 831.000000
