855.666667 390.000000
856.333333 387.666667
857.000000 384.666667
857.666667 381.000000
858.333333 377.000000
859.000000 372.666667
859.666667 367.666667
860.333333 362.333333
861.000000 357.000000
862.000000 351.666667
863.000000 345.666667
864.000000 339.333333
865.333333 332.333333
867.000000 325.333333
869.333333 318.000000
872.000000 311.333333
875.000000 304.666667
878.000000 298.333333
881.000000 292.000000
884.333333 286.000000
887.666667 280.333333
891.666667 274.333333
895.666667 268.333333
899.666667 262.666667
903.000000 257.666667
906.333333 253.333333
910.333333 248.666667
914.666667 244.333333
919.333333 239.666667
924.000000 235.000000
929.333333 230.333333
934.666667 226.000000
940.000000 222.000000
945.000000 218.333333
950.000000 214.666667
954.666667 211.000000
959.333333 207.333333
964.333333 204.000000
970.000000 200.666667
976.000000 197.333333
982.000000 194.000000
988.333333 191.333333
994.666667 188.666667
1001.000000 186.333333
1007.000000 184.000000
1013.666667 182.000000
1020.666667 179.666667
1027.666667 177.666667
1034.000000 175.666667
1040.000000 174.333333
1046.000000 173.000000
1054.666667 172.666667
1063.333333 173.000000
1072.666667 174.333333
1079.333333 176.000000
1086.000000 178.000000
1092.000000 180.333333
1098.333333 183.333333
1105.000000 187.000000
1112.000000 190.666667
1119.000000 194.666667
1125.666667 199.000000
1132.000000 204.666667
1138.000000 211.333333
1143.666667 218.666667
1149.000000 227.333333
1154.000000 237.000000
1158.666667 248.000000
1162.666667 259.000000
1166.333333 270.000000
1169.333333 281.333333
1172.333333 292.666667
1174.333333 304.000000
1176.333333 314.333333
1177.666667 324.000000
1178.666667 333.333333
1178.666667 343.333333
1178.333333 353.666667
1177.333333 363.666667
1175.666667 373.666667
1173.000000 384.000000
1170.000000 395.000000
1166.666667 406.000000
1163.333333 417.000000
1160.000000 428.000000
1156.666667 439.333333
1153.000000 450.333333
1148.666667 461.000000
1143.333333 471.000000
1137.000000 481.333333
1129.666667 492.000000
1122.000000 502.666667
1113.333333 512.666667
1103.333333 522.666667
1092.000000 533.000000
1080.000000 544.000000
1068.000000 554.333333
1055.666667 564.000000
1043.666667 572.666667
1032.333333 581.000000
1022.000000 589.000000
1011.666667 597.000000
1001.333333 605.000000
991.000000 612.666667
981.666667 620.000000
972.333333 627.333333
963.333333 635.666667
953.666667 644.666667
944.000000 653.666667
934.666667 662.000000
925.666667 670.000000
917.333333 678.000000
908.666667 686.000000
900.333333 694.000000
892.000000 701.666667
884.666667 708.666667
877.666667 715.000000
871.333333 720.666667
864.666667 726.333333
858.333333 731.666667
852.000000 737.000000
846.666667 741.333333
842.333333 745.333333
838.666667 748.666667
835.333333 752.333333
832.333333 755.666667
830.000000 759.000000
828.333333 761.666667
827.000000 764.000000
826.000000 765.666667
825.333333 767.000000
825.000000 768.000000
