682.000000 343.000000
683.333333 343.000000
684.666667 342.333333
685.666667 340.666667
686.000000 339.333333
686.000000 337.666667
686.000000 336.000000
686.333333 334.333333
687.000000 333.000000
688.000000 331.666667
688.666667 330.000000
689.333333 328.333333
690.000000 326.666667
690.666667 325.333333
691.333333 323.666667
691.666667 321.666667
692.000000 319.333333
692.000000 317.000000
692.000000 315.000000
692.000000 312.666667
691.666667 310.333333
691.000000 307.666667
690.000000 305.000000
689.000000 302.333333
688.000000 299.666667
686.666667 297.000000
685.333333 294.000000
683.666667 291.000000
682.333333 288.000000
680.666667 284.666667
679.000000 281.000000
677.000000 277.000000
675.000000 273.000000
673.333333 269.000000
671.666667 264.666667
670.000000 260.666667
668.000000 256.666667
665.666667 253.333333
663.333333 250.000000
661.000000 246.666667
658.666667 243.333333
656.000000 240.000000
653.000000 237.000000
649.666667 233.666667
646.333333 230.333333
643.000000 227.000000
639.666667 224.000000
636.666667 221.000000
633.333333 218.000000
630.333333 215.333333
627.000000 212.666667
624.000000 210.000000
620.666667 207.333333
617.000000 205.000000
613.000000 202.666667
608.333333 200.333333
603.666667 198.000000
598.666667 196.000000
594.000000 194.000000
589.000000 191.666667
584.000000 189.333333
579.000000 186.666667
573.666667 184.333333
568.000000 181.666667
562.000000 179.333333
556.000000 177.000000
550.333333 175.000000
545.000000 173.000000
540.000000 171.333333
535.000000 169.666667
530.000000 168.333333
525.000000 167.000000
520.333333 166.000000
515.666667 165.000000
509.333333 164.000000
498.666667 163.666667
488.333333 164.000000
480.000000 165.000000
474.333333 166.333333
468.666667 167.666667
463.000000 169.333333
458.666667 171.000000
454.333333 173.000000
450.000000 175.333333
446.000000 177.666667
442.000000 180.333333
438.333333 182.666667
434.666667 185.333333
431.333333 187.666667
428.000000 190.000000
425.000000 192.000000
422.000000 194.000000
419.333333 196.333333
416.666667 198.666667
414.333333 201.333333
411.666667 204.000000
409.000000 207.333333
406.333333 211.000000
404.000000 215.000000
402.000000 219.333333
400.000000 223.666667
398.333333 228.000000
397.000000 232.333333
396.000000 236.666667
395.000000 241.000000
394.000000 245.333333
393.000000 250.000000
392.333333 255.000000
392.000000 260.333333
392.000000 266.000000
392.000000 272.000000
392.000000 278.000000
391.666667 284.000000
391.000000 290.000000
390.333333 296.000000
390.000000 302.333333
389.666667 308.333333
389.333333 314.333333
388.666667 319.666667
388.333333 325.333333
388.000000 330.666667
388.000000 336.333333
388.000000 341.666667
388.000000 347.333333
388.333333 352.666667
389.000000 358.000000
390.000000 363.666667
391.000000 369.333333
392.666667 375.333333
394.666667 380.666667
397.333333 386.666667
399.666667 392.666667
402.333333 399.000000
405.333333 405.000000
408.666667 411.000000
412.000000 417.000000
415.333333 423.000000
418.666667 428.666667
422.000000 434.666667
425.000000 440.666667
428.333333 447.000000
432.000000 453.333333
436.000000 460.000000
440.333333 466.666667
445.333333 473.333333
451.000000 480.333333
457.000000 487.666667
463.000000 495.333333
469.000000 502.666667
475.333333 510.000000
481.666667 517.333333
488.333333 524.333333
495.000000 531.666667
501.666667 538.666667
508.000000 546.333333
514.000000 554.000000
520.000000 561.666667
525.666667 569.000000
531.000000 576.333333
536.333333 584.000000
541.666667 592.000000
547.333333 600.000000
552.666667 607.666667
558.000000 615.000000
563.000000 621.666667
568.000000 628.666667
573.000000 635.666667
578.333333 643.000000
583.666667 650.000000
589.333333 657.000000
595.000000 664.000000
600.666667 670.666667
606.000000 677.333333
611.333333 684.000000
616.666667 691.000000
622.000000 698.000000
627.333333 704.666667
632.666667 711.333333
637.666667 717.666667
642.333333 724.000000
647.000000 730.333333
651.666667 736.333333
656.000000 742.666667
660.000000 748.666667
664.000000 754.666667
667.666667 760.333333
671.333333 765.666667
675.000000 771.000000
679.000000 776.000000
682.666667 781.000000
686.666667 786.000000
690.666667 790.666667
694.666667 795.333333
698.333333 800.000000
701.666667 804.666667
705.333333 809.000000
708.666667 813.000000
712.000000 816.666667
714.666667 819.666667
717.000000 822.000000
719.333333 824.000000
721.333333 826.000000
723.666667 827.666667
725.333333 829.000000
