823.666667 372.666667
823.333333 371.333333
823.000000 369.666667
823.000000 368.000000
823.000000 365.333333
823.333333 362.333333
824.000000 358.666667
825.000000 355.000000
826.333333 351.000000
828.000000 347.000000
830.333333 343.333333
833.000000 339.000000
836.333333 334.333333
840.000000 329.000000
844.000000 323.666667
848.000000 318.000000
851.666667 312.000000
855.333333 306.333333
859.000000 300.666667
863.666667 295.000000
868.666667 288.666667
874.666667 282.000000
880.333333 275.333333
886.333333 269.000000
892.000000 263.000000
897.666667 257.333333
903.000000 252.000000
907.666667 247.333333
913.000000 243.000000
918.333333 239.000000
924.333333 235.000000
930.000000 231.333333
935.666667 227.666667
941.333333 224.000000
946.333333 220.000000
951.333333 216.000000
956.000000 212.333333
961.333333 208.666667
967.000000 205.666667
973.000000 202.666667
979.000000 200.666667
984.666667 198.666667
990.000000 197.333333
995.000000 196.000000
1000.000000 195.000000
1005.000000 193.666667
1010.000000 192.333333
1015.333333 191.000000
1021.000000 190.000000
1030.666667 189.666667
1040.000000 190.000000
1050.333333 191.000000
1058.666667 192.000000
1067.000000 193.333333
1074.000000 194.666667
1079.000000 196.333333
1083.666667 197.666667
1088.000000 199.333333
1092.000000 201.000000
1095.666667 203.333333
1099.000000 206.000000
1102.000000 208.666667
1105.000000 211.666667
1108.000000 214.666667
1111.000000 218.333333
1114.000000 222.000000
1116.666667 226.000000
1119.000000 229.333333
1121.333333 232.666667
1124.000000 236.000000
1126.666667 239.666667
1129.000000 243.333333
1131.000000 247.000000
1133.000000 250.666667
1135.000000 254.666667
1137.000000 258.666667
1138.666667 263.333333
1140.333333 267.666667
1141.666667 272.333333
1143.000000 277.333333
1144.000000 282.666667
1145.000000 288.333333
1145.666667 294.333333
1146.000000 301.000000
1146.000000 308.000000
1145.666667 315.333333
1145.000000 322.333333
1143.666667 329.333333
1142.000000 336.000000
1139.666667 343.333333
1136.666667 350.666667
1133.333333 358.000000
1129.333333 365.000000
1125.000000 372.333333
1120.333333 380.333333
1115.666667 389.000000
1111.333333 398.000000
1107.000000 407.333333
1102.666667 417.000000
1098.333333 426.666667
1093.666667 436.000000
1089.000000 445.000000
1084.000000 453.666667
1079.333333 462.000000
1074.666667 470.000000
1070.000000 478.000000
1065.333333 486.000000
1060.666667 494.000000
1056.000000 502.000000
1051.000000 510.000000
1045.666667 518.000000
1039.666667 526.000000
1033.000000 534.333333
1026.333333 543.000000
1020.000000 552.000000
1014.333333 560.666667
1008.666667 569.000000
1002.666667 577.000000
996.000000 585.000000
989.333333 593.000000
982.666667 601.000000
976.333333 608.666667
970.000000 616.333333
963.666667 624.333333
956.666667 633.000000
949.333333 642.000000
941.666667 651.000000
934.333333 659.666667
927.000000 668.000000
920.000000 676.333333
913.333333 684.666667
906.333333 693.333333
899.333333 701.333333
891.666667 709.333333
884.333333 717.000000
877.000000 725.000000
870.000000 733.000000
863.666667 740.333333
858.333333 746.333333
854.333333 751.000000
851.666667 754.333333
850.000000 757.000000
849.333333 758.666667
848.666667 760.000000
848.666667 761.000000
