629.000000 390.000000
628.000000 388.666667
627.000000 387.333333
626.333333 385.666667
626.000000 384.000000
626.000000 382.000000
626.000000 379.666667
626.000000 377.000000
626.000000 373.333333
626.333333 368.666667
627.000000 363.000000
628.000000 357.000000
629.333333 351.000000
631.333333 344.333333
633.666667 337.000000
636.333333 329.000000
639.000000 321.000000
642.333333 313.000000
646.000000 305.333333
650.000000 297.666667
653.666667 290.333333
657.000000 283.000000
660.000000 276.666667
662.666667 270.666667
665.333333 265.333333
667.666667 260.333333
670.333333 256.000000
672.666667 252.333333
675.333333 249.000000
678.333333 245.666667
682.333333 242.333333
686.666667 239.000000
691.333333 236.000000
696.000000 232.666667
700.333333 229.333333
704.333333 226.333333
708.000000 223.666667
711.666667 221.333333
715.000000 218.666667
718.000000 216.333333
721.333333 214.000000
725.000000 212.000000
729.333333 210.333333
733.666667 208.666667
738.666667 207.333333
743.666667 206.000000
749.000000 205.000000
753.666667 204.000000
760.000000 203.000000
766.666667 202.000000
779.666667 201.000000
798.666667 200.666667
820.000000 201.000000
835.666667 202.333333
843.666667 203.666667
849.000000 205.333333
854.000000 207.333333
858.666667 209.666667
863.000000 212.333333
867.333333 215.000000
871.666667 217.666667
876.000000 220.000000
880.000000 222.000000
884.333333 224.333333
888.666667 226.666667
892.666667 229.000000
896.000000 231.333333
898.666667 233.666667
901.666667 236.000000
904.333333 238.000000
907.000000 240.000000
909.333333 242.333333
911.666667 245.000000
914.333333 248.666667
916.666667 252.666667
919.000000 257.000000
921.333333 261.000000
923.666667 265.000000
926.000000 268.666667
928.333333 272.333333
930.666667 276.000000
933.000000 279.666667
935.000000 283.000000
937.000000 286.000000
939.000000 289.666667
941.000000 293.666667
943.000000 298.333333
945.000000 303.333333
946.666667 309.000000
948.000000 315.000000
949.000000 321.000000
950.000000 327.000000
951.000000 333.000000
952.000000 339.000000
952.666667 345.000000
953.333333 351.333333
953.666667 357.666667
954.000000 364.000000
954.000000 369.666667
954.000000 374.666667
954.000000 379.666667
954.000000 384.666667
954.000000 389.666667
953.666667 394.666667
953.333333 400.000000
952.666667 406.333333
952.000000 412.666667
951.000000 419.333333
949.666667 425.666667
948.333333 432.333333
946.666667 439.000000
944.666667 446.000000
942.333333 453.333333
939.666667 460.333333
937.000000 467.000000
934.000000 473.000000
930.666667 479.000000
927.333333 485.333333
923.666667 492.000000
920.333333 499.000000
917.000000 506.000000
914.000000 513.000000
911.000000 520.000000
907.333333 527.000000
903.333333 534.333333
899.000000 542.000000
894.666667 550.000000
890.333333 557.333333
885.666667 564.333333
881.000000 571.000000
876.000000 577.666667
871.000000 584.333333
866.000000 591.000000
860.333333 598.000000
854.000000 605.333333
846.666667 612.666667
839.666667 619.666667
832.666667 626.666667
826.000000 634.000000
819.000000 642.000000
812.000000 649.666667
805.000000 657.333333
797.666667 664.666667
790.333333 672.000000
783.000000 679.666667
776.333333 688.000000
769.333333 696.666667
762.333333 705.000000
754.666667 713.000000
747.000000 721.000000
739.333333 729.000000
732.333333 736.666667
725.666667 744.000000
719.333333 751.000000
712.666667 757.666667
706.000000 764.000000
699.333333 769.666667
693.000000 774.666667
688.000000 778.666667
684.000000 782.000000
681.000000 784.666667
678.666667 786.666667
677.000000 788.000000
676.000000 789.000000
675.333333 790.000000
674.666667 791.000000
