727.333333 418.000000
724.000000 417.000000
724.000000 416.000000
724.000000 415.000000
724.000000 414.000000
724.000000 413.000000
724.000000 412.000000
724.000000 410.666667
724.333333 409.333333
724.666667 407.666667
725.000000 406.000000
725.333333 403.666667
725.666667 400.666667
726.000000 397.333333
726.000000 393.666667
726.000000 390.000000
726.000000 385.666667
726.000000 381.000000
725.666667 376.000000
725.333333 371.000000
724.666667 365.666667
723.666667 360.000000
722.333333 353.666667
720.666667 347.000000
719.000000 339.666667
717.000000 332.333333
714.666667 324.666667
712.000000 317.000000
709.000000 309.000000
705.666667 301.333333
702.000000 294.000000
698.333333 287.000000
694.666667 280.000000
691.000000 273.333333
687.000000 267.000000
683.333333 261.000000
679.666667 255.333333
676.000000 249.666667
671.666667 244.333333
667.000000 239.000000
661.666667 234.000000
655.666667 228.666667
649.666667 223.666667
643.666667 219.000000
638.333333 215.000000
633.000000 211.000000
627.666667 207.000000
622.000000 203.000000
616.000000 199.333333
609.333333 196.000000
602.666667 193.000000
596.000000 190.333333
590.000000 188.000000
584.000000 186.333333
577.666667 185.000000
571.000000 183.666667
564.000000 182.333333
545.666667 181.666667
526.000000 182.000000
507.000000 183.000000
500.000000 184.000000
495.000000 185.000000
489.666667 186.666667
484.000000 189.000000
478.000000 192.000000
472.000000 195.333333
465.666667 199.333333
459.666667 204.333333
453.666667 209.666667
448.333333 215.333333
443.333333 220.333333
439.000000 225.000000
435.000000 229.000000
431.333333 233.000000
428.333333 236.333333
426.000000 239.333333
423.666667 242.000000
421.333333 245.000000
418.666667 248.333333
416.333333 252.000000
414.333333 256.000000
412.666667 260.000000
411.000000 264.333333
409.333333 269.333333
408.000000 274.333333
407.000000 279.666667
406.000000 284.666667
405.333333 290.666667
405.000000 297.000000
405.000000 303.666667
405.000000 310.000000
405.333333 316.333333
406.000000 322.333333
406.666667 328.000000
407.333333 333.000000
407.666667 338.000000
408.666667 343.333333
410.000000 349.000000
412.000000 355.333333
414.333333 362.333333
416.666667 369.666667
419.333333 377.000000
421.666667 383.666667
424.000000 390.333333
426.000000 396.666667
428.000000 403.000000
430.000000 409.000000
432.333333 414.666667
435.000000 420.000000
438.666667 425.333333
443.000000 431.000000
448.666667 437.333333
455.000000 444.000000
462.000000 451.000000
469.333333 458.000000
477.000000 465.000000
485.333333 472.000000
493.666667 478.333333
501.666667 484.666667
509.000000 490.666667
516.333333 497.333333
524.000000 504.000000
532.333333 511.000000
541.000000 518.333333
549.666667 526.000000
558.333333 534.333333
567.000000 542.666667
576.000000 551.333333
585.000000 559.666667
593.666667 568.333333
602.000000 576.333333
609.666667 584.666667
617.000000 592.666667
624.000000 601.000000
631.000000 608.666667
638.000000 616.333333
645.000000 624.000000
652.000000 632.000000
658.666667 640.333333
664.666667 648.333333
670.000000 656.333333
675.000000 663.666667
680.333333 671.333333
685.666667 678.333333
691.333333 685.666667
696.666667 692.666667
702.000000 700.000000
707.000000 707.000000
712.000000 714.000000
716.666667 721.000000
721.000000 728.000000
724.666667 734.666667
728.000000 741.000000
731.000000 746.333333
733.333333 750.666667
735.000000 754.000000
736.000000 756.666667
737.000000 758.666667
737.666667 760.000000
738.333333 760.333333
739.000000 760.000000
740.333333 758.666667
