678.000000 308.000000
678.000000 307.000000
678.000000 306.000000
678.000000 305.000000
678.000000 303.666667
678.333333 302.333333
678.666667 300.666667
679.333333 298.666667
680.000000 296.333333
681.333333 293.666667
683.000000 291.000000
685.000000 288.000000
686.666667 285.000000
688.333333 282.000000
689.666667 278.666667
691.333333 275.000000
692.666667 271.000000
694.000000 267.000000
694.666667 263.000000
695.333333 259.333333
695.666667 255.666667
696.333333 252.333333
696.666667 248.666667
697.000000 245.333333
697.333333 241.666667
697.666667 238.333333
698.000000 234.666667
698.000000 231.000000
697.666667 226.666667
697.333333 222.333333
696.666667 217.666667
696.000000 213.000000
695.000000 208.333333
694.000000 204.000000
692.666667 199.666667
691.000000 195.000000
689.000000 190.000000
687.000000 185.000000
685.000000 180.000000
683.000000 175.333333
681.333333 170.666667
679.666667 166.333333
678.000000 162.000000
676.333333 158.000000
674.666667 154.000000
673.000000 150.333333
671.333333 146.666667
669.333333 143.000000
667.000000 139.000000
664.000000 135.000000
660.666667 131.000000
656.666667 127.000000
652.000000 122.666667
647.333333 118.666667
642.666667 114.666667
638.333333 111.333333
634.333333 108.333333
630.666667 105.666667
627.000000 103.333333
623.000000 101.000000
619.000000 99.000000
615.000000 97.333333
611.000000 96.000000
607.000000 95.000000
601.666667 94.000000
596.333333 93.000000
591.000000 92.000000
586.000000 91.000000
581.000000 90.000000
576.000000 89.000000
571.666667 87.666667
567.000000 86.333333
562.000000 85.000000
557.000000 84.000000
552.000000 83.000000
547.000000 82.000000
540.666667 81.000000
534.666667 80.000000
528.666667 79.000000
523.666667 78.000000
515.666667 77.000000
507.333333 76.000000
496.000000 75.000000
479.666667 74.666667
462.000000 75.000000
447.666667 76.333333
441.000000 78.000000
436.333333 80.000000
431.666667 82.000000
427.333333 84.333333
423.000000 86.666667
418.666667 89.333333
414.333333 91.666667
409.666667 94.333333
405.333333 97.000000
401.000000 99.666667
397.333333 102.333333
393.666667 105.000000
390.000000 108.333333
386.333333 112.000000
383.000000 116.000000
379.666667 120.000000
376.333333 124.333333
372.666667 128.666667
369.000000 133.333333
365.333333 137.666667
361.666667 142.333333
358.000000 147.000000
354.333333 152.000000
351.000000 157.333333
348.000000 162.666667
345.333333 168.333333
343.000000 173.666667
341.000000 179.000000
339.333333 184.000000
337.666667 189.333333
336.333333 195.000000
335.333333 200.666667
334.666667 206.666667
334.000000 212.666667
333.333333 219.000000
333.000000 224.666667
333.000000 230.000000
333.333333 235.333333
334.000000 240.666667
335.000000 246.333333
336.333333 252.000000
338.000000 258.333333
340.333333 264.666667
343.000000 271.000000
346.333333 277.000000
350.333333 283.333333
355.333333 290.000000
360.666667 297.333333
366.000000 305.000000
371.000000 313.000000
376.000000 321.000000
381.333333 329.333333
386.666667 338.000000
392.666667 347.333333
398.666667 356.333333
405.000000 365.333333
411.000000 373.666667
416.666667 381.666667
422.333333 389.000000
428.000000 396.000000
434.000000 403.333333
440.000000 410.333333
446.333333 417.333333
453.000000 424.000000
460.000000 431.333333
466.666667 439.000000
473.000000 447.333333
479.333333 456.000000
485.666667 464.666667
492.333333 473.000000
499.000000 481.666667
505.333333 490.666667
511.333333 500.000000
516.333333 508.666667
521.333333 517.000000
526.000000 525.000000
531.000000 533.333333
536.000000 542.000000
541.333333 551.000000
547.000000 560.000000
553.000000 569.666667
559.000000 580.000000
564.666667 591.333333
570.333333 603.000000
576.333333 615.333333
582.666667 628.000000
589.000000 641.000000
595.000000 653.666667
601.333333 666.333333
607.333333 679.000000
613.333333 691.666667
618.666667 703.666667
624.333333 715.000000
630.000000 726.000000
636.000000 736.333333
642.000000 746.000000
647.666667 754.666667
653.000000 762.333333
657.333333 768.333333
661.000000 773.000000
664.000000 776.666667
666.666667 779.666667
669.000000 781.666667
670.666667 783.333333
672.333333 785.000000
674.000000 787.000000
675.666667 789.000000
677.333333 790.666667
678.666667 792.000000
680.000000 793.333333
681.000000 794.666667
682.000000 796.000000
683.333333 797.000000
