726.333333 289.000000
725.333333 286.666667
724.333333 283.666667
723.333333 280.333333
721.666667 276.333333
720.000000 272.000000
717.666667 267.000000
715.000000 262.000000
712.000000 257.000000
708.666667 252.000000
704.666667 247.000000
700.333333 242.000000
696.000000 237.333333
691.666667 232.666667
687.333333 228.333333
683.000000 224.000000
679.000000 220.000000
675.000000 216.000000
671.000000 212.333333
667.000000 208.666667
663.000000 205.333333
658.666667 201.666667
653.666667 198.333333
648.333333 195.000000
643.000000 191.666667
638.000000 188.666667
633.333333 185.666667
628.666667 183.000000
624.000000 180.000000
618.666667 177.000000
612.666667 174.333333
606.000000 171.666667
599.333333 169.000000
592.333333 166.333333
585.000000 163.666667
577.000000 161.333333
568.666667 159.000000
560.000000 157.333333
551.333333 155.666667
543.000000 154.333333
522.666667 153.666667
499.666667 154.000000
476.666667 155.000000
466.000000 156.333333
458.666667 157.666667
452.000000 159.333333
446.000000 161.333333
440.333333 164.000000
435.333333 167.333333
431.000000 171.333333
426.666667 176.000000
422.666667 181.000000
418.666667 186.333333
415.000000 191.666667
411.333333 197.333333
408.333333 203.000000
406.000000 208.666667
404.000000 214.000000
402.333333 219.666667
401.333333 225.666667
400.666667 232.000000
400.333333 238.333333
400.000000 245.000000
400.333333 252.333333
401.000000 259.666667
402.000000 267.333333
403.333333 275.333333
405.000000 284.333333
407.333333 293.666667
410.000000 303.000000
413.000000 312.000000
416.000000 320.666667
419.000000 329.000000
422.000000 336.666667
425.000000 344.000000
428.000000 351.000000
430.666667 358.000000
433.666667 365.333333
436.666667 372.666667
440.000000 380.333333
443.333333 388.000000
447.000000 396.333333
451.666667 405.000000
456.666667 414.000000
462.000000 423.000000
467.333333 432.000000
473.000000 441.000000
479.333333 450.000000
486.333333 459.000000
494.333333 468.333333
502.666667 478.000000
511.666667 488.333333
521.000000 499.000000
531.000000 510.000000
541.333333 521.333333
551.666667 533.333333
562.000000 545.333333
572.333333 557.333333
582.666667 568.666667
593.000000 580.000000
602.666667 590.666667
612.333333 601.333333
621.666667 611.333333
631.000000 620.666667
640.000000 629.333333
648.333333 637.666667
656.333333 645.666667
664.000000 653.000000
671.666667 660.000000
679.333333 667.000000
686.666667 673.666667
694.000000 680.666667
700.666667 688.000000
706.666667 696.666667
713.666667 709.666667
720.000000 723.333333
726.000000 736.666667
729.666667 745.666667
733.000000 753.333333
736.000000 760.000000
739.000000 765.000000
741.666667 769.000000
744.666667 772.000000
747.333333 774.333333
750.333333 776.000000
754.666667 776.333333
758.666667 776.000000
762.000000 775.000000
763.000000 774.000000
