660.000000 411.333333
660.666667 409.333333
661.000000 406.666667
661.000000 404.000000
661.000000 401.000000
661.000000 398.000000
661.000000 395.000000
660.666667 391.666667
660.333333 388.000000
660.000000 384.000000
659.666667 380.000000
659.333333 376.000000
659.000000 371.666667
658.666667 367.000000
658.000000 362.000000
657.333333 357.000000
656.666667 352.000000
656.000000 347.333333
655.000000 342.333333
654.000000 337.333333
652.666667 332.000000
651.333333 326.666667
650.000000 321.333333
648.666667 316.000000
646.666667 311.000000
644.333333 306.000000
642.000000 300.666667
639.666667 295.333333
637.000000 289.666667
634.000000 284.000000
631.333333 278.000000
628.666667 272.000000
626.000000 266.000000
623.333333 260.333333
620.666667 255.000000
617.666667 250.000000
614.000000 245.000000
610.333333 240.333333
606.666667 236.000000
603.000000 232.000000
599.000000 228.000000
595.000000 224.000000
591.000000 220.333333
587.666667 217.000000
584.333333 213.666667
581.666667 210.333333
578.666667 207.333333
576.000000 204.666667
573.000000 202.333333
569.666667 199.666667
566.333333 197.333333
562.666667 194.666667
558.666667 192.000000
554.000000 189.333333
549.333333 186.666667
544.666667 184.333333
540.666667 182.000000
536.666667 179.666667
532.666667 177.333333
528.000000 175.000000
523.000000 173.000000
517.666667 171.000000
512.333333 169.000000
506.666667 167.333333
501.333333 165.666667
496.000000 164.333333
491.333333 163.000000
486.666667 162.000000
482.333333 161.000000
477.666667 160.000000
473.000000 159.000000
468.000000 158.000000
462.666667 157.000000
452.666667 156.000000
443.000000 155.666667
430.666667 156.000000
421.000000 157.000000
411.000000 158.000000
404.000000 159.000000
399.333333 160.000000
394.666667 161.333333
390.666667 163.000000
386.666667 165.000000
383.000000 167.000000
379.000000 169.000000
375.000000 171.333333
370.666667 173.666667
366.333333 176.333333
362.000000 179.000000
358.000000 181.666667
354.333333 184.333333
351.000000 186.666667
348.000000 189.000000
345.333333 191.333333
342.666667 194.000000
340.333333 197.333333
338.000000 200.666667
336.333333 204.333333
335.000000 208.000000
334.000000 212.000000
333.000000 216.000000
332.000000 220.000000
331.333333 223.666667
331.000000 227.333333
331.000000 230.666667
331.000000 234.333333
331.000000 237.666667
331.000000 241.666667
331.333333 246.000000
331.666667 251.333333
332.333333 257.000000
332.666667 263.333333
333.333333 269.666667
333.666667 276.000000
334.333333 281.666667
334.666667 287.000000
335.000000 292.000000
335.333333 296.666667
335.666667 301.333333
336.333333 306.000000
337.000000 310.666667
337.666667 315.333333
338.333333 320.000000
339.000000 324.666667
340.000000 329.000000
340.666667 333.000000
341.333333 337.000000
342.000000 341.333333
343.333333 346.333333
344.666667 352.000000
346.000000 358.000000
347.333333 364.000000
349.000000 369.666667
351.000000 375.000000
353.000000 379.333333
354.666667 383.333333
356.333333 386.666667
358.000000 389.666667
360.333333 392.333333
362.666667 395.000000
365.333333 398.000000
368.000000 401.333333
371.000000 405.000000
374.333333 409.666667
377.333333 414.666667
380.000000 420.000000
382.000000 425.000000
384.000000 430.000000
386.000000 435.000000
388.000000 440.000000
390.000000 445.000000
392.000000 449.666667
394.333333 454.333333
397.000000 458.666667
400.000000 463.000000
403.333333 467.000000
407.333333 471.000000
411.666667 474.666667
415.666667 478.000000
419.000000 481.000000
422.333333 484.000000
425.666667 487.000000
429.000000 490.333333
432.000000 494.000000
434.666667 497.666667
437.333333 501.000000
440.000000 504.000000
443.666667 507.333333
448.000000 511.000000
453.000000 514.666667
458.000000 518.333333
463.000000 521.666667
468.333333 525.333333
473.666667 529.000000
480.000000 533.333333
487.000000 538.000000
494.666667 543.333333
502.000000 548.666667
509.000000 554.000000
515.666667 559.333333
522.666667 565.000000
529.666667 570.666667
537.666667 576.333333
545.666667 581.333333
553.666667 586.333333
560.666667 591.000000
567.333333 596.000000
574.333333 601.333333
582.000000 606.666667
589.666667 612.000000
597.000000 616.666667
603.666667 621.333333
610.333333 625.666667
616.333333 630.333333
622.000000 634.666667
627.666667 639.666667
634.333333 645.000000
641.666667 650.666667
648.666667 656.333333
655.000000 661.666667
660.666667 667.000000
666.000000 671.666667
671.000000 676.000000
676.333333 680.000000
681.666667 684.000000
687.000000 688.000000
692.000000 692.000000
697.000000 695.666667
701.666667 699.333333
705.666667 702.666667
709.000000 706.000000
712.333333 709.000000
715.333333 712.000000
718.000000 714.666667
719.666667 716.666667
721.000000 718.333333
722.000000 719.666667
723.000000 721.000000
724.000000 721.333333
724.666667 720.666667
