887.666667 358.333333
901.666667 356.333333
902.333333 354.333333
903.000000 351.666667
904.000000 349.000000
904.666667 346.000000
905.333333 343.000000
905.666667 339.666667
906.333333 336.000000
906.666667 332.000000
907.333333 327.666667
908.000000 323.000000
909.000000 318.000000
910.000000 313.333333
911.333333 308.333333
913.000000 303.333333
915.000000 298.333333
917.333333 293.333333
920.333333 288.000000
924.000000 282.333333
928.000000 277.000000
932.000000 272.000000
935.666667 267.000000
939.333333 262.333333
943.000000 258.000000
946.666667 253.666667
950.000000 249.666667
953.000000 245.666667
956.333333 241.666667
959.666667 237.333333
963.000000 232.666667
966.333333 228.333333
970.000000 224.000000
974.333333 220.000000
979.000000 215.666667
984.000000 211.666667
988.666667 208.000000
993.000000 205.000000
997.000000 202.333333
1001.000000 199.666667
1005.000000 197.000000
1009.000000 194.000000
1013.333333 191.000000
1018.000000 188.000000
1023.000000 184.666667
1028.000000 181.333333
1033.000000 177.666667
1038.000000 174.666667
1042.666667 171.666667
1047.000000 169.000000
1051.000000 166.333333
1055.333333 163.666667
1059.666667 161.333333
1064.333333 159.000000
1069.000000 157.000000
1073.666667 155.333333
1078.333333 154.000000
1082.666667 153.000000
1087.000000 152.000000
1091.000000 151.000000
1094.666667 150.000000
1099.666667 149.000000
1105.000000 148.000000
1114.333333 147.000000
1128.666667 146.666667
1146.333333 147.000000
1163.000000 148.000000
1174.000000 149.000000
1181.666667 150.000000
1187.000000 151.000000
1192.333333 152.333333
1197.666667 153.666667
1203.333333 155.333333
1208.666667 157.000000
1214.333333 159.000000
1219.666667 161.000000
1225.000000 163.333333
1230.000000 165.666667
1234.666667 168.333333
1239.000000 170.666667
1243.000000 173.333333
1247.000000 176.333333
1251.000000 179.666667
1255.000000 183.333333
1259.333333 186.666667
1263.666667 190.333333
1268.000000 193.666667
1272.000000 197.333333
1276.000000 201.000000
1280.000000 205.333333
1284.000000 210.000000
1287.666667 215.000000
1291.000000 220.333333
1293.666667 225.666667
1296.000000 231.333333
1298.000000 237.333333
1300.000000 243.666667
1302.000000 250.333333
1303.666667 256.666667
1305.000000 263.333333
1306.000000 269.333333
1307.000000 275.333333
1307.666667 280.666667
1308.333333 286.333333
1309.000000 292.000000
1309.666667 297.666667
1310.000000 303.333333
1310.000000 309.000000
1310.000000 315.000000
1310.000000 320.666667
1310.000000 326.333333
1309.666667 332.000000
1309.333333 338.000000
1309.000000 344.333333
1308.666667 351.000000
1308.000000 357.666667
1307.333333 364.333333
1306.333333 370.666667
1305.333333 376.666667
1304.333333 382.000000
1303.666667 387.000000
1302.666667 391.666667
1301.333333 396.333333
1300.000000 401.000000
1299.000000 406.000000
1298.000000 410.666667
1296.666667 415.333333
1295.333333 420.000000
1294.000000 424.666667
1292.666667 429.333333
1290.666667 434.000000
1288.000000 439.000000
1285.000000 444.000000
1282.000000 449.333333
1279.000000 455.000000
1275.666667 460.666667
1272.333333 466.000000
1268.666667 471.000000
1265.333333 475.666667
1261.666667 480.333333
1258.000000 485.000000
1254.333333 490.333333
1250.666667 496.000000
1246.666667 502.000000
1242.000000 508.000000
1236.666667 514.000000
1231.000000 520.000000
1225.000000 526.333333
1219.000000 533.333333
1213.333333 541.000000
1208.000000 548.666667
1203.000000 556.333333
1198.000000 563.333333
1193.000000 570.000000
1188.000000 576.333333
1183.000000 583.000000
1178.000000 590.000000
1172.666667 597.333333
1167.333333 604.333333
1162.333333 611.333333
1157.666667 617.666667
1153.000000 624.333333
1147.666667 631.000000
1142.000000 638.000000
1136.000000 645.000000
1130.000000 651.666667
1124.333333 658.000000
1119.000000 664.000000
1114.000000 670.000000
1109.000000 676.333333
1103.666667 683.000000
1098.000000 690.000000
1092.000000 696.666667
1086.333333 703.333333
1080.666667 709.666667
1075.000000 716.000000
1067.666667 724.333333
1060.666667 732.666667
1054.333333 740.666667
1049.666667 746.333333
1045.333333 751.333333
1040.666667 756.666667
1036.000000 761.333333
1030.666667 766.333333
1025.666667 770.666667
1020.666667 775.666667
1015.666667 781.000000
1010.333333 787.000000
1004.666667 793.333333
999.000000 799.666667
992.666667 806.000000
986.333333 812.000000
980.000000 817.666667
974.333333 823.000000
969.000000 828.000000
964.000000 833.000000
959.000000 837.666667
954.000000 842.333333
949.000000 846.333333
944.000000 850.000000
939.666667 852.666667
936.000000 855.000000
933.666667 856.666667
931.333333 858.000000
