738.666667 346.000000
740.000000 345.000000
741.333333 344.000000
742.666667 343.000000
744.000000 341.666667
745.000000 339.666667
746.000000 337.333333
747.000000 334.666667
747.666667 332.333333
748.000000 329.666667
748.000000 327.000000
748.000000 324.333333
748.000000 321.666667
747.666667 319.000000
747.000000 315.666667
746.000000 312.333333
744.666667 308.666667
743.333333 305.000000
741.666667 301.000000
739.666667 297.333333
737.333333 293.666667
735.000000 290.000000
732.666667 286.000000
730.333333 282.000000
727.666667 278.000000
725.333333 274.000000
722.666667 270.000000
720.000000 266.000000
717.000000 261.666667
714.000000 257.333333
710.666667 253.000000
707.000000 249.000000
703.000000 245.000000
699.000000 241.000000
694.666667 237.000000
690.333333 233.000000
685.666667 229.000000
681.333333 225.333333
676.666667 221.666667
672.000000 218.000000
667.000000 214.000000
661.666667 210.000000
656.000000 206.333333
650.333333 203.000000
645.000000 200.000000
640.000000 197.000000
634.666667 194.000000
629.333333 191.000000
624.000000 188.000000
618.666667 185.333333
612.666667 182.666667
606.333333 180.000000
600.333333 177.333333
594.666667 175.000000
589.333333 173.000000
584.000000 171.000000
579.000000 169.333333
574.000000 167.666667
569.000000 166.333333
564.000000 165.000000
558.666667 164.000000
553.333333 163.000000
546.333333 162.000000
533.666667 161.666667
516.333333 162.000000
501.000000 163.000000
492.000000 164.000000
488.000000 165.000000
484.000000 166.333333
480.000000 167.666667
476.333333 169.333333
473.000000 170.666667
469.666667 172.333333
466.333333 173.666667
463.333333 175.000000
460.666667 176.000000
458.000000 177.333333
455.333333 178.666667
452.666667 180.000000
450.333333 181.333333
448.000000 182.666667
446.000000 184.333333
444.000000 186.000000
442.000000 188.000000
440.333333 190.000000
438.666667 192.333333
437.000000 194.666667
435.333333 197.000000
434.000000 199.333333
433.000000 202.000000
432.000000 205.333333
431.000000 208.666667
430.333333 212.333333
429.666667 216.333333
429.000000 220.333333
428.333333 224.333333
428.000000 228.000000
428.000000 232.000000
428.000000 236.000000
427.666667 240.000000
427.666667 244.333333
427.666667 248.666667
428.000000 253.333333
428.000000 258.000000
428.000000 263.000000
428.000000 268.000000
428.000000 272.666667
428.333333 277.000000
428.666667 281.000000
429.000000 285.000000
429.333333 289.333333
430.000000 294.000000
430.666667 299.000000
431.333333 304.000000
431.666667 309.333333
432.333333 314.666667
432.666667 320.333333
433.333333 325.666667
434.000000 333.333333
435.000000 340.666667
435.666667 348.666667
436.333333 355.000000
437.000000 361.666667
438.333333 368.333333
439.666667 374.666667
441.333333 381.000000
442.666667 387.000000
444.333333 392.666667
446.333333 398.333333
448.666667 403.666667
451.333333 408.666667
454.333333 413.666667
457.666667 418.666667
461.333333 424.000000
465.000000 429.333333
469.000000 435.333333
473.000000 441.666667
476.666667 447.666667
480.666667 453.666667
484.333333 459.333333
488.666667 465.000000
492.666667 470.000000
497.000000 475.000000
501.333333 480.333333
506.000000 485.666667
510.666667 491.666667
515.000000 497.666667
519.333333 504.000000
524.000000 510.333333
529.000000 517.333333
534.333333 524.666667
539.666667 532.333333
545.333333 539.666667
550.666667 546.666667
556.000000 553.000000
561.000000 559.333333
566.000000 566.000000
571.000000 573.000000
576.000000 580.333333
581.333333 587.666667
587.000000 595.000000
593.000000 602.000000
599.333333 609.333333
605.666667 616.666667
611.666667 624.000000
617.333333 630.666667
622.333333 637.000000
627.333333 642.666667
631.666667 648.333333
636.000000 653.666667
639.666667 659.000000
643.333333 664.000000
646.666667 669.000000
650.000000 673.666667
653.000000 678.000000
656.333333 682.333333
659.666667 686.666667
663.333333 691.333333
666.666667 695.666667
670.333333 700.666667
674.000000 705.666667
678.333333 711.333333
683.000000 717.333333
688.333333 724.000000
694.000000 731.333333
700.000000 738.666667
706.000000 746.333333
711.666667 753.333333
717.333333 760.333333
723.333333 767.000000
730.000000 773.666667
736.666667 780.333333
743.000000 786.666667
749.000000 792.666667
754.666667 798.333333
760.000000 803.333333
764.666667 808.000000
769.000000 812.000000
772.666667 815.666667
775.333333 818.666667
777.333333 821.000000
778.666667 822.666667
780.000000 824.000000
781.000000 825.000000
