860.666667 324.000000
887.000000 322.666667
887.333333 321.333333
887.666667 320.000000
888.000000 318.666667
888.333333 317.333333
888.666667 316.000000
889.000000 315.000000
889.333333 314.000000
889.666667 312.666667
890.000000 311.333333
890.000000 310.000000
890.333333 308.666667
890.666667 307.333333
891.333333 305.666667
892.000000 304.000000
892.666667 302.333333
893.333333 301.000000
894.000000 299.666667
895.000000 298.000000
896.333333 296.000000
897.666667 293.666667
899.333333 291.000000
900.666667 287.666667
902.666667 283.666667
904.333333 279.333333
906.000000 274.666667
907.333333 270.333333
909.000000 266.000000
911.000000 261.666667
913.000000 257.333333
915.333333 253.000000
918.000000 249.000000
920.666667 245.333333
923.666667 241.666667
926.666667 238.333333
930.000000 235.000000
933.666667 231.000000
937.333333 226.000000
941.000000 220.666667
944.000000 216.333333
947.000000 212.666667
950.000000 209.333333
952.666667 206.000000
955.000000 203.333333
957.333333 200.666667
960.000000 198.333333
963.000000 196.000000
966.000000 194.000000
969.333333 192.000000
972.666667 190.000000
976.333333 187.666667
980.333333 185.333333
984.666667 183.000000
988.666667 180.666667
992.333333 177.666667
995.666667 174.333333
999.000000 171.000000
1002.000000 168.333333
1004.666667 165.666667
1007.333333 163.333333
1009.666667 161.000000
1012.333333 159.000000
1014.666667 156.666667
1017.333333 154.333333
1020.000000 152.000000
1023.333333 150.333333
1026.666667 149.000000
1030.333333 148.000000
1033.666667 146.666667
1037.333333 145.333333
1041.000000 143.666667
1044.666667 142.000000
1048.333333 140.000000
1051.666667 138.000000
1055.000000 136.000000
1058.666667 134.000000
1062.666667 132.000000
1067.666667 130.333333
1072.666667 129.000000
1078.000000 128.000000
1083.000000 127.000000
1087.666667 126.000000
1092.333333 125.000000
1096.666667 123.666667
1101.333333 122.333333
1106.000000 121.000000
1120.666667 120.000000
1137.333333 119.666667
1158.000000 120.000000
1170.333333 121.000000
1180.333333 122.000000
1186.000000 123.000000
1189.666667 124.333333
1193.000000 126.000000
1196.000000 127.666667
1199.000000 129.666667
1202.000000 131.333333
1205.333333 133.666667
1209.000000 135.666667
1213.000000 138.000000
1216.666667 140.000000
1220.000000 142.000000
1223.333333 144.000000
1226.666667 146.000000
1229.666667 148.000000
1232.333333 150.000000
1235.000000 152.333333
1237.666667 154.666667
1240.333333 157.666667
1242.666667 161.000000
1245.000000 165.000000
1247.000000 169.000000
1248.666667 173.000000
1250.333333 177.000000
1252.000000 180.666667
1253.666667 184.333333
1255.333333 188.000000
1257.000000 192.000000
1259.000000 196.333333
1261.000000 200.333333
1263.000000 204.666667
1264.666667 209.000000
1266.333333 213.666667
1267.666667 218.333333
1269.333333 222.666667
1270.333333 227.000000
1271.666667 231.333333
1272.333333 235.666667
1273.333333 240.333333
1274.000000 245.000000
1274.666667 250.333333
1275.333333 255.666667
1275.666667 261.000000
1276.000000 266.000000
1276.000000 271.000000
1276.000000 275.666667
1276.000000 280.333333
1276.000000 284.666667
1275.666667 289.333333
1275.000000 294.000000
1274.333333 299.000000
1273.666667 304.333333
1273.000000 310.000000
1271.666667 316.000000
1270.000000 321.666667
1268.333333 327.333333
1266.666667 333.000000
1265.000000 339.000000
1263.333333 345.000000
1261.666667 351.000000
1260.000000 357.333333
1258.333333 363.666667
1256.666667 369.666667
1255.333333 375.000000
1253.666667 380.000000
1252.000000 385.333333
1250.333333 390.666667
1248.666667 396.333333
1247.333333 402.000000
1245.666667 408.000000
1244.000000 413.666667
1242.000000 419.000000
1239.666667 424.000000
1237.333333 429.000000
1234.666667 434.333333
1232.000000 439.666667
1229.000000 445.666667
1226.000000 451.333333
1223.000000 457.333333
1220.000000 463.000000
1216.666667 468.666667
1213.333333 474.000000
1210.000000 479.000000
1207.000000 484.333333
1204.000000 489.666667
1200.666667 495.333333
1197.000000 501.000000
1193.333333 506.666667
1189.333333 512.333333
1185.333333 517.666667
1180.666667 522.666667
1175.666667 527.666667
1170.666667 533.000000
1165.666667 539.000000
1161.000000 545.000000
1156.000000 551.333333
1151.000000 557.666667
1145.666667 564.000000
1139.666667 570.000000
1133.333333 576.000000
1127.000000 581.666667
1121.000000 587.333333
1115.000000 592.666667
1109.333333 598.333333
1104.000000 603.666667
1098.666667 609.000000
1093.333333 613.666667
1088.000000 618.000000
1083.000000 621.666667
1078.000000 625.333333
1073.000000 628.666667
1068.333333 632.000000
1063.666667 635.666667
1059.000000 639.666667
1053.666667 644.333333
1047.666667 649.000000
1041.333333 654.333333
1035.000000 659.666667
1029.000000 664.666667
1023.333333 669.000000
1018.333333 673.000000
1014.000000 677.000000
1009.666667 681.000000
1005.333333 685.000000
1001.000000 689.000000
997.000000 693.000000
992.666667 697.333333
988.000000 701.666667
983.000000 706.333333
978.333333 710.666667
974.000000 715.000000
970.000000 719.000000
965.000000 724.666667
959.666667 730.666667
954.333333 737.000000
950.000000 742.000000
946.000000 747.000000
942.000000 751.666667
938.000000 756.000000
934.333333 760.000000
930.666667 764.000000
927.333333 767.666667
924.000000 770.666667
921.333333 773.000000
919.000000 775.000000
917.000000 777.000000
915.000000 779.000000
913.333333 781.000000
912.000000 783.000000
911.000000 784.666667
910.000000 786.000000
909.000000 787.000000
908.333333 788.000000
908.000000 789.000000
