854.333333 327.666667
855.666667 326.000000
856.666667 323.666667
857.000000 321.000000
857.000000 317.666667
857.000000 313.666667
856.666667 309.333333
856.333333 304.666667
855.666667 300.000000
855.000000 294.666667
853.666667 289.000000
852.000000 282.666667
850.000000 276.333333
848.000000 270.000000
845.666667 264.000000
843.000000 258.333333
840.333333 252.666667
837.666667 247.333333
835.333333 242.000000
832.666667 237.666667
830.333333 233.666667
828.000000 230.000000
826.000000 226.000000
824.000000 222.333333
822.333333 219.000000
820.666667 216.000000
819.000000 213.000000
817.000000 210.333333
815.333333 207.666667
813.666667 205.333333
812.000000 203.000000
810.000000 201.000000
807.666667 198.666667
805.000000 196.333333
802.000000 194.000000
798.666667 191.666667
795.333333 189.333333
791.666667 187.000000
788.666667 185.000000
785.666667 183.000000
783.000000 181.000000
780.000000 179.000000
777.333333 177.000000
775.000000 175.000000
772.666667 173.000000
770.333333 171.000000
767.666667 169.000000
765.000000 167.000000
762.000000 165.000000
758.666667 163.000000
755.000000 161.333333
750.666667 160.000000
746.000000 159.000000
739.666667 158.000000
733.666667 157.666667
726.666667 158.000000
721.000000 159.333333
715.333333 160.666667
711.000000 162.333333
707.333333 164.000000
703.666667 165.666667
700.000000 167.333333
696.333333 168.666667
692.666667 170.333333
689.333333 171.666667
686.333333 173.333333
683.666667 174.666667
681.000000 176.000000
678.333333 177.000000
675.666667 178.333333
673.333333 179.666667
670.666667 181.000000
668.333333 182.000000
665.666667 183.333333
663.000000 184.666667
659.666667 186.333333
656.333333 188.000000
652.666667 190.333333
649.000000 193.000000
645.000000 196.000000
641.333333 199.000000
637.666667 202.666667
634.000000 207.333333
630.333333 212.666667
627.000000 218.333333
624.000000 224.000000
621.000000 230.000000
618.000000 235.666667
615.333333 241.333333
613.000000 246.333333
611.000000 251.333333
609.000000 255.333333
607.333333 259.333333
605.666667 263.000000
604.000000 267.000000
602.000000 271.333333
600.000000 276.000000
598.000000 281.666667
596.000000 287.666667
594.000000 294.333333
592.000000 301.000000
590.333333 308.000000
589.000000 314.666667
587.666667 321.000000
586.666667 326.666667
585.666667 332.000000
585.000000 336.666667
584.333333 341.000000
584.000000 345.000000
583.666667 349.333333
583.333333 354.000000
583.000000 359.000000
583.000000 364.333333
583.000000 369.666667
583.000000 375.333333
583.000000 380.666667
583.000000 385.666667
583.000000 390.333333
583.000000 394.666667
583.000000 399.333333
583.333333 403.666667
584.000000 408.333333
585.000000 413.000000
586.666667 418.000000
588.666667 423.333333
591.333333 429.000000
594.333333 435.666667
598.000000 442.666667
602.000000 450.333333
606.000000 458.000000
610.000000 465.666667
614.000000 473.333333
618.000000 481.000000
622.333333 489.000000
627.000000 497.000000
632.333333 505.333333
638.000000 513.666667
644.333333 522.333333
651.000000 531.333333
658.000000 540.666667
664.666667 550.000000
671.000000 558.666667
677.333333 567.333333
684.000000 576.000000
691.000000 584.666667
697.666667 593.000000
704.000000 601.000000
710.000000 608.666667
715.666667 615.666667
721.333333 622.333333
727.333333 629.000000
733.666667 636.333333
740.000000 643.666667
746.000000 651.333333
752.000000 659.000000
757.666667 666.666667
763.000000 674.000000
768.000000 681.333333
773.000000 688.666667
777.666667 696.000000
782.333333 703.000000
787.333333 709.666667
792.333333 716.000000
797.333333 722.000000
802.000000 728.000000
806.666667 734.000000
811.333333 740.000000
816.000000 746.000000
820.666667 751.666667
825.333333 757.000000
830.000000 762.000000
834.666667 766.666667
839.333333 770.666667
843.666667 774.000000
847.333333 776.666667
850.333333 779.000000
852.666667 781.000000
855.333333 783.000000
857.666667 785.333333
860.333333 788.000000
862.333333 791.000000
864.333333 793.666667
865.666667 796.333333
867.000000 798.333333
868.000000 800.333333
869.000000 801.666667
869.666667 803.000000
870.333333 804.000000
871.000000 805.000000
872.333333 805.333333
