871.000000 344.000000
871.000000 343.000000
804.333333 341.666667
737.666667 340.333333
671.000000 338.333333
671.000000 336.666667
671.000000 334.333333
671.000000 332.333333
671.000000 329.666667
671.000000 326.666667
671.000000 323.333333
670.666667 319.666667
670.333333 316.000000
669.666667 312.000000
669.000000 308.000000
668.000000 304.000000
666.666667 299.666667
665.333333 295.000000
663.666667 289.666667
661.666667 284.333333
659.333333 279.000000
656.666667 274.000000
654.333333 269.000000
651.666667 264.333333
649.333333 260.000000
646.666667 256.333333
644.333333 252.666667
642.000000 249.666667
639.666667 246.666667
637.000000 244.000000
634.333333 241.000000
631.666667 238.000000
629.000000 235.000000
626.000000 232.000000
622.666667 228.666667
619.000000 225.333333
615.000000 221.666667
610.666667 218.333333
606.000000 214.666667
601.000000 211.000000
596.000000 207.000000
591.000000 203.333333
586.000000 200.000000
581.333333 197.000000
576.666667 194.000000
572.000000 191.000000
567.000000 188.333333
561.666667 185.666667
556.333333 183.333333
550.666667 180.666667
545.333333 178.333333
540.000000 176.000000
535.000000 174.000000
529.666667 171.666667
524.000000 169.333333
518.000000 167.000000
512.000000 165.000000
506.333333 163.000000
501.000000 161.333333
496.000000 159.666667
491.333333 158.333333
487.000000 157.000000
482.666667 156.000000
473.333333 155.666667
463.666667 156.000000
454.000000 157.000000
449.000000 158.000000
444.333333 159.333333
440.000000 160.666667
436.333333 162.333333
432.666667 164.000000
429.000000 166.000000
425.333333 168.000000
422.000000 170.000000
418.666667 172.333333
415.333333 175.000000
411.666667 178.000000
408.333333 180.666667
405.000000 183.333333
402.000000 185.666667
399.000000 188.333333
396.000000 191.333333
393.000000 195.000000
390.333333 199.000000
388.000000 203.333333
385.666667 208.000000
383.666667 212.666667
381.666667 217.333333
380.333333 222.000000
378.666667 226.666667
377.333333 231.000000
375.666667 235.333333
374.333333 239.666667
373.000000 244.333333
372.000000 249.000000
371.000000 254.333333
370.000000 260.000000
369.000000 265.666667
368.000000 271.333333
367.333333 277.000000
366.666667 282.666667
366.000000 288.333333
365.333333 293.666667
364.666667 299.000000
364.333333 303.666667
364.333333 308.000000
364.666667 312.333333
365.666667 317.000000
366.666667 321.666667
368.333333 326.333333
369.666667 331.333333
371.333333 337.000000
373.000000 343.333333
375.000000 350.000000
377.000000 356.666667
379.000000 363.333333
381.000000 369.666667
383.000000 376.333333
385.000000 382.666667
387.000000 389.000000
389.333333 395.333333
392.333333 401.666667
396.000000 408.000000
400.000000 414.333333
404.333333 420.666667
408.666667 427.000000
413.000000 433.000000
417.000000 439.333333
421.000000 446.000000
424.666667 453.000000
428.333333 460.000000
432.000000 466.666667
436.000000 473.333333
440.000000 480.000000
444.333333 487.333333
449.333333 494.666667
455.000000 502.333333
461.000000 510.000000
467.000000 518.000000
473.000000 526.000000
479.000000 534.000000
485.000000 542.000000
491.000000 549.666667
496.666667 557.000000
502.000000 563.666667
507.000000 570.000000
512.000000 576.333333
516.666667 582.666667
521.000000 589.333333
525.000000 596.000000
529.000000 603.000000
532.666667 609.666667
536.333333 616.000000
540.000000 622.000000
544.000000 628.000000
548.000000 634.000000
552.000000 640.000000
556.000000 646.000000
559.666667 652.333333
563.333333 658.666667
566.666667 665.000000
570.333333 671.333333
573.666667 678.000000
577.333333 685.000000
580.666667 692.000000
584.000000 698.666667
587.333333 705.000000
591.000000 711.000000
595.000000 717.000000
599.000000 722.666667
603.000000 728.666667
607.333333 734.333333
612.000000 740.333333
616.666667 746.000000
621.333333 752.000000
626.000000 757.666667
631.000000 763.000000
636.333333 768.333333
641.666667 773.333333
647.000000 778.333333
651.666667 782.666667
656.000000 787.000000
660.000000 791.000000
664.000000 795.000000
667.333333 798.666667
670.333333 802.000000
672.666667 805.333333
675.000000 809.000000
676.666667 812.666667
678.000000 816.000000
678.666667 819.000000
679.333333 822.000000
679.666667 825.000000
680.000000 827.666667
680.000000 829.666667
680.000000 831.000000
680.000000 832.000000
