737.666667 388.000000
737.000000 386.666667
737.000000 385.333333
737.333333 384.000000
738.000000 382.666667
739.000000 381.333333
740.000000 380.000000
741.000000 378.666667
742.000000 377.333333
743.000000 376.000000
744.000000 374.333333
744.666667 372.333333
745.000000 369.666667
744.666667 366.666667
744.000000 363.333333
743.000000 359.666667
741.666667 356.000000
739.666667 352.000000
737.000000 347.666667
734.000000 343.000000
731.000000 338.000000
728.000000 332.666667
725.000000 327.000000
722.000000 321.333333
718.666667 315.666667
715.333333 310.333333
711.666667 304.666667
708.333333 299.333333
704.666667 294.333333
701.000000 289.666667
697.333333 285.000000
694.000000 280.000000
691.000000 275.000000
688.000000 270.000000
685.000000 265.000000
682.333333 260.333333
680.000000 256.000000
678.000000 252.000000
676.000000 248.000000
674.000000 244.333333
672.000000 240.666667
670.000000 237.333333
667.666667 234.000000
664.666667 230.666667
660.666667 227.000000
656.333333 223.000000
651.333333 219.000000
646.333333 215.333333
640.666667 211.666667
635.000000 208.333333
629.000000 205.000000
623.000000 201.666667
616.666667 198.333333
610.333333 195.000000
604.000000 192.000000
598.000000 189.333333
592.333333 187.000000
586.666667 185.000000
581.333333 183.000000
575.666667 181.333333
570.333333 180.000000
564.666667 179.000000
559.333333 178.000000
554.000000 177.000000
546.000000 176.000000
529.666667 175.666667
511.333333 176.000000
495.666667 177.000000
488.000000 178.000000
482.000000 179.333333
476.333333 181.000000
470.333333 183.000000
464.666667 185.333333
459.000000 187.666667
454.333333 190.000000
450.000000 192.333333
446.000000 195.000000
442.333333 198.000000
439.000000 200.666667
436.000000 203.333333
433.000000 206.333333
430.333333 210.000000
427.666667 214.000000
425.000000 218.000000
422.333333 222.000000
420.000000 226.000000
418.000000 229.666667
416.333333 233.000000
414.666667 236.333333
413.333333 239.333333
411.666667 242.333333
410.333333 245.333333
408.666667 248.333333
407.333333 251.666667
405.666667 254.666667
404.333333 258.333333
403.000000 262.000000
402.000000 266.000000
401.000000 270.000000
400.333333 274.000000
399.666667 277.666667
399.333333 281.333333
399.000000 285.333333
399.000000 289.666667
399.000000 294.333333
399.000000 299.000000
399.000000 304.000000
399.000000 309.000000
399.000000 314.000000
399.000000 318.666667
399.333333 323.000000
399.666667 327.000000
400.333333 331.000000
401.000000 335.000000
402.333333 339.333333
404.000000 344.000000
406.000000 349.333333
408.000000 355.000000
410.333333 361.000000
412.666667 367.000000
414.666667 373.333333
416.333333 379.333333
418.000000 385.666667
420.000000 391.666667
421.666667 398.000000
423.333333 404.666667
424.666667 411.666667
426.333333 419.000000
427.666667 425.666667
429.333333 432.333333
430.666667 439.000000
432.333333 445.666667
434.000000 452.000000
436.333333 458.000000
438.666667 464.000000
441.000000 470.000000
443.666667 476.000000
447.000000 482.000000
451.000000 488.333333
455.000000 495.000000
459.000000 502.000000
463.000000 508.666667
467.333333 515.333333
471.666667 522.000000
476.000000 529.000000
480.333333 536.000000
485.000000 542.666667
490.000000 549.333333
495.000000 556.000000
500.333333 562.666667
505.666667 569.000000
511.000000 575.000000
516.000000 581.000000
521.333333 587.000000
527.333333 593.333333
534.000000 599.666667
541.333333 606.000000
548.666667 612.333333
556.000000 618.666667
563.333333 625.333333
571.333333 632.000000
580.000000 639.333333
589.000000 647.000000
598.000000 655.000000
607.000000 663.000000
616.333333 671.000000
626.000000 679.000000
636.000000 687.000000
646.000000 695.000000
655.666667 702.666667
665.000000 710.000000
674.333333 717.333333
683.666667 724.333333
693.000000 731.333333
701.333333 738.000000
709.333333 745.000000
716.333333 752.000000
723.666667 759.000000
731.000000 765.666667
738.666667 772.333333
745.666667 778.333333
752.000000 784.333333
758.000000 789.666667
763.666667 795.333333
768.666667 800.000000
772.666667 804.000000
775.666667 806.666667
778.000000 809.000000
779.666667 811.000000
781.000000 812.666667
782.000000 814.333333
783.000000 815.666667
783.666667 817.000000
784.000000 818.000000
784.000000 818.333333
