583.000000 364.666667
583.333333 363.000000
583.666667 361.000000
584.000000 358.666667
584.000000 356.000000
584.000000 352.666667
584.000000 349.000000
583.666667 344.666667
583.000000 339.666667
582.000000 333.666667
581.000000 327.333333
580.000000 320.666667
578.666667 314.000000
577.333333 307.333333
575.666667 301.000000
574.000000 294.666667
571.666667 288.333333
568.666667 281.666667
565.000000 275.000000
561.000000 268.000000
556.666667 261.333333
552.000000 255.000000
547.000000 248.666667
542.000000 242.333333
537.333333 236.000000
533.000000 230.000000
529.000000 224.333333
525.333333 219.000000
521.666667 214.333333
518.333333 210.000000
515.000000 206.333333
512.000000 203.000000
509.000000 200.000000
506.000000 197.000000
503.000000 194.333333
500.000000 192.000000
497.333333 190.000000
494.666667 188.000000
492.000000 186.000000
489.333333 184.333333
487.000000 182.666667
484.666667 181.333333
482.000000 179.666667
478.666667 178.000000
475.333333 176.000000
471.666667 174.333333
467.666667 172.666667
463.000000 171.333333
458.333333 170.000000
441.000000 169.666667
424.000000 170.000000
406.666667 171.000000
402.333333 172.000000
398.333333 173.333333
394.666667 175.000000
391.000000 177.000000
387.000000 179.333333
383.000000 181.666667
379.000000 184.666667
375.000000 187.666667
371.000000 191.000000
367.333333 194.000000
363.666667 197.333333
360.666667 200.333333
357.666667 203.333333
354.666667 206.333333
351.666667 209.666667
348.666667 213.000000
346.000000 216.333333
343.333333 219.666667
340.666667 223.333333
338.333333 227.000000
335.666667 231.000000
333.000000 235.000000
330.000000 239.000000
327.333333 243.333333
324.666667 247.666667
322.000000 252.000000
319.000000 256.333333
316.333333 261.000000
313.666667 266.000000
311.333333 270.666667
308.666667 275.666667
306.333333 280.666667
303.666667 285.666667
301.333333 290.333333
299.000000 295.333333
297.000000 300.666667
295.000000 306.000000
293.000000 310.666667
291.333333 315.333333
290.000000 319.666667
288.666667 324.000000
287.666667 328.000000
286.666667 332.333333
286.333333 337.000000
285.666667 342.000000
285.333333 347.000000
285.000000 352.333333
285.000000 358.000000
285.333333 363.666667
285.666667 369.333333
286.333333 374.666667
287.000000 380.333333
288.000000 386.000000
289.000000 392.000000
290.333333 398.000000
291.666667 404.333333
293.333333 410.666667
295.333333 417.000000
298.000000 423.333333
301.333333 430.333333
305.000000 438.000000
309.333333 446.000000
313.666667 454.000000
318.000000 461.666667
322.000000 469.333333
326.000000 477.000000
329.666667 484.666667
333.000000 492.333333
336.000000 499.666667
339.000000 507.000000
341.666667 513.333333
344.333333 519.000000
347.000000 524.000000
350.333333 528.666667
354.000000 533.000000
358.000000 537.333333
362.333333 541.666667
367.000000 546.000000
372.000000 550.333333
377.333333 554.666667
383.333333 559.333333
389.666667 563.666667
396.666667 568.333333
403.666667 573.000000
411.000000 578.000000
418.000000 583.333333
425.000000 589.333333
432.333333 596.000000
440.000000 603.000000
448.000000 610.000000
456.000000 616.666667
464.000000 623.333333
472.000000 630.333333
480.000000 637.666667
488.333333 645.000000
496.333333 652.000000
504.000000 658.666667
510.666667 665.333333
517.333333 672.000000
523.666667 679.000000
530.333333 686.000000
536.666667 693.333333
543.333333 700.666667
549.666667 708.000000
556.000000 715.000000
561.666667 722.000000
567.000000 729.000000
572.000000 736.000000
577.000000 742.666667
582.000000 749.333333
586.666667 755.333333
591.000000 761.333333
595.333333 766.333333
599.666667 771.333333
604.000000 776.000000
608.000000 780.333333
611.333333 784.000000
614.000000 787.000000
616.000000 789.333333
617.666667 791.333333
619.000000 792.666667
620.000000 794.000000
620.666667 795.000000
621.000000 796.000000
621.000000 797.000000
