689.000000 428.666667
718.000000 426.000000
717.666667 422.666667
717.333333 418.666667
717.000000 414.000000
717.000000 409.333333
717.000000 405.000000
717.000000 400.666667
717.000000 396.333333
717.000000 391.666667
717.333333 387.000000
717.666667 382.333333
718.000000 377.333333
718.000000 372.333333
718.333333 366.666667
718.666667 361.333333
719.333333 356.000000
720.000000 351.000000
721.000000 346.000000
722.000000 340.666667
723.333333 335.000000
724.666667 329.000000
726.333333 323.000000
728.000000 317.000000
730.333333 311.333333
733.333333 306.000000
737.000000 300.666667
741.333333 294.666667
746.000000 288.333333
750.666667 281.666667
755.333333 275.333333
759.666667 268.666667
763.666667 262.666667
767.333333 256.666667
771.333333 251.333333
776.333333 245.666667
782.000000 239.666667
788.333333 233.333333
794.666667 227.000000
801.000000 221.333333
807.000000 215.666667
813.666667 210.333333
821.333333 205.000000
830.000000 200.000000
838.666667 195.000000
846.666667 190.000000
854.666667 185.000000
863.333333 180.000000
873.000000 175.333333
882.333333 171.000000
891.000000 167.000000
899.000000 163.000000
907.666667 159.333333
916.666667 156.000000
926.000000 153.333333
934.666667 151.000000
942.666667 149.333333
950.000000 148.000000
967.333333 147.666667
985.666667 148.333333
1003.333333 149.666667
1010.333333 151.333333
1016.000000 153.000000
1022.000000 155.000000
1028.333333 157.333333
1034.333333 159.666667
1040.000000 162.333333
1044.666667 165.333333
1049.000000 168.666667
1053.333333 172.333333
1058.000000 176.000000
1063.000000 180.333333
1068.000000 184.666667
1073.333333 189.333333
1078.666667 194.000000
1084.000000 199.000000
1088.666667 204.666667
1093.000000 210.666667
1096.666667 217.000000
1100.000000 222.666667
1102.666667 228.333333
1104.666667 233.666667
1106.333333 239.000000
1108.000000 244.666667
1109.666667 251.000000
1111.333333 257.666667
1112.666667 264.333333
1114.000000 270.666667
1115.000000 276.666667
1116.333333 282.000000
1117.666667 287.333333
1118.666667 293.333333
1119.000000 299.666667
1119.333333 306.333333
1119.333333 313.000000
1119.333333 320.000000
1118.666667 327.000000
1118.000000 334.666667
1117.000000 342.666667
1116.000000 351.333333
1115.000000 359.666667
1113.666667 367.666667
1112.333333 375.333333
1110.666667 382.666667
1109.000000 390.333333
1107.333333 397.666667
1105.333333 405.000000
1103.333333 412.333333
1100.666667 419.333333
1097.666667 426.333333
1093.333333 433.333333
1088.000000 441.000000
1082.000000 449.000000
1076.333333 456.666667
1071.000000 464.000000
1066.000000 471.333333
1061.333333 478.666667
1056.666667 486.333333
1051.666667 494.000000
1045.666667 502.000000
1039.333333 509.666667
1033.000000 517.000000
1026.666667 524.333333
1020.666667 531.666667
1014.666667 539.333333
1009.000000 547.000000
1002.666667 555.000000
996.000000 562.666667
989.000000 569.666667
982.333333 576.333333
976.000000 583.333333
970.333333 590.666667
964.666667 598.333333
959.333333 605.666667
953.333333 613.000000
946.666667 620.000000
939.666667 626.666667
933.000000 633.333333
927.000000 640.333333
921.333333 647.333333
916.000000 654.333333
910.666667 660.666667
904.666667 667.333333
898.333333 673.666667
891.666667 680.000000
885.666667 686.333333
879.666667 693.000000
874.333333 699.666667
869.333333 706.333333
864.666667 712.333333
860.333333 718.333333
855.000000 724.000000
849.333333 730.000000
843.000000 735.666667
837.333333 741.333333
831.666667 746.666667
826.333333 752.000000
821.000000 757.333333
816.000000 762.666667
809.666667 768.000000
802.666667 772.666667
795.333333 776.666667
789.333333 780.333333
784.000000 783.666667
779.333333 786.666667
775.666667 789.000000
773.000000 791.000000
771.000000 792.666667
769.333333 794.000000
768.333333 795.000000
767.666667 796.000000
767.000000 797.000000
766.333333 798.000000
766.000000 798.333333
766.333333 797.333333
