781.000000 358.000000
780.333333 356.666667
780.000000 355.000000
779.666667 353.000000
779.333333 351.000000
779.000000 349.000000
779.000000 347.000000
779.000000 344.666667
779.000000 342.000000
779.000000 339.000000
778.666667 335.666667
778.333333 331.666667
777.666667 327.000000
777.333333 322.000000
776.666667 317.000000
776.333333 311.666667
775.666667 306.666667
775.333333 301.666667
774.666667 297.333333
774.333333 293.000000
773.666667 288.666667
773.333333 284.333333
772.666667 280.000000
772.000000 276.000000
771.000000 271.666667
770.000000 267.000000
769.000000 262.333333
768.000000 258.000000
766.666667 254.000000
765.000000 250.000000
763.000000 246.000000
761.333333 242.333333
759.666667 238.666667
757.666667 235.333333
755.333333 231.666667
753.000000 228.000000
750.666667 224.333333
748.000000 220.666667
744.666667 217.000000
741.333333 213.000000
737.666667 209.333333
734.333333 206.000000
731.000000 203.000000
728.000000 200.000000
725.000000 197.000000
722.333333 194.333333
719.666667 191.666667
717.000000 189.333333
714.000000 186.666667
710.666667 184.333333
707.333333 181.666667
703.666667 179.333333
700.000000 177.000000
695.666667 174.666667
691.333333 172.666667
687.000000 170.666667
683.333333 169.000000
679.666667 167.333333
676.000000 166.000000
672.000000 165.000000
668.000000 164.000000
663.666667 163.000000
647.000000 162.666667
630.333333 163.000000
612.333333 164.000000
606.333333 165.333333
600.333333 167.000000
595.666667 168.666667
591.666667 170.666667
587.666667 172.666667
584.333333 175.000000
581.000000 177.333333
578.000000 180.000000
575.000000 183.333333
571.666667 187.000000
568.000000 191.333333
564.000000 196.000000
560.000000 201.000000
555.666667 206.666667
551.666667 212.666667
548.000000 218.666667
545.000000 224.333333
542.000000 229.666667
539.333333 235.000000
537.000000 240.000000
535.333333 245.000000
534.000000 250.000000
533.000000 255.000000
532.000000 260.333333
531.333333 266.000000
531.333333 272.333333
531.666667 279.000000
532.333333 286.333333
532.666667 294.333333
533.333333 303.000000
534.000000 312.000000
535.000000 320.666667
536.000000 329.000000
537.000000 337.333333
538.000000 345.666667
539.333333 354.333333
541.000000 362.333333
543.000000 370.000000
545.666667 377.000000
549.000000 383.666667
553.000000 390.333333
557.000000 397.000000
560.666667 403.666667
564.333333 410.666667
567.666667 417.666667
570.666667 425.000000
573.333333 432.000000
575.666667 439.000000
578.333333 446.333333
580.666667 453.666667
583.333333 460.666667
586.333333 467.333333
590.000000 473.333333
594.333333 479.000000
599.333333 484.666667
605.000000 491.333333
612.000000 501.333333
618.666667 511.666667
625.333333 522.000000
630.666667 530.333333
636.000000 538.666667
641.000000 547.000000
646.333333 555.000000
651.333333 562.666667
656.333333 569.666667
660.666667 576.000000
665.333333 581.666667
670.333333 587.666667
676.333333 594.000000
682.333333 600.666667
689.000000 607.333333
695.333333 613.333333
702.333333 619.000000
708.666667 624.333333
715.666667 629.666667
722.666667 635.333333
730.000000 641.000000
737.333333 646.666667
744.333333 652.000000
751.000000 657.333333
757.000000 662.666667
762.666667 667.666667
768.000000 672.000000
773.333333 675.666667
778.000000 678.666667
782.666667 681.333333
786.666667 683.666667
791.000000 685.666667
795.000000 687.333333
799.000000 688.666667
802.666667 690.333333
805.666667 692.000000
808.333333 693.666667
810.333333 695.000000
812.000000 696.000000
813.000000 697.000000
814.000000 698.000000
815.000000 699.000000
816.000000 700.000000
816.666667 701.000000
817.333333 701.333333
