661.333333 356.000000
663.000000 355.000000
664.666667 354.000000
666.000000 353.000000
666.666667 352.000000
667.333333 351.000000
667.666667 350.000000
668.333333 348.666667
668.666667 347.000000
669.000000 345.000000
669.000000 342.666667
668.666667 340.000000
668.000000 336.666667
666.666667 333.000000
665.333333 329.000000
663.666667 324.666667
661.666667 320.000000
659.333333 315.000000
656.666667 310.000000
654.000000 304.666667
650.666667 299.333333
647.333333 293.666667
643.666667 288.000000
640.000000 282.000000
636.333333 276.000000
632.666667 270.000000
629.333333 264.333333
626.000000 259.000000
622.666667 254.000000
619.000000 249.000000
615.000000 244.000000
611.000000 239.000000
606.666667 234.333333
602.333333 229.666667
597.666667 225.333333
593.333333 221.000000
589.000000 217.000000
585.000000 213.000000
581.333333 209.333333
577.666667 205.666667
573.666667 202.333333
569.000000 199.000000
564.000000 196.000000
559.000000 193.000000
554.000000 190.333333
549.333333 188.000000
545.000000 186.333333
540.666667 184.666667
536.333333 183.333333
532.000000 182.000000
528.000000 181.000000
524.000000 180.000000
519.666667 179.000000
515.333333 178.000000
509.333333 177.000000
502.333333 176.000000
488.666667 175.666667
476.333333 176.000000
464.000000 177.000000
458.333333 178.000000
453.333333 179.000000
449.666667 180.000000
445.666667 181.333333
441.666667 182.666667
438.333333 184.000000
436.000000 185.333333
433.666667 186.666667
431.333333 188.333333
428.666667 190.000000
426.333333 192.333333
423.666667 194.666667
421.000000 197.333333
418.333333 199.666667
415.333333 203.000000
412.333333 206.666667
409.000000 211.000000
406.000000 215.333333
403.000000 220.000000
400.333333 225.000000
398.000000 229.666667
396.000000 234.000000
394.333333 238.000000
392.666667 242.000000
391.333333 246.000000
390.000000 250.333333
389.333333 255.000000
388.666667 260.000000
388.333333 265.000000
388.000000 269.666667
388.000000 274.333333
388.000000 278.666667
388.000000 283.333333
388.333333 288.000000
388.666667 293.000000
389.000000 298.000000
389.333333 303.333333
389.666667 308.666667
390.000000 314.000000
390.333333 319.000000
391.000000 324.333333
391.666667 329.666667
392.333333 335.333333
393.000000 341.333333
394.000000 348.000000
395.000000 354.666667
396.000000 361.666667
397.000000 368.666667
398.000000 375.666667
399.333333 382.333333
401.000000 389.000000
403.000000 396.000000
405.000000 403.000000
407.000000 409.666667
409.333333 416.333333
412.000000 423.333333
415.000000 431.000000
418.000000 439.333333
421.000000 447.666667
424.000000 456.333333
427.000000 464.666667
430.000000 473.333333
433.333333 482.000000
437.333333 491.333333
442.333333 500.666667
448.000000 510.666667
454.333333 521.000000
461.000000 532.000000
468.000000 543.000000
475.333333 554.333333
483.333333 565.666667
492.333333 577.333333
501.333333 589.000000
510.333333 600.333333
518.666667 611.000000
527.666667 621.000000
536.666667 631.000000
545.666667 640.333333
554.333333 649.000000
562.666667 657.000000
571.000000 665.000000
579.000000 672.666667
586.666667 680.333333
594.333333 687.666667
601.333333 695.000000
608.333333 701.666667
614.333333 707.666667
620.333333 713.333333
626.000000 719.000000
631.666667 724.666667
637.333333 730.333333
643.000000 735.666667
648.666667 741.333333
654.000000 746.666667
659.000000 752.000000
663.666667 757.000000
667.666667 761.666667
671.333333 765.666667
674.333333 769.000000
677.333333 772.000000
680.000000 775.000000
683.666667 778.666667
688.000000 782.333333
692.333333 786.000000
695.666667 788.666667
698.000000 790.666667
700.000000 792.000000
701.333333 793.000000
