842.666667 352.666667
875.333333 351.000000
908.000000 349.333333
908.000000 347.333333
908.000000 345.333333
908.000000 342.666667
908.000000 340.333333
908.000000 338.000000
908.000000 336.000000
908.000000 333.666667
908.333333 331.333333
908.666667 328.666667
909.333333 326.333333
909.666667 324.000000
910.000000 321.666667
910.000000 319.000000
910.333333 316.333333
910.666667 313.666667
911.000000 311.000000
911.000000 308.000000
911.333333 304.666667
912.000000 300.666667
913.000000 296.666667
914.666667 292.000000
916.666667 287.000000
919.333333 281.333333
922.333333 275.333333
925.666667 269.333333
929.333333 263.000000
933.000000 257.333333
937.000000 251.333333
941.000000 245.666667
945.000000 239.000000
948.666667 232.666667
952.000000 226.666667
955.333333 221.000000
959.000000 215.666667
963.333333 209.333333
968.000000 203.666667
973.666667 197.333333
979.666667 190.666667
986.000000 183.666667
991.666667 177.000000
996.666667 171.333333
1000.666667 166.333333
1004.333333 162.000000
1007.666667 158.000000
1011.333333 154.333333
1014.666667 151.333333
1020.000000 148.000000
1025.666667 145.000000
1032.000000 142.000000
1037.000000 140.000000
1042.000000 138.000000
1047.000000 136.000000
1052.000000 134.000000
1059.000000 131.666667
1066.000000 129.333333
1073.333333 127.000000
1078.666667 125.000000
1084.000000 122.666667
1089.000000 120.666667
1093.666667 118.666667
1098.000000 117.333333
1102.000000 115.666667
1106.333333 114.333333
1110.666667 112.666667
1117.333333 111.333333
1124.000000 110.000000
1131.000000 109.000000
1137.000000 108.000000
1148.666667 107.666667
1160.333333 108.000000
1171.000000 109.333333
1176.000000 111.000000
1180.666667 113.333333
1185.000000 116.000000
1189.000000 119.333333
1193.000000 123.000000
1197.333333 127.000000
1201.666667 130.666667
1206.000000 134.333333
1210.333333 137.666667
1214.666667 140.666667
1218.666667 143.333333
1222.333333 145.666667
1225.666667 148.000000
1229.000000 150.000000
1232.333333 152.000000
1235.333333 154.000000
1238.333333 156.000000
1240.666667 158.000000
1243.333333 160.666667
1246.000000 163.666667
1248.666667 167.000000
1251.000000 170.000000
1253.000000 173.333333
1255.000000 176.666667
1257.000000 179.666667
1259.000000 182.333333
1261.000000 185.000000
1263.000000 188.000000
1265.000000 191.333333
1266.666667 195.666667
1268.333333 201.333333
1269.666667 208.000000
1270.666667 214.666667
1271.333333 221.333333
1272.000000 227.666667
1272.666667 234.000000
1273.000000 240.000000
1273.333333 246.000000
1273.666667 251.666667
1274.000000 257.333333
1274.000000 262.666667
1274.000000 268.000000
1274.000000 273.000000
1274.000000 277.666667
1274.000000 282.000000
1273.666667 286.333333
1273.000000 293.000000
1272.333333 300.333333
1271.666667 308.000000
1271.333333 314.333333
1270.666667 320.333333
1270.333333 326.000000
1269.666667 331.000000
1269.000000 335.666667
1268.333333 340.333333
1267.666667 345.000000
1266.666667 350.333333
1265.333333 356.000000
1263.666667 361.666667
1262.000000 367.333333
1260.000000 372.666667
1258.000000 378.000000
1255.333333 385.333333
1252.666667 393.000000
1249.666667 401.333333
1247.333333 408.000000
1245.000000 414.666667
1243.000000 421.000000
1240.666667 427.000000
1238.000000 433.000000
1235.000000 439.000000
1232.000000 445.000000
1229.000000 451.000000
1225.666667 457.000000
1222.000000 462.666667
1218.000000 468.000000
1214.333333 473.333333
1209.666667 480.333333
1205.333333 487.666667
1201.000000 495.000000
1197.666667 501.000000
1194.333333 507.333333
1191.000000 513.333333
1187.666667 519.000000
1184.000000 524.000000
1179.666667 529.000000
1175.333333 534.000000
1170.666667 539.333333
1166.333333 545.000000
1161.666667 551.333333
1157.333333 557.666667
1152.666667 564.000000
1148.000000 570.333333
1142.666667 576.666667
1136.666667 583.333333
1130.000000 590.333333
1123.333333 597.666667
1117.000000 605.000000
1111.000000 611.666667
1105.000000 618.000000
1099.000000 624.333333
1092.666667 630.666667
1086.333333 637.333333
1079.666667 644.000000
1073.666667 650.666667
1068.000000 657.333333
1063.000000 663.666667
1055.666667 672.000000
1047.333333 680.333333
1038.000000 689.000000
1030.000000 696.333333
1022.000000 703.666667
1013.666667 711.000000
1004.666667 717.666667
995.333333 724.333333
986.666667 730.000000
979.666667 735.000000
974.666667 738.666667
971.000000 741.666667
968.333333 744.000000
966.333333 745.666667
965.000000 747.000000
964.000000 748.000000
963.000000 749.000000
962.333333 750.000000
962.000000 751.000000
962.000000 751.333333
962.000000 750.666667
962.333333 748.666667
963.000000 745.666667
