957.000000 404.333333
957.000000 402.666667
936.000000 401.000000
915.000000 399.333333
894.000000 397.666667
894.000000 396.000000
894.000000 394.333333
894.000000 392.333333
894.000000 390.333333
894.333333 388.000000
894.666667 385.666667
895.000000 382.666667
895.000000 379.333333
895.333333 375.666667
895.666667 372.000000
896.333333 368.000000
897.000000 364.000000
898.000000 359.666667
899.000000 355.333333
900.000000 351.000000
901.000000 347.333333
902.333333 343.666667
903.666667 340.333333
905.000000 336.666667
906.000000 333.000000
907.000000 329.000000
907.666667 325.000000
908.333333 321.000000
909.000000 317.000000
910.000000 313.000000
911.000000 309.000000
912.333333 305.000000
914.000000 301.000000
916.000000 297.000000
918.000000 293.000000
920.333333 288.666667
923.333333 284.333333
927.000000 279.666667
931.000000 275.000000
934.666667 270.333333
938.333333 266.000000
942.000000 262.000000
945.666667 258.000000
949.000000 254.333333
952.000000 251.000000
955.000000 248.000000
958.000000 245.000000
961.000000 242.000000
964.333333 239.000000
968.000000 236.000000
972.000000 233.000000
976.000000 230.000000
980.333333 227.000000
985.000000 224.000000
989.666667 221.000000
994.000000 218.000000
998.000000 215.000000
1002.000000 212.000000
1006.333333 209.333333
1011.000000 206.666667
1016.000000 204.333333
1021.000000 202.000000
1026.333333 200.000000
1031.666667 198.000000
1037.000000 196.333333
1041.666667 195.000000
1046.000000 194.000000
1050.000000 193.000000
1054.000000 192.000000
1060.000000 191.000000
1075.666667 190.666667
1091.333333 191.000000
1105.000000 192.000000
1109.000000 193.000000
1113.333333 194.000000
1117.666667 195.333333
1122.333333 196.666667
1126.666667 198.333333
1131.000000 199.666667
1134.666667 201.333333
1138.000000 203.000000
1141.000000 205.000000
1144.000000 206.666667
1146.666667 208.666667
1149.000000 210.666667
1151.333333 213.000000
1153.666667 215.000000
1156.000000 217.000000
1158.000000 219.333333
1160.333333 221.666667
1162.666667 224.000000
1165.000000 226.333333
1167.333333 228.666667
1169.666667 231.000000
1172.000000 233.000000
1174.333333 235.333333
1176.666667 237.666667
1179.000000 240.000000
1180.666667 242.000000
1182.333333 244.333333
1184.000000 246.666667
1185.666667 249.333333
1187.333333 252.000000
1188.666667 255.000000
1190.000000 258.333333
1191.000000 261.666667
1192.000000 265.333333
1193.000000 269.000000
1194.000000 272.666667
1194.666667 276.333333
1195.333333 279.666667
1195.666667 283.000000
1196.000000 286.000000
1196.000000 289.000000
1196.000000 292.000000
1196.000000 295.000000
1196.000000 298.000000
1196.000000 301.000000
1196.000000 304.333333
1195.666667 307.666667
1195.333333 311.333333
1194.666667 315.000000
1194.000000 318.666667
1193.000000 322.333333
1191.666667 326.000000
1190.333333 329.666667
1189.000000 333.000000
1187.666667 336.333333
1186.000000 340.000000
1184.000000 344.000000
1181.666667 348.000000
1179.333333 352.000000
1177.000000 356.000000
1174.666667 360.000000
1172.333333 364.000000
1170.000000 368.000000
1168.000000 372.000000
1166.000000 375.666667
1164.000000 379.333333
1162.000000 382.666667
1160.000000 386.333333
1158.000000 389.666667
1156.000000 393.333333
1154.333333 397.000000
1152.666667 401.000000
1151.000000 405.000000
1149.000000 409.333333
1147.000000 413.666667
1145.333333 418.000000
1143.666667 422.000000
1141.666667 425.666667
1139.333333 429.333333
1136.666667 432.666667
1134.000000 436.333333
1130.666667 440.000000
1127.333333 444.333333
1123.666667 448.666667
1120.333333 453.333333
1117.000000 458.000000
1114.000000 463.000000
1111.000000 467.666667
1108.000000 472.000000
1105.000000 476.333333
1102.333333 480.666667
1099.666667 485.000000
1096.666667 489.000000
1093.333333 493.333333
1089.666667 498.000000
1086.000000 503.000000
1082.333333 507.666667
1078.666667 512.333333
1075.000000 516.666667
1071.333333 521.000000
1067.666667 525.333333
1064.666667 529.666667
1061.666667 534.000000
1059.000000 538.333333
1056.333333 543.000000
1053.666667 548.000000
1051.333333 552.666667
1049.000000 557.333333
1046.666667 562.000000
1044.333333 566.333333
1041.666667 570.333333
1039.333333 574.000000
1036.333333 578.000000
1033.333333 581.666667
1030.000000 585.666667
1026.666667 590.000000
1023.333333 595.000000
1020.333333 600.000000
1017.666667 605.000000
1015.333333 610.000000
1013.000000 614.666667
1011.000000 619.333333
1008.666667 623.666667
1006.333333 628.000000
1004.000000 632.333333
1001.666667 637.000000
999.333333 642.000000
996.666667 647.000000
994.000000 651.666667
991.000000 656.000000
988.000000 660.333333
985.000000 664.666667
982.000000 669.000000
979.000000 672.666667
976.000000 676.333333
973.333333 680.000000
970.666667 684.000000
968.333333 688.000000
966.000000 692.333333
964.000000 696.666667
962.333333 701.000000
960.666667 705.000000
959.333333 709.000000
957.666667 713.000000
956.333333 716.666667
954.666667 720.000000
953.000000 723.333333
951.000000 726.666667
949.000000 730.000000
946.666667 733.333333
944.000000 736.666667
941.000000 740.000000
938.000000 743.333333
935.000000 746.666667
932.000000 750.000000
929.333333 753.000000
926.666667 756.000000
924.333333 759.000000
922.000000 761.666667
920.000000 764.000000
918.000000 766.333333
916.333333 768.666667
915.000000 770.666667
914.000000 772.333333
913.000000 774.000000
912.000000 775.666667
911.000000 777.000000
910.000000 778.000000
909.333333 779.000000
908.666667 780.000000
908.333333 781.333333
907.666667 782.666667
907.000000 784.000000
906.000000 785.000000
905.333333 786.000000
905.000000 787.000000
904.666667 788.000000
904.333333 789.000000
903.666667 790.000000
903.333333 791.000000
903.000000 792.000000
