870.000000 317.666667
869.333333 315.000000
869.000000 312.000000
869.333333 309.000000
870.000000 305.666667
871.666667 301.666667
874.000000 297.000000
877.000000 291.666667
880.666667 285.333333
885.000000 278.000000
890.000000 270.000000
895.333333 262.333333
901.333333 254.333333
908.333333 246.333333
916.333333 236.666667
925.000000 227.666667
933.666667 218.666667
942.666667 210.666667
952.000000 202.333333
962.333333 193.666667
972.666667 185.666667
983.000000 178.333333
993.000000 172.000000
1003.666667 166.333333
1014.666667 161.000000
1026.000000 156.333333
1036.666667 152.000000
1047.666667 148.333333
1058.666667 145.333333
1070.333333 143.000000
1085.666667 141.333333
1101.666667 140.666667
1117.333333 141.000000
1129.000000 142.000000
1140.000000 143.333333
1151.000000 145.333333
1162.000000 148.000000
1172.333333 151.333333
1182.000000 155.333333
1190.666667 160.000000
1199.000000 165.000000
1207.000000 170.666667
1214.666667 176.333333
1221.666667 182.333333
1227.666667 188.000000
1233.000000 194.333333
1238.000000 201.000000
1242.333333 208.333333
1246.000000 216.000000
1249.000000 223.666667
1251.666667 231.333333
1254.000000 239.333333
1255.666667 248.000000
1257.333333 257.333333
1258.333333 266.333333
1259.000000 275.666667
1259.000000 285.000000
1258.666667 295.000000
1258.000000 305.000000
1256.666667 315.000000
1255.000000 325.000000
1252.666667 335.333333
1250.333333 346.000000
1247.666667 356.666667
1244.666667 367.000000
1241.000000 377.000000
1236.666667 387.333333
1231.666667 398.000000
1226.000000 409.000000
1220.333333 420.333333
1214.666667 431.666667
1209.000000 443.333333
1202.666667 454.666667
1196.000000 465.666667
1188.666667 476.333333
1180.666667 487.000000
1172.333333 497.666667
1163.333333 508.000000
1154.000000 518.333333
1143.666667 529.000000
1133.333333 540.000000
1123.000000 550.666667
1113.333333 560.666667
1103.333333 570.333333
1093.333333 580.000000
1083.333333 590.000000
1073.666667 600.333333
1064.000000 610.666667
1053.333333 621.333333
1042.666667 632.000000
1031.666667 643.000000
1021.333333 653.666667
1010.333333 664.000000
999.333333 674.000000
988.666667 683.666667
978.666667 692.666667
969.000000 701.000000
959.333333 708.666667
950.000000 715.333333
941.333333 720.666667
934.000000 724.666667
928.666667 727.666667
925.000000 729.666667
922.333333 731.000000
920.333333 732.000000
919.000000 732.333333
918.333333 732.000000
918.000000 731.000000
