845.666667 388.000000
728.333333 387.000000
611.000000 386.000000
610.666667 384.666667
610.333333 383.000000
610.000000 381.000000
610.000000 379.000000
610.000000 376.666667
610.000000 374.000000
610.000000 370.666667
610.000000 367.000000
610.000000 363.333333
610.333333 359.666667
610.666667 356.333333
611.000000 353.000000
611.000000 349.666667
611.333333 346.000000
612.000000 342.333333
613.000000 338.666667
614.333333 334.666667
615.666667 330.333333
617.000000 325.666667
618.000000 320.666667
619.333333 315.333333
620.666667 310.333333
622.000000 306.000000
623.000000 302.000000
624.333333 297.666667
625.666667 293.333333
627.333333 288.666667
629.333333 284.000000
631.666667 279.000000
634.333333 274.000000
637.000000 269.000000
640.000000 264.333333
643.333333 260.000000
646.666667 256.000000
650.666667 252.000000
654.666667 248.000000
658.666667 244.000000
662.333333 240.000000
665.666667 236.000000
669.333333 232.000000
672.666667 228.000000
676.333333 224.000000
680.000000 220.000000
684.333333 216.000000
689.333333 212.000000
694.666667 208.333333
700.000000 205.000000
705.000000 202.333333
710.000000 199.666667
715.333333 197.000000
721.000000 194.333333
727.000000 191.666667
733.333333 189.333333
739.666667 187.000000
746.333333 185.000000
752.333333 182.666667
758.000000 180.333333
763.333333 178.000000
769.333333 175.666667
776.000000 173.333333
782.666667 171.000000
789.333333 169.000000
795.666667 167.333333
802.000000 165.666667
808.000000 164.000000
814.333333 162.333333
821.000000 160.666667
828.000000 159.333333
835.000000 158.000000
844.000000 157.000000
852.666667 156.000000
863.666667 155.000000
873.000000 154.666667
884.666667 155.000000
895.666667 156.333333
906.333333 157.666667
915.000000 159.333333
921.666667 161.333333
928.333333 164.000000
934.666667 167.333333
941.000000 170.666667
946.333333 174.000000
951.000000 177.333333
955.000000 180.666667
958.666667 184.000000
962.333333 187.333333
966.000000 190.666667
970.000000 194.333333
974.000000 198.000000
978.000000 202.000000
982.000000 206.333333
985.666667 211.333333
989.000000 216.666667
992.000000 222.333333
995.000000 227.666667
997.666667 233.000000
1000.000000 238.333333
1002.000000 244.000000
1003.666667 250.000000
1005.000000 256.000000
1006.000000 262.000000
1006.666667 267.666667
1007.333333 273.333333
1007.666667 278.333333
1008.333333 283.666667
1008.666667 288.666667
1009.000000 294.000000
1009.000000 299.333333
1009.000000 304.666667
1009.000000 310.333333
1009.000000 316.000000
1009.000000 321.666667
1009.000000 326.666667
1008.666667 331.333333
1008.000000 336.000000
1007.333333 341.333333
1006.666667 346.666667
1006.000000 352.333333
1005.000000 358.000000
1003.666667 364.000000
1002.333333 369.666667
1000.333333 375.000000
998.000000 380.333333
994.666667 386.000000
991.000000 392.333333
986.666667 398.666667
982.000000 405.333333
977.333333 412.000000
973.000000 418.666667
969.000000 425.000000
965.000000 431.333333
961.000000 438.000000
956.666667 445.000000
951.666667 452.333333
946.000000 459.666667
939.666667 466.666667
933.333333 473.333333
927.333333 479.666667
921.666667 486.000000
916.333333 492.333333
910.333333 499.000000
904.333333 506.000000
897.333333 513.000000
890.666667 519.666667
884.000000 526.333333
878.000000 533.000000
872.000000 540.333333
866.333333 548.000000
860.333333 556.000000
854.333333 563.333333
847.666667 570.000000
841.333333 576.000000
835.000000 582.000000
829.333333 588.000000
824.000000 594.000000
819.000000 600.000000
813.666667 606.000000
807.333333 612.333333
800.333333 618.000000
793.333333 623.333333
787.333333 628.000000
782.000000 632.666667
777.000000 637.333333
772.333333 642.333333
768.000000 647.666667
764.000000 653.333333
759.666667 658.666667
754.666667 664.000000
749.333333 669.000000
744.000000 674.000000
739.000000 678.666667
734.000000 683.333333
728.666667 688.333333
723.333333 694.333333
717.666667 700.666667
711.333333 707.000000
704.333333 712.666667
697.333333 717.666667
691.666667 721.666667
687.000000 724.666667
683.333333 727.000000
680.333333 728.666667
678.333333 730.000000
677.000000 731.000000
676.333333 732.000000
675.666667 733.000000
