958.333333 338.666667
958.000000 336.333333
958.000000 332.666667
958.000000 327.666667
958.333333 322.000000
959.000000 316.000000
960.000000 310.000000
961.000000 304.000000
962.000000 298.000000
963.333333 291.666667
965.000000 285.000000
967.333333 277.666667
970.000000 270.333333
973.000000 263.000000
976.000000 257.333333
979.666667 251.333333
983.666667 245.000000
987.666667 238.333333
991.333333 232.333333
995.000000 227.000000
998.666667 221.666667
1002.000000 216.666667
1005.000000 212.333333
1008.333333 208.000000
1012.000000 204.000000
1016.000000 199.666667
1020.333333 195.333333
1025.000000 191.333333
1030.000000 188.000000
1034.666667 185.000000
1039.333333 182.333333
1043.666667 179.666667
1048.333333 176.666667
1052.666667 173.333333
1057.333333 170.000000
1062.000000 167.000000
1067.000000 164.333333
1072.000000 161.666667
1077.000000 159.333333
1082.000000 157.000000
1087.000000 155.333333
1092.000000 153.666667
1097.000000 152.000000
1102.333333 150.333333
1108.333333 149.000000
1115.000000 148.000000
1122.000000 147.000000
1129.000000 146.000000
1138.333333 145.000000
1150.333333 144.666667
1164.333333 145.000000
1175.666667 146.000000
1183.666667 147.000000
1188.666667 148.000000
1193.000000 149.000000
1197.000000 150.000000
1200.666667 151.333333
1204.333333 153.000000
1208.333333 155.333333
1212.666667 157.666667
1217.333333 160.333333
1222.000000 163.000000
1227.000000 166.000000
1231.666667 168.666667
1235.666667 171.333333
1239.000000 173.666667
1242.000000 176.000000
1244.666667 178.333333
1247.000000 180.666667
1249.000000 183.000000
1251.333333 185.333333
1253.666667 187.666667
1256.000000 190.333333
1258.000000 192.666667
1260.000000 195.333333
1262.000000 198.000000
1264.000000 200.666667
1266.333333 203.333333
1268.666667 206.333333
1271.000000 209.666667
1273.333333 213.333333
1275.666667 217.000000
1278.000000 221.333333
1279.666667 225.666667
1281.000000 230.333333
1282.000000 234.666667
1283.333333 239.666667
1284.666667 245.000000
1285.666667 250.666667
1286.333333 256.666667
1287.000000 262.333333
1287.666667 268.333333
1288.000000 273.333333
1288.333333 278.333333
1288.666667 282.666667
1289.000000 287.000000
1289.000000 291.000000
1289.000000 295.333333
1289.000000 300.000000
1288.666667 305.000000
1288.000000 310.333333
1287.000000 315.666667
1286.000000 321.333333
1285.000000 326.666667
1283.666667 332.333333
1281.666667 338.000000
1279.333333 344.333333
1276.666667 351.000000
1274.000000 358.000000
1270.666667 365.000000
1267.333333 371.333333
1264.000000 377.333333
1261.000000 383.000000
1258.333333 388.666667
1255.666667 394.333333
1253.333333 400.000000
1250.666667 406.333333
1248.000000 412.666667
1245.000000 419.000000
1242.000000 425.000000
1238.666667 431.333333
1235.000000 437.666667
1230.666667 444.333333
1226.000000 451.000000
1221.333333 457.666667
1216.666667 464.333333
1212.333333 470.333333
1206.000000 478.333333
1199.333333 486.333333
1192.333333 495.000000
1186.333333 502.000000
1180.333333 509.000000
1174.000000 516.000000
1168.000000 522.666667
1162.000000 529.666667
1156.000000 536.666667
1149.666667 544.333333
1143.333333 552.000000
1136.666667 559.666667
1130.000000 567.000000
1123.666667 573.666667
1117.333333 580.666667
1111.333333 588.000000
1105.000000 595.666667
1098.666667 603.333333
1092.000000 611.000000
1085.000000 618.333333
1078.333333 625.666667
1071.666667 632.666667
1065.333333 640.333333
1058.666667 648.000000
1052.000000 656.000000
1044.666667 663.666667
1037.333333 671.000000
1030.000000 677.666667
1023.000000 684.333333
1016.000000 691.333333
1008.666667 698.666667
1001.000000 706.333333
992.666667 713.666667
984.333333 721.666667
976.666667 729.666667
970.333333 737.333333
965.333333 744.333333
961.666667 750.666667
959.000000 756.666667
957.000000 762.000000
955.666667 767.000000
954.666667 771.666667
954.333333 775.666667
954.000000 778.666667
954.000000 780.666667
954.333333 782.000000
954.666667 783.000000
955.000000 783.000000
