621.000000 332.000000
621.000000 330.666667
621.000000 329.333333
621.000000 327.333333
621.000000 325.666667
621.000000 323.333333
621.000000 321.000000
621.000000 318.000000
621.000000 315.000000
621.000000 311.666667
764.000000 308.000000
907.333333 304.000000
1051.000000 300.000000
1052.000000 295.666667
1053.333333 290.333333
1055.000000 284.333333
1057.333333 277.666667
1060.333333 271.333333
1063.666667 264.666667
1067.000000 258.666667
1070.333333 253.000000
1074.000000 248.000000
1077.666667 243.333333
1081.333333 239.000000
1084.666667 235.000000
1088.000000 231.333333
1091.000000 227.666667
1094.000000 224.333333
1096.666667 221.333333
1099.333333 218.333333
1101.666667 215.333333
1104.333333 211.666667
1107.333333 208.333333
1110.666667 205.000000
1114.666667 202.000000
1118.333333 199.333333
1122.666667 197.000000
1126.666667 194.666667
1131.000000 192.666667
1135.000000 190.666667
1139.000000 189.000000
1142.666667 187.000000
1146.333333 185.000000
1150.000000 183.000000
1154.333333 180.666667
1159.000000 178.333333
1164.000000 176.000000
1169.000000 174.333333
1173.666667 172.666667
1178.333333 171.000000
1182.666667 169.333333
1186.666667 168.000000
1190.333333 166.666667
1194.000000 165.333333
1197.666667 164.000000
1201.333333 163.000000
1207.333333 162.000000
1216.666667 161.666667
1227.000000 162.000000
1235.000000 163.000000
1239.666667 164.000000
1243.000000 165.333333
1246.000000 166.666667
1249.000000 168.333333
1252.000000 169.666667
1255.333333 171.333333
1258.666667 173.000000
1262.333333 174.666667
1266.000000 176.333333
1270.000000 178.000000
1273.666667 180.000000
1277.333333 181.666667
1280.666667 183.333333
1284.000000 184.666667
1287.333333 186.333333
1290.666667 187.666667
1293.666667 189.333333
1296.666667 190.666667
1299.666667 192.000000
1303.000000 193.333333
1306.000000 194.666667
1309.333333 196.333333
1312.666667 197.666667
1316.000000 199.333333
1319.000000 201.000000
1322.000000 203.000000
1325.000000 205.000000
1328.000000 207.000000
1331.000000 209.000000
1333.666667 211.333333
1336.333333 214.000000
1339.000000 217.000000
1342.000000 220.000000
1344.666667 223.000000
1347.333333 226.000000
1350.000000 229.000000
1353.333333 232.000000
1357.000000 235.000000
1360.666667 237.666667
1364.333333 240.333333
1368.000000 242.666667
1372.000000 245.333333
1375.666667 247.666667
1379.000000 250.333333
1381.666667 252.666667
1384.333333 255.666667
1387.000000 258.666667
1389.666667 262.333333
1392.000000 266.000000
1394.000000 269.666667
1396.000000 273.000000
1398.000000 276.333333
1399.666667 279.333333
1401.333333 282.333333
1403.000000 285.000000
1404.666667 287.666667
1406.666667 290.666667
1408.333333 294.000000
1410.333333 298.000000
1411.666667 302.000000
1413.000000 306.000000
1414.333333 310.333333
1415.666667 314.666667
1416.666667 319.333333
1417.333333 323.666667
1417.666667 328.000000
1418.000000 332.000000
1418.000000 336.000000
1418.000000 340.000000
1418.000000 344.666667
1418.000000 349.666667
1418.000000 355.000000
1418.000000 360.000000
1417.666667 365.333333
1417.333333 370.666667
1416.666667 375.666667
1416.000000 380.000000
1414.666667 386.000000
1413.000000 392.333333
1411.333333 399.000000
1409.666667 404.333333
1408.000000 410.000000
1405.666667 415.666667
1403.333333 421.333333
1401.000000 426.666667
1399.000000 432.333333
1396.666667 438.333333
1394.333333 445.000000
1391.666667 452.333333
1389.000000 459.333333
1385.666667 466.000000
1382.000000 472.333333
1377.666667 478.666667
1373.000000 485.333333
1368.000000 492.000000
1363.000000 499.000000
1358.000000 506.000000
1353.333333 512.666667
1348.666667 519.333333
1342.333333 528.333333
1335.333333 537.666667
1328.000000 547.000000
1322.000000 554.333333
1316.000000 561.666667
1310.000000 568.666667
1304.000000 575.666667
1298.000000 582.333333
1292.000000 589.666667
1285.666667 596.666667
1279.000000 604.333333
1272.000000 611.333333
1265.333333 618.000000
1259.000000 624.333333
1253.000000 631.333333
1247.000000 638.666667
1241.000000 646.000000
1234.666667 653.000000
1228.000000 660.000000
1221.333333 666.666667
1215.000000 673.333333
1209.000000 680.000000
1202.666667 687.000000
1196.333333 693.666667
1189.666667 700.333333
1183.000000 707.000000
1176.333333 713.333333
1170.000000 719.333333
1164.333333 724.666667
1158.666667 730.333333
1153.333333 736.000000
1147.333333 742.333333
1141.333333 748.666667
1134.666667 755.000000
1128.333333 761.000000
1122.000000 767.000000
1116.333333 773.000000
1110.666667 779.666667
1105.000000 786.666667
1099.000000 794.000000
1093.000000 800.666667
1087.333333 807.000000
1081.666667 812.666667
1076.666667 818.000000
1072.333333 822.333333
1069.000000 826.333333
1066.333333 829.333333
1064.000000 832.333333
1062.333333 834.333333
1061.000000 836.333333
1060.000000 837.666667
1059.333333 839.000000
1059.000000 839.333333
1059.000000 838.666667
