773.333333 368.666667
773.666667 366.666667
774.333333 365.000000
775.000000 363.000000
776.000000 361.000000
776.666667 359.000000
777.333333 357.000000
778.000000 355.000000
778.666667 353.000000
779.333333 350.666667
780.000000 348.333333
781.000000 345.333333
782.000000 342.333333
783.000000 338.666667
784.000000 335.333333
785.333333 331.333333
786.666667 327.333333
788.000000 323.000000
789.333333 319.000000
791.000000 315.000000
792.666667 311.000000
794.666667 306.666667
796.666667 302.333333
799.000000 298.000000
801.333333 294.000000
804.000000 289.666667
807.000000 285.000000
810.333333 280.000000
813.666667 274.666667
817.333333 269.333333
820.666667 264.333333
824.666667 259.666667
829.000000 255.000000
834.000000 250.333333
839.000000 246.000000
843.666667 242.000000
848.000000 238.000000
852.000000 234.000000
856.333333 230.000000
861.000000 225.666667
866.000000 221.333333
871.333333 217.000000
876.666667 213.000000
882.333333 209.000000
888.000000 205.000000
893.666667 201.666667
899.000000 198.666667
904.333333 196.000000
909.666667 193.000000
915.333333 189.666667
921.333333 186.333333
927.666667 183.333333
934.000000 180.666667
939.666667 178.666667
945.333333 176.666667
950.666667 175.000000
956.666667 173.000000
963.000000 171.000000
972.333333 169.000000
981.666667 167.333333
997.666667 166.666667
1011.333333 167.000000
1024.666667 168.000000
1031.333333 169.333333
1037.333333 171.333333
1043.000000 174.000000
1048.000000 177.000000
1053.000000 180.000000
1058.333333 183.333333
1063.666667 187.000000
1069.333333 191.000000
1074.333333 195.000000
1079.333333 199.333333
1083.666667 204.000000
1088.333333 209.666667
1092.333333 215.666667
1096.000000 222.333333
1098.666667 229.333333
1100.666667 236.666667
1102.333333 244.666667
1103.666667 253.000000
1105.000000 261.666667
1106.000000 270.000000
1107.333333 277.666667
1108.333333 285.666667
1109.666667 293.666667
1110.333333 302.333333
1111.333333 310.666667
1111.666667 318.666667
1112.000000 326.333333
1112.000000 334.000000
1111.666667 342.333333
1111.000000 351.000000
1110.000000 359.666667
1109.000000 368.000000
1108.000000 376.333333
1106.666667 385.000000
1105.000000 394.000000
1103.333333 403.000000
1101.666667 411.666667
1099.333333 420.333333
1096.333333 428.666667
1092.333333 437.333333
1088.000000 445.666667
1082.666667 454.000000
1077.000000 462.000000
1071.333333 469.666667
1065.333333 477.000000
1059.000000 484.333333
1051.666667 492.000000
1044.333333 500.000000
1036.666667 507.666667
1029.333333 515.000000
1022.000000 522.333333
1015.000000 530.333333
1007.666667 538.666667
1000.333333 547.333333
992.666667 556.000000
985.333333 564.333333
978.000000 572.666667
971.000000 581.000000
964.000000 590.000000
957.000000 599.000000
949.333333 607.666667
941.000000 616.000000
932.333333 624.666667
923.666667 633.666667
915.000000 643.000000
905.666667 652.000000
896.333333 660.666667
887.000000 668.666667
878.333333 676.333333
870.000000 683.666667
862.000000 691.000000
854.000000 698.000000
846.333333 704.666667
839.333333 710.666667
833.000000 716.000000
827.333333 720.666667
821.333333 726.333333
816.000000 731.666667
811.666667 736.666667
808.666667 739.666667
806.333333 742.333333
804.000000 744.666667
802.000000 747.333333
800.000000 749.666667
798.333333 751.666667
797.000000 753.000000
796.000000 754.000000
795.333333 755.000000
794.666667 756.000000
