590.333333 390.000000
589.666667 388.000000
589.333333 386.000000
589.000000 383.666667
589.000000 380.666667
589.000000 377.333333
589.000000 373.666667
588.666667 370.000000
588.333333 365.666667
588.000000 361.000000
588.000000 356.000000
588.000000 351.000000
588.000000 345.666667
588.000000 340.333333
588.000000 334.666667
587.666667 329.000000
587.333333 323.333333
587.333333 318.000000
587.666667 312.666667
588.333333 307.666667
588.666667 302.666667
589.000000 298.333333
588.666667 294.000000
588.000000 290.000000
587.000000 285.666667
586.000000 281.000000
584.666667 276.333333
583.000000 272.000000
581.333333 267.666667
579.666667 263.000000
578.000000 258.333333
576.000000 254.000000
574.000000 250.000000
571.666667 245.666667
569.333333 241.333333
566.666667 236.666667
564.000000 232.333333
560.666667 227.666667
557.000000 223.333333
552.666667 219.000000
548.666667 215.000000
544.666667 211.000000
541.000000 207.333333
537.333333 204.000000
534.000000 201.000000
531.000000 198.000000
527.666667 195.000000
524.333333 192.333333
520.333333 189.666667
516.333333 187.333333
511.333333 185.000000
506.333333 183.000000
501.000000 181.000000
496.000000 179.333333
490.666667 177.666667
485.333333 176.333333
480.000000 174.666667
474.333333 173.333333
468.333333 171.666667
462.333333 170.333333
456.666667 169.000000
451.333333 168.000000
446.333333 167.000000
442.000000 166.000000
438.000000 165.000000
431.666667 164.666667
425.000000 165.333333
418.333333 167.000000
414.000000 169.000000
410.000000 171.000000
406.333333 173.333333
402.666667 175.666667
399.666667 178.333333
396.666667 180.666667
394.333333 183.333333
392.000000 186.000000
390.000000 188.666667
388.000000 191.333333
386.000000 194.000000
384.000000 197.000000
382.000000 200.333333
379.666667 204.000000
377.333333 208.000000
375.000000 212.000000
372.666667 216.333333
370.000000 220.666667
367.000000 224.666667
364.000000 228.333333
361.000000 231.333333
358.333333 234.333333
355.666667 236.666667
353.333333 239.000000
351.000000 240.666667
349.000000 242.000000
347.000000 243.000000
345.333333 244.000000
344.000000 245.000000
343.000000 246.333333
342.000000 248.000000
341.000000 250.333333
340.000000 252.666667
339.333333 255.333333
339.000000 258.000000
339.000000 261.000000
339.000000 264.333333
339.333333 268.000000
340.000000 272.000000
341.000000 276.000000
342.000000 280.000000
343.000000 284.000000
344.000000 288.000000
345.000000 292.333333
346.000000 296.666667
347.333333 301.333333
349.666667 307.333333
352.666667 313.000000
355.666667 318.000000
358.000000 321.000000
360.333333 324.000000
362.666667 327.000000
365.333333 330.000000
368.000000 333.000000
371.000000 336.333333
374.000000 340.333333
376.666667 345.000000
379.333333 350.333333
381.666667 356.000000
384.333333 362.000000
387.000000 368.333333
389.666667 374.666667
392.666667 380.666667
396.000000 386.666667
400.000000 392.666667
404.000000 399.333333
408.333333 405.666667
412.666667 412.000000
416.666667 417.666667
420.333333 423.666667
423.666667 429.666667
427.000000 436.000000
430.333333 442.000000
433.666667 448.333333
437.000000 454.666667
440.333333 461.333333
444.333333 467.666667
449.333333 474.000000
454.666667 480.333333
460.000000 486.666667
465.000000 493.333333
470.000000 500.000000
474.666667 507.000000
479.000000 513.666667
482.666667 519.666667
486.666667 525.666667
491.000000 531.666667
496.000000 538.000000
501.333333 544.333333
506.666667 550.666667
512.000000 557.000000
516.666667 562.666667
521.000000 568.000000
525.000000 573.000000
529.333333 577.666667
533.666667 582.333333
538.333333 586.666667
543.000000 591.333333
547.666667 595.333333
551.666667 599.000000
555.000000 602.000000
558.000000 605.000000
561.000000 607.666667
563.666667 610.000000
566.000000 612.000000
568.000000 614.333333
570.333333 617.000000
572.666667 620.000000
575.000000 622.666667
577.000000 625.333333
579.333333 628.000000
582.666667 631.333333
586.666667 634.666667
591.333333 638.333333
596.000000 642.000000
601.000000 646.000000
606.000000 650.000000
611.000000 654.000000
615.666667 658.333333
620.666667 663.000000
626.333333 668.000000
633.333333 673.333333
640.333333 678.666667
647.000000 684.000000
653.000000 688.666667
658.333333 692.666667
662.666667 696.000000
666.000000 698.666667
668.333333 701.000000
670.000000 702.666667
671.333333 704.000000
