724.333333 411.666667
724.666667 409.666667
725.000000 407.000000
725.000000 404.333333
725.000000 400.666667
725.000000 397.000000
725.333333 392.666667
725.666667 388.000000
726.333333 383.333333
726.666667 378.666667
727.000000 374.000000
727.000000 369.000000
727.000000 364.333333
727.000000 359.666667
726.666667 355.333333
726.333333 350.666667
725.666667 344.666667
725.000000 338.333333
724.000000 332.333333
723.000000 327.666667
721.666667 323.333333
720.000000 318.666667
718.000000 314.333333
716.000000 310.000000
714.000000 306.000000
711.666667 302.000000
709.333333 298.000000
706.666667 294.000000
703.666667 290.333333
700.333333 286.666667
697.000000 283.000000
693.666667 279.333333
690.333333 275.666667
686.666667 272.000000
683.333333 268.000000
680.333333 264.666667
677.666667 261.666667
675.333333 259.000000
672.666667 256.000000
670.666667 253.666667
668.333333 251.333333
666.333333 249.333333
663.666667 247.000000
661.000000 245.000000
657.666667 242.666667
654.000000 240.333333
650.000000 237.666667
645.666667 235.333333
641.333333 232.666667
637.000000 230.000000
633.000000 227.333333
629.000000 224.666667
625.000000 222.000000
621.000000 219.333333
617.000000 216.666667
612.666667 214.000000
608.000000 211.333333
603.000000 208.666667
598.000000 206.333333
593.000000 203.666667
588.000000 201.333333
583.000000 199.000000
578.333333 197.000000
572.000000 194.333333
565.666667 191.666667
559.000000 189.000000
554.000000 187.000000
549.333333 185.333333
544.666667 184.000000
540.333333 183.000000
535.666667 182.000000
531.333333 180.666667
526.666667 179.333333
522.333333 178.000000
517.666667 177.000000
504.333333 176.666667
491.000000 177.000000
478.000000 178.000000
474.000000 179.000000
470.000000 180.000000
466.000000 181.000000
462.000000 182.333333
458.000000 183.666667
454.333333 185.333333
451.000000 187.000000
448.000000 189.000000
445.000000 191.000000
441.666667 193.666667
438.666667 196.666667
436.000000 199.666667
434.333333 202.333333
432.666667 205.333333
431.333333 208.666667
429.666667 212.666667
428.333333 216.666667
427.000000 221.333333
426.000000 226.000000
425.000000 231.000000
423.666667 237.000000
422.333333 242.333333
421.000000 247.333333
420.000000 251.000000
419.000000 254.666667
418.333333 258.333333
418.000000 262.333333
418.000000 267.000000
418.333333 272.000000
418.666667 277.000000
419.333333 282.000000
420.000000 287.000000
420.666667 292.000000
421.333333 297.000000
421.666667 302.000000
422.333333 307.000000
422.666667 312.000000
423.333333 317.000000
424.000000 322.000000
424.666667 327.333333
425.333333 333.333333
426.000000 339.666667
427.000000 346.333333
427.666667 352.333333
428.333333 358.333333
428.666667 363.333333
429.333333 368.333333
430.000000 372.666667
430.666667 377.000000
431.333333 381.000000
431.666667 386.000000
432.666667 392.333333
433.333333 398.666667
434.333333 404.000000
435.000000 408.000000
436.000000 411.666667
437.000000 415.333333
438.000000 419.000000
439.333333 422.666667
440.666667 426.000000
442.666667 429.333333
444.666667 433.000000
447.333333 437.333333
450.000000 441.666667
453.000000 446.333333
456.333333 451.000000
459.666667 456.000000
463.000000 461.000000
466.333333 466.000000
469.666667 471.000000
473.000000 476.000000
476.000000 481.000000
479.000000 486.000000
482.000000 491.000000
485.000000 496.000000
488.000000 501.000000
491.000000 505.666667
494.333333 510.666667
498.000000 515.666667
502.000000 521.000000
506.333333 526.333333
510.666667 531.666667
515.000000 537.333333
519.000000 542.666667
522.333333 547.333333
525.333333 551.333333
528.000000 555.000000
530.666667 558.666667
533.000000 562.000000
535.000000 564.666667
537.000000 567.333333
539.000000 569.666667
541.333333 572.333333
544.333333 575.000000
547.666667 577.666667
551.000000 580.333333
554.000000 582.666667
556.666667 585.000000
559.000000 587.000000
561.000000 589.000000
563.000000 591.000000
565.000000 593.333333
567.000000 596.000000
569.000000 599.333333
571.000000 603.000000
573.000000 607.333333
575.000000 611.666667
577.000000 616.000000
581.000000 622.000000
586.000000 628.333333
592.000000 635.333333
597.333333 640.666667
602.666667 646.666667
608.333333 652.666667
614.000000 659.000000
620.000000 665.333333
626.333333 672.000000
633.000000 679.000000
640.000000 686.000000
647.333333 693.333333
654.333333 700.666667
661.333333 708.333333
668.000000 716.000000
675.000000 724.000000
682.000000 732.000000
689.000000 739.666667
696.000000 747.333333
702.333333 754.333333
708.333333 761.000000
713.666667 767.000000
719.000000 773.000000
724.333333 778.666667
729.666667 784.000000
735.000000 789.000000
739.333333 793.333333
743.000000 797.000000
746.000000 800.000000
748.666667 803.000000
750.333333 806.000000
751.000000 808.666667
750.666667 810.666667
750.000000 812.333333
749.000000 814.000000
748.000000 815.666667
747.000000 817.000000
746.333333 818.333333
745.666667 819.666667
