872.000000 345.666667
871.333333 343.666667
871.000000 340.666667
871.333333 337.333333
872.000000 333.000000
873.333333 328.000000
875.333333 321.666667
878.666667 314.666667
882.333333 307.000000
887.000000 298.000000
891.666667 288.000000
897.333333 277.000000
903.000000 266.333333
909.333333 256.000000
916.666667 245.333333
924.666667 234.000000
933.000000 222.666667
941.333333 211.666667
950.333333 201.000000
960.333333 190.000000
970.666667 179.333333
981.000000 169.000000
991.333333 159.333333
1002.333333 150.000000
1013.666667 141.333333
1025.000000 133.000000
1036.000000 125.333333
1047.000000 118.666667
1058.000000 113.000000
1069.000000 108.666667
1079.666667 105.333333
1091.000000 103.333333
1102.666667 102.000000
1115.000000 101.666667
1127.000000 102.333333
1139.000000 104.333333
1150.666667 107.333333
1162.000000 111.333333
1172.333333 116.000000
1182.000000 121.333333
1190.333333 127.000000
1198.333333 133.000000
1205.666667 139.000000
1212.666667 145.333333
1219.333333 152.333333
1225.333333 160.333333
1231.000000 168.666667
1235.666667 177.000000
1239.666667 185.666667
1243.000000 195.000000
1245.666667 205.000000
1248.000000 215.000000
1249.666667 225.000000
1250.666667 235.000000
1251.000000 245.333333
1250.666667 255.666667
1250.000000 266.000000
1249.000000 276.000000
1247.333333 286.333333
1245.000000 297.333333
1241.666667 308.666667
1237.666667 320.333333
1232.666667 332.000000
1226.666667 344.666667
1220.333333 357.000000
1213.666667 369.666667
1207.333333 381.666667
1200.666667 394.333333
1193.666667 406.666667
1186.000000 419.333333
1178.000000 432.000000
1170.000000 444.666667
1161.666667 457.000000
1152.666667 469.333333
1143.000000 482.000000
1133.333333 495.000000
1124.000000 507.666667
1114.666667 520.333333
1105.000000 532.666667
1094.666667 544.666667
1084.666667 555.666667
1074.666667 566.666667
1065.000000 577.666667
1054.666667 589.333333
1044.333333 600.666667
1033.666667 612.000000
1023.333333 623.666667
1012.666667 635.666667
1002.000000 647.666667
991.000000 659.000000
980.333333 669.666667
969.666667 680.333333
958.666667 690.666667
947.333333 701.000000
936.333333 710.333333
926.333333 719.333333
917.000000 728.000000
908.666667 735.666667
902.000000 742.666667
897.333333 749.000000
894.333333 755.666667
892.333333 761.333333
891.000000 766.000000
890.333333 769.666667
890.000000 772.666667
890.000000 774.666667
890.000000 776.000000
