896.000000 342.000000
1006.666667 341.000000
1006.333333 339.333333
1006.000000 337.333333
1005.666667 334.333333
1005.666667 331.000000
1005.666667 326.333333
1006.333333 321.000000
1006.666667 315.333333
1007.333333 310.000000
1008.000000 305.000000
1009.000000 300.000000
1010.333333 294.666667
1012.000000 289.000000
1014.000000 283.000000
1016.333333 276.666667
1018.666667 270.333333
1021.333333 264.333333
1024.000000 259.000000
1027.000000 254.333333
1030.000000 249.666667
1033.000000 245.333333
1036.000000 241.333333
1039.333333 238.000000
1042.666667 235.000000
1046.000000 231.666667
1049.000000 227.333333
1052.000000 222.666667
1055.000000 218.000000
1058.000000 214.333333
1061.666667 210.666667
1066.000000 207.000000
1071.333333 203.666667
1076.666667 200.666667
1082.000000 198.333333
1086.666667 196.000000
1091.000000 194.333333
1095.000000 192.666667
1099.000000 191.000000
1103.333333 189.333333
1108.333333 187.666667
1114.000000 186.000000
1120.000000 184.000000
1126.000000 182.000000
1131.666667 180.333333
1137.000000 178.666667
1142.333333 177.333333
1147.666667 176.000000
1153.333333 175.000000
1158.666667 174.000000
1164.666667 173.000000
1174.000000 172.000000
1183.666667 171.666667
1194.666667 172.000000
1202.000000 173.000000
1209.333333 174.000000
1215.333333 175.333333
1221.333333 176.666667
1227.000000 178.333333
1232.000000 180.000000
1236.333333 182.000000
1240.333333 184.000000
1243.333333 185.666667
1246.333333 187.333333
1249.000000 189.000000
1252.000000 190.666667
1255.000000 192.666667
1258.333333 195.000000
1262.000000 198.000000
1266.000000 201.333333
1270.333333 205.000000
1274.333333 209.000000
1278.666667 213.333333
1282.333333 218.000000
1286.333333 222.666667
1289.333333 227.000000
1292.333333 231.000000
1295.000000 235.000000
1297.666667 239.333333
1300.333333 244.000000
1302.666667 249.000000
1305.333333 254.000000
1307.666667 259.333333
1310.000000 265.000000
1312.000000 270.666667
1314.000000 275.666667
1315.666667 280.333333
1317.333333 285.000000
1318.666667 290.333333
1320.000000 296.000000
1321.000000 302.000000
1322.000000 307.666667
1323.000000 313.333333
1323.666667 318.666667
1324.333333 324.000000
1324.666667 329.000000
1325.000000 333.666667
1325.000000 338.333333
1325.000000 343.000000
1325.333333 348.000000
1325.666667 353.333333
1325.666667 359.000000
1325.333333 365.000000
1325.000000 370.666667
1324.666667 376.333333
1324.000000 382.333333
1323.000000 388.666667
1322.000000 395.333333
1321.000000 401.666667
1319.666667 408.333333
1318.333333 414.333333
1316.666667 420.000000
1315.000000 425.000000
1313.333333 430.333333
1311.666667 435.666667
1310.000000 441.333333
1307.666667 447.000000
1305.666667 452.666667
1303.666667 458.333333
1302.000000 463.666667
1300.000000 469.000000
1298.333333 474.000000
1296.666667 478.666667
1294.333333 484.666667
1291.666667 490.333333
1289.000000 496.333333
1286.666667 500.666667
1284.000000 505.333333
1281.000000 509.666667
1277.666667 514.333333
1274.333333 518.666667
1270.666667 523.333333
1266.666667 528.000000
1262.000000 533.333333
1257.333333 539.333333
1252.666667 546.000000
1248.000000 553.000000
1243.000000 560.000000
1237.666667 566.666667
1232.333333 573.000000
1226.333333 579.333333
1220.333333 586.000000
1214.333333 593.333333
1209.000000 601.000000
1204.000000 608.666667
1199.000000 615.666667
1193.666667 622.333333
1187.666667 629.333333
1181.333333 636.666667
1175.000000 644.333333
1169.000000 651.666667
1163.333333 658.666667
1158.333333 664.666667
1153.666667 670.333333
1149.000000 675.666667
1144.000000 681.000000
1138.666667 686.000000
1133.333333 691.000000
1127.666667 696.333333
1122.333333 702.000000
1117.000000 707.666667
1112.333333 713.000000
1107.666667 718.333333
1103.000000 723.666667
1098.000000 729.000000
1092.333333 734.666667
1086.333333 740.666667
1080.000000 747.000000
1074.333333 753.000000
1069.000000 758.666667
1064.333333 764.000000
1059.666667 769.000000
1055.333333 773.666667
1050.666667 778.333333
1046.333333 783.000000
1041.666667 788.000000
1037.666667 792.666667
1033.666667 797.333333
1030.666667 801.333333
1028.000000 805.000000
1026.000000 807.666667
1024.333333 810.000000
1023.000000 811.666667
1022.000000 813.000000
1021.333333 814.000000
1020.666667 815.000000
