928.000000 423.333333
928.000000 420.666667
906.666667 417.000000
885.333333 412.666667
864.000000 408.333333
864.333333 403.666667
864.666667 399.000000
865.000000 393.666667
865.333333 388.000000
865.666667 381.666667
866.333333 375.000000
866.666667 368.333333
867.333333 362.000000
868.000000 356.000000
869.333333 350.000000
871.000000 344.000000
873.333333 337.666667
875.666667 331.000000
878.333333 324.333333
881.333333 318.000000
884.666667 312.000000
888.000000 306.333333
891.333333 300.666667
895.000000 295.333333
898.666667 289.666667
902.000000 284.000000
905.000000 278.000000
908.000000 272.000000
911.000000 266.000000
914.333333 260.333333
918.333333 255.000000
922.666667 250.333333
927.666667 245.333333
932.666667 240.333333
938.333333 235.000000
943.333333 230.000000
948.333333 224.666667
952.666667 219.333333
957.333333 214.333333
962.000000 209.666667
967.666667 205.333333
973.666667 201.000000
980.000000 197.000000
986.333333 193.000000
992.333333 189.000000
998.000000 185.000000
1003.333333 181.000000
1009.333333 177.333333
1015.666667 173.666667
1022.333333 170.333333
1029.333333 167.333333
1036.333333 164.666667
1043.000000 162.333333
1049.000000 160.000000
1055.333333 158.333333
1062.000000 156.666667
1071.666667 155.333333
1088.666667 154.666667
1105.666667 155.000000
1120.000000 156.000000
1126.666667 157.333333
1133.000000 159.000000
1138.666667 160.666667
1144.000000 162.666667
1149.000000 165.000000
1154.333333 168.000000
1160.000000 171.000000
1166.000000 174.333333
1172.000000 178.000000
1177.666667 181.666667
1183.000000 185.000000
1187.666667 188.000000
1192.000000 191.000000
1196.000000 194.333333
1199.666667 198.000000
1203.666667 202.333333
1207.666667 207.000000
1212.000000 212.333333
1216.000000 218.000000
1219.666667 224.000000
1223.333333 230.000000
1226.333333 236.333333
1229.333333 243.000000
1232.000000 250.333333
1234.666667 257.666667
1237.000000 265.000000
1239.000000 272.000000
1240.666667 279.000000
1242.000000 286.000000
1243.000000 293.333333
1243.666667 301.000000
1244.000000 309.000000
1244.333333 317.000000
1244.666667 324.666667
1245.000000 332.000000
1245.000000 339.333333
1245.000000 346.666667
1245.000000 354.333333
1245.000000 361.666667
1245.000000 368.666667
1245.000000 375.000000
1244.666667 381.333333
1244.000000 388.000000
1243.000000 395.333333
1242.000000 403.000000
1240.333333 411.000000
1238.000000 418.333333
1235.000000 425.666667
1232.000000 433.000000
1228.333333 441.000000
1224.333333 449.000000
1220.000000 456.666667
1216.000000 464.000000
1212.333333 470.666667
1208.666667 477.333333
1205.333333 484.333333
1201.666667 492.000000
1198.000000 499.666667
1193.666667 507.333333
1188.666667 514.333333
1183.000000 521.333333
1177.000000 527.666667
1171.000000 534.333333
1165.333333 541.000000
1160.000000 547.666667
1154.666667 554.333333
1148.666667 560.666667
1141.666667 567.000000
1134.333333 573.000000
1127.000000 578.666667
1120.333333 584.333333
1113.666667 590.000000
1107.000000 596.333333
1099.333333 602.666667
1091.666667 609.000000
1083.666667 614.666667
1076.666667 619.666667
1070.333333 624.333333
1064.666667 628.666667
1058.666667 633.666667
1052.333333 639.000000
1045.000000 645.000000
1037.666667 651.000000
1030.333333 657.000000
1024.000000 663.000000
1017.666667 668.666667
1011.000000 674.333333
1004.000000 680.000000
996.333333 686.000000
988.666667 692.000000
981.333333 698.000000
975.000000 704.000000
969.000000 709.666667
962.666667 715.666667
956.000000 721.333333
948.666667 727.333333
941.333333 733.000000
934.333333 738.666667
928.333333 744.000000
923.000000 749.000000
918.666667 753.666667
915.000000 758.000000
912.333333 761.333333
910.333333 763.666667
909.000000 765.333333
908.333333 766.666667
907.666667 768.000000
907.333333 768.333333
907.333333 768.000000
907.666667 767.000000
