717.000000 382.333333
717.000000 379.333333
717.000000 376.000000
717.000000 372.000000
716.666667 367.666667
716.333333 363.000000
715.666667 358.000000
715.333333 353.000000
714.666667 348.000000
714.000000 343.333333
713.000000 338.666667
712.000000 333.666667
710.666667 328.333333
709.000000 322.666667
707.000000 316.666667
704.666667 310.333333
702.000000 303.666667
698.666667 297.000000
695.000000 290.000000
691.000000 282.666667
687.000000 275.333333
683.333333 268.000000
679.666667 261.333333
676.333333 255.000000
672.666667 249.333333
669.000000 243.666667
665.000000 238.333333
660.666667 233.333333
656.000000 228.666667
651.000000 224.000000
645.666667 219.333333
640.333333 215.000000
635.000000 211.000000
630.333333 207.333333
625.333333 204.000000
620.000000 201.000000
614.333333 198.333333
608.333333 196.000000
602.666667 194.000000
597.000000 192.000000
592.000000 190.333333
586.666667 189.000000
581.666667 187.666667
576.333333 186.333333
569.333333 185.000000
557.666667 184.666667
546.000000 185.000000
536.333333 186.333333
530.666667 187.666667
525.000000 189.333333
519.000000 191.000000
513.000000 193.333333
507.333333 196.000000
501.666667 199.333333
496.333333 203.000000
490.666667 207.333333
485.333333 212.000000
479.666667 217.333333
474.333333 222.666667
468.666667 228.333333
463.333333 233.333333
458.000000 238.333333
453.333333 243.000000
449.000000 248.000000
445.000000 253.666667
441.333333 259.666667
438.333333 266.666667
435.666667 274.000000
433.333333 282.000000
431.000000 290.000000
429.000000 298.000000
427.000000 306.000000
425.333333 313.666667
423.666667 321.000000
422.333333 328.000000
421.000000 334.666667
420.000000 341.000000
419.333333 347.000000
419.000000 352.666667
419.000000 358.333333
419.000000 363.666667
419.000000 369.000000
419.000000 374.000000
419.000000 379.000000
419.000000 384.000000
419.333333 388.666667
419.666667 393.333333
420.000000 398.333333
420.333333 403.666667
421.000000 409.333333
422.000000 414.666667
423.000000 420.333333
424.000000 425.666667
425.333333 431.333333
427.000000 437.333333
429.000000 443.666667
431.000000 450.000000
433.000000 455.666667
435.333333 461.666667
438.000000 467.666667
441.333333 474.000000
445.333333 480.333333
450.333333 487.333333
456.000000 495.000000
462.000000 503.333333
468.000000 511.666667
474.000000 520.000000
480.333333 528.000000
487.000000 536.000000
494.000000 544.000000
501.000000 551.666667
507.666667 559.333333
514.000000 567.000000
520.333333 575.000000
527.000000 583.333333
534.000000 592.000000
541.000000 600.666667
548.000000 609.000000
554.666667 616.666667
561.000000 624.000000
567.000000 631.333333
572.666667 638.666667
578.333333 646.333333
584.000000 653.666667
590.000000 661.333333
596.000000 669.000000
602.000000 677.333333
607.666667 686.000000
613.000000 695.000000
618.000000 703.333333
623.000000 711.333333
627.666667 718.333333
632.333333 725.000000
636.666667 731.000000
641.000000 736.666667
645.333333 741.666667
649.666667 746.333333
654.333333 751.000000
658.666667 755.666667
663.000000 760.000000
667.333333 764.333333
671.666667 768.333333
676.000000 772.333333
680.000000 775.666667
683.666667 778.666667
687.333333 781.333333
690.333333 783.333333
693.333333 785.000000
695.333333 786.000000
697.666667 787.000000
699.666667 787.333333
