579.000000 363.666667
578.000000 362.000000
577.333333 360.000000
577.000000 357.666667
577.000000 355.000000
576.666667 351.666667
576.333333 348.333333
576.000000 345.000000
576.000000 341.666667
576.000000 338.333333
576.000000 334.666667
576.000000 331.000000
575.666667 326.666667
575.333333 322.000000
574.666667 317.333333
574.000000 313.000000
573.000000 309.000000
572.000000 305.000000
570.666667 300.666667
569.333333 296.333333
567.666667 291.666667
566.000000 287.333333
563.666667 282.333333
561.333333 277.333333
558.666667 272.000000
556.333333 267.000000
553.666667 262.333333
551.000000 257.666667
548.333333 253.333333
545.666667 249.333333
543.333333 246.000000
541.000000 243.000000
539.000000 240.000000
537.000000 237.333333
535.000000 234.666667
533.000000 232.333333
531.333333 230.000000
529.666667 228.000000
528.000000 225.666667
526.333333 223.666667
524.333333 221.333333
522.333333 219.333333
520.000000 217.000000
517.666667 214.666667
515.333333 212.333333
512.666667 210.000000
510.000000 208.000000
507.333333 206.000000
504.333333 204.000000
501.333333 202.000000
498.000000 200.000000
495.000000 198.000000
492.000000 196.000000
489.000000 194.000000
486.000000 192.000000
482.666667 190.000000
479.333333 188.000000
475.333333 186.000000
471.333333 184.000000
466.666667 182.000000
462.333333 180.333333
458.000000 178.666667
454.000000 177.333333
450.000000 176.000000
446.333333 175.000000
443.000000 174.000000
439.333333 173.000000
434.666667 172.000000
428.333333 171.000000
422.333333 170.000000
415.000000 169.000000
402.000000 168.000000
387.000000 167.666667
372.333333 168.000000
364.666667 169.000000
359.000000 170.000000
355.000000 171.000000
351.333333 172.000000
348.000000 173.333333
345.333333 174.666667
342.666667 176.000000
340.000000 177.333333
337.333333 179.000000
334.666667 181.000000
332.333333 183.000000
329.666667 185.333333
327.333333 187.666667
324.666667 190.000000
322.000000 192.333333
319.333333 195.000000
316.666667 198.333333
314.333333 201.333333
311.666667 204.666667
309.333333 207.666667
307.000000 210.666667
305.000000 213.333333
303.000000 216.000000
301.000000 219.000000
299.000000 222.000000
297.000000 225.333333
295.000000 228.666667
293.000000 232.000000
291.333333 234.666667
289.666667 237.666667
288.333333 240.666667
287.000000 244.000000
286.000000 247.000000
285.000000 250.000000
283.666667 253.000000
282.333333 256.333333
281.000000 260.000000
280.000000 264.000000
279.000000 268.000000
278.333333 272.000000
278.000000 275.666667
278.000000 279.333333
278.000000 283.000000
277.666667 286.666667
277.333333 290.333333
277.333333 294.000000
277.666667 298.000000
278.000000 302.333333
278.333333 307.333333
279.000000 313.000000
280.000000 318.666667
281.000000 324.000000
282.000000 329.000000
283.333333 334.333333
285.000000 339.666667
286.666667 345.333333
288.333333 350.666667
290.333333 356.333333
292.666667 362.000000
295.333333 368.000000
298.000000 374.000000
301.000000 379.666667
304.333333 385.333333
308.000000 390.666667
312.000000 396.333333
316.000000 402.000000
320.000000 408.000000
324.000000 414.000000
328.000000 420.000000
332.000000 426.333333
336.333333 432.666667
340.666667 439.333333
345.333333 445.666667
349.666667 451.666667
354.000000 457.000000
357.666667 461.333333
361.000000 465.000000
364.000000 468.333333
367.000000 471.333333
370.000000 474.333333
372.666667 476.666667
375.000000 478.666667
377.000000 480.666667
379.333333 483.666667
382.000000 488.000000
384.666667 493.000000
387.333333 498.666667
389.666667 504.666667
392.333333 511.333333
395.000000 517.666667
397.666667 523.666667
400.333333 529.333333
403.000000 534.666667
406.333333 540.333333
409.666667 546.000000
413.333333 552.000000
417.000000 558.000000
421.000000 564.000000
425.000000 570.333333
429.000000 576.666667
433.666667 584.000000
438.666667 592.000000
444.333333 601.333333
449.666667 610.666667
455.333333 620.333333
461.000000 630.333333
467.000000 640.666667
472.666667 651.000000
478.333333 660.666667
484.000000 670.000000
490.000000 679.000000
496.333333 688.333333
503.000000 697.666667
509.333333 707.000000
515.333333 715.666667
521.000000 724.000000
527.000000 732.000000
533.000000 739.666667
539.000000 747.333333
545.333333 754.666667
551.666667 762.333333
558.000000 770.000000
563.666667 778.333333
569.000000 786.666667
574.000000 794.666667
578.666667 802.333333
583.333333 809.333333
587.666667 816.000000
592.000000 821.666667
596.333333 827.000000
600.666667 831.666667
605.000000 836.333333
609.000000 840.666667
612.666667 844.666667
615.666667 847.666667
618.000000 850.000000
619.666667 852.000000
621.000000 853.666667
622.000000 855.000000
623.000000 856.000000
623.666667 856.000000
