868.000000 424.333333
868.000000 421.000000
868.000000 417.666667
868.000000 414.000000
868.333333 409.666667
868.666667 405.000000
869.000000 400.333333
869.333333 395.666667
870.000000 391.000000
871.000000 386.000000
872.000000 380.666667
873.333333 375.333333
874.666667 369.666667
876.333333 364.333333
877.333333 359.000000
878.666667 354.000000
880.333333 349.000000
882.666667 344.000000
885.333333 339.000000
887.666667 333.666667
890.333333 328.000000
893.000000 322.333333
895.666667 316.666667
898.000000 311.333333
900.000000 306.333333
902.333333 302.000000
904.666667 298.000000
906.666667 294.000000
908.666667 289.666667
910.666667 285.333333
913.000000 280.666667
915.666667 276.000000
918.666667 271.000000
922.333333 266.333333
926.000000 261.666667
930.333333 257.333333
935.000000 253.000000
939.666667 249.000000
944.000000 245.333333
948.000000 241.666667
952.333333 238.000000
957.000000 233.666667
962.000000 229.333333
967.333333 224.666667
972.666667 220.666667
978.333333 217.000000
984.000000 214.000000
989.333333 210.666667
994.333333 207.666667
998.666667 205.000000
1003.333333 203.000000
1008.000000 201.000000
1013.000000 199.000000
1018.333333 197.333333
1024.000000 196.000000
1029.666667 195.000000
1035.333333 194.000000
1042.333333 193.000000
1054.000000 192.000000
1072.333333 191.666667
1089.666667 192.000000
1103.000000 193.000000
1110.000000 194.000000
1117.333333 195.333333
1124.666667 197.000000
1132.000000 199.000000
1138.666667 201.333333
1145.000000 204.000000
1151.666667 207.333333
1158.333333 211.000000
1165.333333 215.000000
1171.666667 219.000000
1177.666667 223.000000
1183.000000 227.000000
1187.666667 230.666667
1191.666667 234.000000
1195.333333 237.333333
1198.666667 240.666667
1202.000000 244.333333
1205.000000 248.333333
1208.000000 253.000000
1211.000000 258.333333
1214.000000 264.000000
1217.000000 270.000000
1219.666667 276.000000
1222.000000 282.333333
1224.000000 288.666667
1226.000000 295.666667
1228.000000 302.333333
1229.666667 309.666667
1231.000000 316.333333
1232.000000 322.666667
1233.000000 328.333333
1233.666667 334.000000
1234.000000 340.000000
1234.000000 345.666667
1234.000000 351.666667
1233.666667 357.666667
1233.333333 364.333333
1232.666667 370.333333
1232.333333 376.333333
1231.666667 382.000000
1230.666667 388.000000
1229.333333 394.333333
1228.000000 400.666667
1226.666667 407.333333
1225.000000 413.666667
1223.000000 420.000000
1221.000000 426.000000
1219.000000 432.000000
1216.666667 438.333333
1214.000000 445.000000
1211.000000 452.000000
1207.666667 459.000000
1204.333333 465.666667
1201.000000 472.333333
1197.333333 478.666667
1193.000000 485.333333
1187.666667 492.333333
1182.000000 499.666667
1176.000000 507.000000
1170.000000 514.000000
1164.000000 521.000000
1158.000000 528.333333
1151.666667 536.000000
1144.333333 544.000000
1136.333333 552.333333
1128.333333 560.333333
1121.000000 568.333333
1113.666667 576.000000
1105.666667 584.333333
1096.666667 592.666667
1087.666667 601.000000
1079.000000 608.666667
1071.000000 616.333333
1063.000000 623.666667
1054.666667 631.333333
1046.000000 639.333333
1037.333333 647.333333
1029.333333 655.333333
1022.000000 663.000000
1014.666667 670.666667
1006.666667 678.666667
998.333333 687.000000
990.000000 696.000000
982.000000 704.666667
974.333333 712.666667
966.666667 720.666667
958.666667 728.666667
950.000000 737.333333
941.333333 745.666667
933.333333 753.666667
925.666667 760.666667
918.000000 767.000000
910.333333 772.666667
903.333333 777.666667
897.333333 781.666667
892.666667 785.000000
889.000000 787.666667
886.333333 790.000000
884.000000 791.666667
882.333333 793.000000
881.333333 794.000000
