770.000000 361.000000
801.000000 360.000000
832.000000 359.000000
863.000000 358.000000
863.000000 356.666667
863.000000 355.333333
863.000000 354.000000
863.333333 352.666667
863.666667 351.333333
864.000000 349.666667
864.000000 348.333333
864.000000 346.666667
864.333333 345.000000
864.666667 342.000000
865.333333 338.666667
865.666667 335.000000
866.333333 331.666667
867.333333 328.000000
868.666667 324.000000
870.333333 319.666667
872.333333 315.000000
875.000000 310.000000
878.333333 304.666667
882.000000 299.333333
886.000000 293.666667
890.000000 288.000000
894.333333 281.666667
898.333333 275.333333
902.333333 269.000000
906.000000 263.333333
912.333333 256.000000
920.000000 248.000000
928.333333 240.000000
935.000000 233.666667
941.000000 228.000000
946.666667 222.333333
952.000000 217.000000
956.666667 212.333333
961.666667 208.333333
966.666667 205.000000
972.000000 202.000000
976.666667 199.000000
981.333333 196.000000
986.333333 193.000000
991.333333 190.000000
996.333333 187.000000
1001.000000 184.000000
1006.000000 181.000000
1011.333333 178.333333
1017.000000 175.666667
1022.666667 173.333333
1028.333333 171.333333
1033.333333 169.666667
1038.333333 168.333333
1042.666667 167.000000
1047.000000 166.000000
1051.000000 164.666667
1055.000000 163.333333
1059.000000 162.000000
1063.333333 161.000000
1067.666667 160.000000
1072.333333 159.000000
1079.000000 158.000000
1085.666667 157.000000
1095.000000 156.666667
1102.333333 157.000000
1110.000000 158.000000
1115.333333 159.333333
1120.666667 160.666667
1126.000000 162.000000
1131.000000 163.333333
1136.000000 164.666667
1140.666667 166.333333
1145.000000 168.000000
1149.000000 170.000000
1153.000000 172.333333
1156.666667 174.666667
1160.333333 177.333333
1163.666667 180.000000
1167.000000 182.666667
1170.000000 185.333333
1173.000000 188.000000
1176.000000 190.666667
1178.666667 193.333333
1181.333333 195.666667
1183.666667 198.333333
1186.333333 201.333333
1188.666667 205.000000
1191.000000 209.000000
1192.666667 213.333333
1194.000000 218.000000
1195.000000 223.000000
1196.000000 228.000000
1197.000000 232.666667
1198.000000 237.333333
1198.666667 242.000000
1199.333333 247.333333
1200.000000 253.000000
1200.666667 259.000000
1201.333333 265.000000
1201.666667 271.000000
1202.000000 277.000000
1202.000000 282.666667
1202.000000 288.333333
1202.000000 294.000000
1202.000000 300.000000
1202.000000 306.000000
1201.666667 312.000000
1201.000000 318.000000
1200.000000 324.000000
1199.333333 329.666667
1198.333333 335.333333
1197.333333 341.000000
1196.000000 347.000000
1195.000000 353.000000
1193.666667 359.000000
1192.000000 364.666667
1190.000000 370.333333
1188.000000 375.666667
1185.000000 383.333333
1181.333333 391.333333
1177.333333 399.666667
1173.666667 406.333333
1170.000000 412.666667
1166.000000 419.333333
1162.333333 425.666667
1158.333333 432.333333
1154.333333 439.333333
1149.666667 447.000000
1145.000000 455.000000
1140.000000 462.333333
1134.333333 469.666667
1128.333333 476.666667
1121.666667 484.333333
1115.333333 492.000000
1109.000000 500.000000
1102.666667 508.000000
1096.000000 515.333333
1089.000000 522.666667
1082.000000 529.666667
1075.000000 537.666667
1068.333333 545.666667
1062.000000 553.666667
1056.000000 561.000000
1050.333333 568.000000
1044.333333 575.000000
1038.333333 581.666667
1031.666667 588.666667
1025.666667 595.333333
1020.000000 602.333333
1015.333333 608.666667
1011.000000 614.333333
1007.333333 619.333333
1004.000000 623.666667
1001.000000 627.666667
998.000000 631.333333
995.000000 635.000000
992.000000 638.666667
988.666667 642.333333
985.333333 646.000000
982.000000 650.333333
978.666667 654.666667
975.333333 659.000000
971.666667 663.333333
968.333333 667.666667
965.000000 672.000000
962.000000 676.000000
959.000000 680.000000
955.666667 684.000000
952.333333 688.000000
948.666667 692.000000
945.000000 696.000000
941.333333 700.000000
937.666667 704.000000
934.000000 708.000000
930.333333 712.000000
927.000000 715.666667
924.333333 718.666667
922.333333 721.000000
921.000000 723.000000
920.000000 724.666667
919.000000 726.000000
918.333333 727.000000
917.666667 728.000000
