472.666667 420.666667
473.000000 418.000000
473.000000 414.666667
473.000000 411.000000
473.333333 407.000000
473.666667 403.000000
474.000000 399.000000
474.000000 394.666667
474.000000 390.333333
474.000000 385.666667
474.000000 381.000000
474.000000 376.000000
474.000000 371.000000
474.000000 366.000000
473.666667 361.000000
473.333333 356.000000
473.000000 351.333333
472.666667 347.000000
472.333333 343.000000
471.666667 338.666667
471.000000 334.000000
470.000000 329.000000
468.666667 324.000000
466.666667 318.666667
464.333333 313.333333
461.666667 307.666667
459.333333 302.333333
456.666667 297.000000
454.000000 291.666667
451.333333 286.333333
448.666667 281.000000
446.333333 276.000000
443.666667 271.000000
441.333333 266.333333
439.000000 262.000000
436.666667 258.000000
434.333333 254.000000
432.000000 250.000000
430.000000 246.333333
427.666667 242.666667
424.666667 239.000000
421.000000 235.000000
417.000000 230.666667
412.666667 226.000000
408.000000 221.333333
403.000000 216.666667
398.333333 212.333333
394.000000 208.000000
390.000000 204.333333
386.000000 201.000000
381.666667 198.000000
377.000000 194.666667
372.000000 191.333333
367.000000 188.000000
361.666667 185.000000
356.333333 182.333333
351.000000 179.666667
346.000000 177.000000
341.000000 174.333333
335.666667 171.666667
330.000000 169.333333
324.000000 166.666667
317.666667 164.333333
311.333333 162.000000
305.333333 160.333333
300.000000 159.000000
295.000000 158.000000
289.666667 157.000000
279.000000 156.666667
266.666667 157.000000
255.000000 158.000000
249.000000 159.000000
245.000000 160.000000
241.000000 161.000000
237.000000 162.333333
232.333333 164.000000
227.000000 165.666667
221.000000 167.666667
215.000000 169.666667
209.333333 172.666667
204.000000 175.666667
199.000000 179.000000
193.666667 182.333333
188.333333 186.000000
182.333333 190.333333
176.333333 194.666667
170.333333 199.000000
165.333333 203.000000
161.000000 206.666667
157.333333 210.333333
154.000000 213.666667
151.333333 217.333333
148.666667 220.666667
146.666667 224.333333
145.000000 227.666667
144.000000 231.333333
143.000000 235.000000
142.000000 239.333333
141.333333 244.000000
141.000000 249.333333
141.000000 254.666667
141.333333 260.333333
141.666667 266.000000
142.333333 272.000000
142.666667 278.333333
143.333333 285.000000
144.000000 291.666667
145.333333 298.333333
146.666667 305.000000
148.333333 311.666667
149.666667 318.000000
151.000000 324.000000
152.333333 329.666667
154.000000 335.000000
156.333333 340.000000
159.000000 345.000000
162.333333 350.666667
166.000000 356.666667
170.000000 363.333333
174.000000 369.666667
177.666667 376.000000
181.333333 382.666667
184.666667 389.666667
188.000000 397.666667
191.000000 405.333333
194.000000 413.000000
197.000000 419.666667
200.666667 426.666667
205.000000 433.666667
209.666667 440.666667
214.333333 447.666667
219.000000 454.666667
224.000000 462.000000
228.666667 468.666667
233.666667 475.666667
238.666667 483.000000
244.000000 490.666667
249.000000 498.000000
254.333333 505.333333
260.000000 512.333333
265.666667 519.333333
271.000000 525.666667
276.000000 532.666667
281.000000 539.333333
286.666667 546.333333
293.333333 553.333333
301.000000 560.666667
308.666667 567.666667
315.666667 574.333333
322.000000 580.333333
328.000000 586.666667
333.666667 592.333333
339.333333 598.333333
344.666667 604.000000
350.666667 610.000000
356.666667 616.000000
362.666667 621.666667
368.333333 627.333333
374.000000 633.000000
380.000000 639.333333
386.333333 646.000000
393.333333 653.000000
401.000000 660.000000
408.666667 667.000000
416.333333 673.666667
424.333333 680.333333
432.666667 686.666667
441.333333 693.000000
449.666667 699.000000
458.000000 705.000000
465.666667 711.000000
473.666667 717.000000
481.333333 723.000000
489.333333 728.666667
496.666667 734.333333
503.333333 739.333333
509.000000 744.000000
513.333333 747.666667
517.000000 751.000000
519.666667 753.666667
522.000000 755.666667
523.666667 757.000000
525.000000 758.000000
525.666667 759.000000
527.666667 760.000000
