725.000000 344.000000
677.000000 341.666667
629.000000 339.000000
629.000000 335.666667
629.000000 332.000000
629.000000 328.000000
629.000000 324.000000
629.000000 320.000000
629.000000 315.666667
629.000000 311.333333
629.000000 307.000000
629.000000 303.000000
628.666667 299.000000
628.333333 295.000000
627.666667 290.666667
627.000000 286.000000
626.333333 281.000000
625.666667 276.000000
625.000000 271.000000
624.000000 266.000000
623.000000 261.333333
621.666667 257.000000
620.333333 253.000000
619.000000 249.000000
618.000000 245.000000
617.000000 241.000000
615.666667 237.333333
614.000000 233.666667
612.000000 230.000000
610.000000 226.000000
608.000000 222.333333
606.000000 219.000000
603.666667 215.666667
601.000000 212.333333
598.000000 209.000000
595.000000 206.000000
592.000000 203.000000
589.000000 200.000000
586.000000 197.000000
583.000000 194.333333
580.000000 191.666667
577.000000 189.333333
574.000000 186.666667
571.000000 184.333333
568.333333 182.333333
565.666667 180.666667
563.000000 179.000000
560.000000 177.333333
557.333333 176.000000
554.666667 175.000000
552.000000 174.000000
549.000000 173.000000
546.333333 172.000000
543.666667 171.000000
541.000000 170.000000
538.333333 169.000000
534.333333 167.666667
528.666667 166.333333
522.333333 165.000000
517.000000 164.000000
513.000000 163.000000
507.333333 162.000000
500.666667 161.000000
494.333333 160.000000
489.666667 159.000000
485.000000 158.000000
478.666667 157.000000
472.000000 156.000000
463.666667 155.000000
454.000000 154.666667
441.333333 155.000000
425.666667 156.000000
412.333333 157.000000
402.000000 158.000000
397.333333 159.333333
392.666667 160.666667
388.333333 162.333333
384.333333 164.000000
380.666667 166.333333
377.333333 168.666667
374.000000 171.000000
371.000000 173.333333
367.666667 176.000000
364.666667 178.666667
361.666667 181.333333
359.000000 183.666667
356.333333 186.000000
353.666667 188.333333
351.000000 191.333333
348.333333 194.666667
346.000000 198.000000
344.000000 201.333333
342.000000 204.666667
340.000000 208.333333
338.333333 211.666667
336.666667 215.333333
335.333333 219.333333
334.000000 223.666667
333.000000 228.000000
332.333333 232.333333
331.333333 238.666667
330.666667 245.333333
330.000000 252.000000
329.666667 257.333333
329.333333 262.666667
329.000000 268.000000
329.000000 273.000000
329.000000 278.000000
329.000000 282.666667
329.333333 287.333333
329.666667 292.000000
330.000000 297.000000
330.333333 302.333333
331.000000 308.000000
331.666667 313.666667
332.333333 319.333333
332.666667 325.000000
333.333333 330.666667
334.000000 336.666667
335.000000 343.000000
336.333333 350.000000
338.000000 356.666667
340.000000 363.333333
342.000000 369.666667
344.333333 376.000000
347.333333 382.000000
351.000000 388.000000
355.333333 394.000000
360.000000 400.333333
365.000000 407.333333
370.000000 414.333333
375.000000 421.666667
380.333333 429.000000
386.000000 437.333333
392.000000 446.000000
397.666667 454.666667
403.333333 462.666667
408.666667 470.000000
414.000000 476.666667
419.000000 483.000000
423.666667 489.000000
428.000000 494.666667
431.666667 500.333333
435.333333 505.666667
439.333333 511.333333
444.000000 517.333333
449.000000 524.000000
454.333333 531.333333
459.666667 539.333333
465.000000 548.333333
470.000000 557.333333
475.000000 566.666667
480.333333 575.666667
486.000000 585.333333
492.000000 594.666667
498.000000 603.666667
503.666667 612.000000
509.000000 619.666667
514.000000 627.666667
519.333333 635.666667
524.666667 644.333333
530.000000 652.666667
535.000000 661.000000
540.333333 669.000000
546.333333 677.333333
552.333333 686.000000
558.333333 694.666667
563.333333 703.000000
568.333333 710.666667
572.666667 717.666667
577.000000 724.000000
581.333333 730.333333
586.000000 737.000000
591.000000 744.333333
596.333333 751.666667
601.666667 759.333333
607.333333 766.666667
612.333333 774.333333
617.333333 782.000000
621.666667 789.333333
626.333333 796.000000
630.666667 802.000000
634.666667 807.333333
638.333333 812.000000
642.000000 816.000000
645.333333 819.666667
648.333333 823.000000
650.666667 825.666667
652.666667 828.000000
654.333333 830.000000
655.666667 832.000000
656.666667 833.666667
657.333333 835.000000
657.666667 836.000000
658.000000 837.000000
