824.333333 359.000000
824.000000 356.000000
823.666667 353.000000
823.333333 350.000000
823.000000 347.000000
823.000000 344.000000
822.666667 341.000000
822.333333 338.000000
822.000000 334.666667
821.666667 331.333333
821.333333 327.666667
820.666667 323.666667
820.000000 319.000000
819.000000 314.000000
818.000000 309.333333
817.000000 304.666667
816.000000 300.000000
814.666667 295.000000
813.333333 290.000000
811.666667 285.000000
810.000000 280.000000
807.666667 274.333333
805.333333 268.666667
802.333333 262.333333
799.333333 256.666667
795.333333 250.333333
791.333333 244.333333
787.000000 238.333333
782.666667 232.333333
778.333333 226.666667
774.000000 220.666667
770.000000 215.333333
765.666667 210.000000
760.666667 205.000000
755.000000 199.666667
749.000000 194.333333
743.000000 189.333333
737.000000 185.000000
731.000000 180.666667
725.000000 176.333333
719.000000 172.000000
713.000000 168.000000
706.666667 164.000000
700.333333 160.666667
694.333333 157.666667
688.666667 155.333333
683.333333 152.666667
677.666667 150.333333
672.333333 148.333333
666.666667 146.666667
661.333333 145.333333
654.000000 144.000000
645.333333 143.000000
634.666667 142.000000
619.666667 141.666667
604.666667 142.000000
591.666667 143.000000
585.333333 144.000000
580.666667 145.333333
576.333333 146.666667
572.000000 148.333333
567.666667 150.000000
563.333333 152.000000
558.666667 153.666667
554.666667 155.333333
550.666667 157.000000
547.333333 159.000000
544.333333 161.000000
541.666667 163.000000
539.666667 164.666667
537.666667 166.666667
536.000000 168.666667
534.000000 171.333333
532.000000 174.000000
530.000000 177.333333
528.333333 181.333333
526.666667 186.333333
525.000000 191.666667
523.333333 198.000000
521.666667 204.666667
520.333333 212.000000
519.000000 219.000000
518.333333 226.333333
517.666667 233.666667
517.000000 241.000000
516.333333 248.000000
515.666667 255.000000
515.333333 262.000000
515.000000 269.000000
515.333333 275.666667
515.666667 282.333333
516.000000 288.666667
516.333333 295.000000
516.666667 301.000000
517.000000 307.333333
517.000000 314.000000
517.000000 321.000000
517.333333 328.333333
517.666667 336.333333
518.000000 345.000000
518.000000 354.000000
518.333333 363.000000
518.666667 371.666667
519.666667 380.000000
520.666667 388.000000
522.333333 395.666667
523.666667 403.000000
525.666667 410.000000
527.666667 417.000000
530.666667 424.333333
534.000000 432.333333
538.000000 441.000000
542.666667 450.333333
548.000000 459.666667
554.333333 469.666667
560.666667 480.333333
567.333333 492.000000
574.333333 504.000000
582.333333 516.333333
590.666667 528.666667
599.000000 541.000000
607.000000 552.666667
615.000000 564.000000
623.333333 574.666667
632.333333 585.333333
641.666667 595.666667
651.000000 605.666667
660.333333 615.000000
670.000000 624.333333
680.333333 634.000000
690.666667 643.666667
700.666667 653.000000
710.000000 662.000000
719.000000 671.000000
728.333333 680.000000
737.333333 689.333333
746.000000 698.666667
754.000000 708.000000
761.666667 716.666667
769.333333 725.333333
776.666667 734.000000
784.000000 742.666667
791.000000 750.666667
797.666667 757.666667
803.666667 764.000000
809.333333 769.666667
814.666667 775.000000
820.000000 779.666667
825.000000 784.000000
829.666667 788.000000
834.000000 791.666667
838.000000 795.000000
841.666667 798.000000
845.000000 800.666667
847.666667 803.000000
850.000000 804.666667
851.666667 806.000000
853.000000 807.000000
854.000000 808.000000
855.000000 809.000000
856.000000 810.333333
857.000000 811.666667
858.000000 813.000000
858.666667 814.000000
