868.000000 356.666667
868.333333 351.666667
869.000000 346.666667
870.000000 341.000000
871.333333 335.000000
873.000000 328.666667
875.000000 322.000000
877.000000 315.333333
879.000000 309.333333
881.333333 303.333333
884.000000 297.666667
887.666667 291.333333
892.000000 285.000000
896.333333 278.333333
900.000000 272.000000
903.333333 266.333333
906.666667 261.000000
910.333333 256.000000
914.333333 251.333333
919.333333 246.666667
925.000000 242.000000
931.000000 237.333333
936.333333 232.666667
941.666667 228.000000
946.666667 223.666667
952.000000 220.000000
957.333333 216.666667
963.333333 212.666667
969.666667 208.666667
976.000000 204.666667
982.000000 201.333333
987.666667 198.000000
993.000000 195.000000
998.000000 192.333333
1003.000000 190.000000
1008.000000 187.666667
1013.666667 185.333333
1019.666667 183.000000
1026.000000 181.000000
1032.000000 178.666667
1038.000000 176.333333
1044.000000 173.666667
1050.000000 171.333333
1056.333333 169.000000
1063.000000 167.000000
1069.666667 165.333333
1075.666667 164.000000
1081.333333 163.000000
1091.000000 162.666667
1100.666667 163.000000
1110.000000 164.333333
1115.333333 166.333333
1120.666667 169.000000
1126.333333 172.333333
1131.666667 175.666667
1137.000000 179.666667
1142.000000 184.000000
1148.333333 191.000000
1154.333333 198.333333
1160.333333 206.333333
1164.666667 213.000000
1168.666667 220.000000
1172.333333 227.000000
1175.666667 234.333333
1179.000000 241.666667
1182.000000 249.333333
1184.666667 257.000000
1186.666667 265.000000
1188.333333 273.000000
1189.333333 281.000000
1190.333333 289.333333
1190.666667 298.000000
1191.000000 307.000000
1191.000000 316.000000
1190.666667 324.666667
1189.666667 333.000000
1188.000000 341.333333
1186.000000 349.666667
1183.333333 358.000000
1180.333333 366.000000
1176.333333 374.000000
1172.333333 382.000000
1167.666667 390.000000
1163.333333 398.333333
1159.000000 407.000000
1154.666667 415.666667
1150.000000 424.333333
1145.000000 432.666667
1139.333333 441.000000
1133.333333 449.000000
1127.000000 457.000000
1121.333333 465.000000
1115.666667 472.666667
1110.333333 480.333333
1105.000000 487.666667
1099.666667 495.000000
1094.000000 502.333333
1088.333333 509.666667
1083.000000 516.666667
1077.666667 523.333333
1072.333333 530.000000
1067.000000 537.000000
1062.333333 544.333333
1057.666667 551.666667
1053.333333 559.000000
1049.000000 565.666667
1045.000000 572.333333
1040.666667 578.333333
1036.333333 584.666667
1031.666667 590.333333
1027.333333 596.333333
1023.000000 601.666667
1019.333333 607.333333
1015.666667 612.666667
1012.333333 618.000000
1008.666667 622.666667
1003.333333 629.333333
997.666667 636.333333
991.666667 643.666667
987.000000 649.333333
982.000000 655.000000
977.333333 660.666667
973.000000 666.000000
969.000000 670.666667
965.000000 675.333333
961.000000 680.000000
957.000000 685.333333
953.000000 690.666667
948.666667 696.333333
944.333333 701.666667
939.666667 707.000000
935.000000 712.000000
930.333333 717.000000
926.000000 722.000000
922.000000 726.666667
918.000000 731.000000
914.000000 735.333333
910.000000 739.666667
906.333333 744.000000
902.666667 747.666667
899.000000 751.333333
895.000000 755.000000
891.000000 758.666667
887.333333 761.666667
884.333333 764.000000
882.000000 766.000000
880.000000 767.666667
878.666667 769.000000
877.666667 770.000000
