669.000000 432.666667
669.000000 430.333333
669.000000 427.000000
669.000000 422.666667
669.000000 418.000000
750.000000 412.666667
831.000000 407.000000
912.000000 400.666667
911.666667 394.000000
911.333333 387.000000
910.666667 379.666667
910.000000 372.000000
909.000000 364.333333
908.000000 357.000000
906.666667 349.666667
905.000000 342.333333
903.333333 335.000000
901.333333 328.000000
899.000000 321.000000
896.000000 314.333333
892.333333 308.000000
888.000000 301.666667
883.000000 295.333333
878.000000 289.000000
873.333333 282.666667
868.666667 276.666667
864.000000 270.666667
858.666667 265.333333
852.333333 259.666667
845.333333 254.333333
838.333333 249.333333
832.000000 244.666667
826.000000 240.333333
820.000000 236.000000
813.666667 232.000000
806.666667 228.333333
799.333333 224.666667
792.333333 221.333333
786.000000 218.000000
780.000000 215.000000
774.333333 212.000000
768.666667 209.333333
762.666667 206.666667
756.000000 204.333333
749.000000 202.000000
742.666667 200.333333
736.666667 199.000000
731.333333 198.000000
725.666667 197.000000
720.333333 196.000000
710.000000 195.666667
700.000000 196.000000
690.000000 197.000000
685.000000 198.333333
680.000000 200.000000
675.000000 202.333333
670.000000 205.333333
664.666667 209.000000
659.000000 213.333333
653.000000 217.666667
647.333333 222.000000
642.000000 226.000000
637.000000 230.000000
632.333333 234.000000
628.000000 238.333333
624.333333 242.666667
620.666667 247.333333
617.333333 252.000000
613.666667 257.000000
610.333333 262.333333
607.000000 267.666667
603.666667 273.666667
600.000000 279.666667
596.333333 286.333333
593.333333 293.333333
591.000000 301.000000
589.000000 309.000000
587.333333 317.000000
586.333333 324.666667
586.000000 332.000000
585.666667 339.333333
585.666667 346.333333
585.666667 353.333333
586.333333 360.000000
587.333333 366.666667
588.333333 372.666667
589.333333 378.000000
590.333333 383.333333
592.000000 389.000000
594.000000 394.666667
595.666667 400.000000
597.333333 405.000000
598.666667 409.666667
600.333333 414.000000
602.333333 418.000000
604.333333 421.666667
606.333333 425.000000
608.000000 428.000000
609.666667 431.000000
611.666667 434.333333
613.666667 438.000000
616.000000 442.333333
618.000000 447.000000
620.000000 452.666667
622.000000 458.666667
624.000000 465.000000
626.333333 470.666667
629.333333 476.333333
633.333333 482.333333
638.333333 489.000000
644.333333 496.333333
650.666667 503.666667
657.000000 510.666667
662.666667 517.333333
668.333333 523.666667
674.333333 530.333333
681.333333 537.000000
689.000000 544.000000
696.666667 551.333333
703.666667 558.666667
710.333333 566.000000
717.333333 573.000000
725.333333 580.666667
733.666667 588.666667
742.000000 597.000000
749.666667 604.666667
757.000000 612.000000
764.666667 619.000000
773.333333 625.666667
782.333333 631.666667
791.000000 637.333333
799.000000 642.666667
807.333333 648.666667
816.666667 655.000000
826.666667 662.000000
836.666667 669.000000
845.666667 676.666667
854.333333 685.000000
863.666667 694.333333
873.333333 703.333333
882.666667 712.000000
890.666667 719.666667
897.666667 726.666667
904.000000 733.333333
910.000000 739.333333
916.333333 745.333333
923.333333 750.666667
930.333333 756.000000
936.666667 760.666667
941.333333 764.666667
945.000000 767.666667
947.666667 770.000000
949.666667 771.666667
951.000000 773.000000
952.000000 774.000000
953.000000 774.333333
953.666667 774.000000
953.666667 772.666667
