705.000000 338.666667
693.333333 336.000000
693.000000 332.333333
692.000000 327.666667
691.000000 323.333333
690.000000 319.000000
689.000000 314.666667
688.000000 310.000000
687.000000 305.333333
685.666667 300.666667
684.333333 296.333333
683.000000 292.000000
682.000000 287.666667
680.000000 281.333333
678.000000 274.333333
675.333333 267.333333
673.333333 262.000000
671.000000 257.333333
668.666667 252.333333
666.000000 247.666667
663.000000 243.000000
660.333333 239.000000
657.333333 234.666667
654.333333 230.333333
651.000000 226.000000
648.000000 222.333333
645.000000 218.666667
642.000000 215.000000
639.333333 211.333333
636.333333 208.000000
633.666667 205.000000
630.666667 202.000000
628.000000 199.000000
625.000000 196.000000
621.666667 192.666667
618.000000 189.333333
613.666667 185.666667
609.333333 182.000000
604.333333 178.000000
599.333333 174.000000
594.333333 170.000000
589.666667 166.333333
585.333333 162.666667
580.666667 159.333333
576.333333 156.000000
571.666667 153.000000
567.000000 150.333333
562.000000 148.000000
557.000000 146.333333
552.000000 144.666667
547.000000 143.333333
542.666667 142.000000
538.666667 141.000000
535.000000 140.000000
531.000000 139.000000
525.666667 138.000000
515.333333 137.666667
503.666667 138.000000
492.000000 139.000000
485.333333 140.333333
480.000000 142.000000
476.333333 144.000000
472.666667 146.333333
469.000000 149.000000
465.000000 152.000000
461.000000 155.000000
457.000000 158.000000
453.000000 161.333333
449.333333 164.666667
446.000000 168.333333
443.000000 172.000000
440.000000 176.000000
437.333333 180.000000
435.000000 184.000000
433.000000 188.000000
431.333333 192.333333
429.666667 196.666667
428.333333 201.000000
427.000000 205.000000
426.000000 209.000000
425.000000 213.000000
424.333333 217.000000
423.666667 221.000000
423.333333 225.333333
423.000000 230.000000
423.000000 235.000000
423.000000 240.000000
423.000000 245.000000
423.000000 250.000000
423.000000 255.000000
423.000000 259.666667
423.000000 264.000000
423.000000 268.000000
423.000000 271.666667
423.000000 275.000000
423.333333 278.333333
423.666667 281.666667
424.000000 285.000000
424.333333 288.333333
424.666667 291.666667
425.333333 295.333333
425.666667 298.666667
426.000000 302.333333
426.333333 305.666667
426.666667 308.666667
427.000000 311.333333
427.000000 313.666667
427.333333 316.333333
427.666667 318.666667
428.333333 321.333333
429.000000 324.333333
430.000000 328.000000
431.000000 332.333333
432.000000 336.666667
433.000000 341.666667
434.333333 346.666667
435.666667 352.000000
437.333333 357.333333
438.666667 363.000000
440.666667 368.666667
442.666667 374.000000
445.333333 379.333333
448.000000 384.666667
451.333333 390.000000
455.333333 395.333333
460.000000 401.333333
465.000000 407.666667
470.000000 414.333333
475.333333 421.333333
481.333333 428.666667
488.000000 436.333333
495.000000 444.333333
502.000000 452.666667
509.333333 461.000000
516.666667 469.000000
524.666667 477.333333
533.000000 486.333333
542.333333 495.666667
551.666667 505.000000
561.333333 514.333333
571.000000 523.666667
581.333333 533.000000
591.666667 542.000000
601.666667 550.666667
610.666667 559.000000
619.333333 566.666667
627.666667 574.333333
636.000000 581.666667
644.000000 589.000000
651.666667 596.000000
658.666667 603.000000
665.000000 610.000000
671.000000 616.666667
677.000000 623.000000
682.666667 629.000000
688.333333 635.000000
693.666667 640.666667
699.000000 646.333333
703.666667 651.666667
708.000000 656.666667
711.666667 661.333333
715.000000 665.333333
718.000000 669.666667
721.000000 673.666667
723.666667 678.000000
726.000000 682.000000
728.000000 686.000000
730.000000 689.666667
731.666667 693.000000
733.000000 696.000000
734.000000 699.333333
734.666667 702.333333
735.333333 705.333333
735.666667 707.666667
736.000000 710.000000
736.333333 711.666667
736.666667 713.000000
737.000000 714.000000
737.000000 715.000000
