833.000000 333.666667
832.000000 332.000000
831.333333 329.666667
831.000000 327.000000
831.333333 324.000000
831.666667 321.000000
832.333333 318.000000
833.000000 315.000000
834.000000 311.666667
835.000000 308.666667
835.666667 305.666667
836.333333 303.000000
837.333333 300.333333
838.666667 297.333333
840.333333 294.333333
841.666667 290.666667
843.333333 287.333333
845.333333 283.333333
847.333333 279.333333
849.333333 275.333333
851.333333 271.333333
853.666667 267.333333
856.000000 263.000000
858.000000 259.000000
859.666667 255.333333
861.333333 252.000000
863.000000 249.000000
864.666667 245.666667
866.333333 242.666667
867.666667 240.000000
869.666667 237.333333
872.000000 233.666667
875.000000 229.666667
878.000000 225.666667
881.333333 221.666667
885.000000 217.666667
889.000000 214.000000
893.000000 211.000000
896.666667 208.000000
900.000000 205.333333
903.000000 203.000000
906.000000 200.666667
909.000000 198.333333
912.333333 196.000000
916.333333 194.000000
920.666667 191.333333
925.333333 188.666667
929.666667 185.666667
934.333333 183.000000
938.666667 180.333333
943.000000 178.000000
947.000000 175.666667
951.000000 173.333333
954.666667 170.666667
958.333333 168.333333
962.000000 165.666667
966.333333 163.333333
970.666667 160.666667
975.333333 158.333333
980.000000 156.000000
985.000000 154.000000
989.666667 152.333333
995.000000 151.000000
999.666667 150.000000
1005.333333 149.000000
1010.000000 148.000000
1015.000000 147.000000
1018.666667 146.000000
1024.000000 145.000000
1029.666667 144.666667
1038.333333 144.333333
1059.666667 144.666667
1082.666667 145.000000
1103.666667 146.000000
1111.000000 147.333333
1117.333333 148.666667
1123.666667 150.000000
1130.000000 151.333333
1136.000000 153.000000
1141.666667 155.000000
1147.000000 157.000000
1152.666667 159.000000
1158.666667 161.333333
1165.000000 163.666667
1171.000000 166.333333
1177.000000 169.333333
1182.666667 172.666667
1188.000000 176.000000
1193.000000 179.000000
1198.000000 182.000000
1203.333333 185.000000
1208.666667 188.000000
1214.333333 191.000000
1219.666667 194.000000
1225.000000 197.333333
1229.666667 201.000000
1234.000000 205.333333
1237.666667 210.000000
1241.333333 215.333333
1244.333333 220.666667
1247.333333 226.000000
1249.333333 230.666667
1251.333333 235.333333
1253.000000 239.666667
1254.666667 244.333333
1256.000000 249.000000
1257.000000 254.333333
1258.000000 259.666667
1258.666667 265.333333
1259.333333 270.666667
1259.666667 276.333333
1260.000000 281.666667
1259.666667 287.333333
1259.000000 293.333333
1258.000000 300.000000
1257.000000 307.333333
1255.666667 314.666667
1254.333333 321.666667
1252.666667 328.000000
1251.333333 334.000000
1249.666667 340.333333
1248.000000 347.333333
1246.000000 354.666667
1244.000000 362.000000
1241.666667 368.666667
1238.666667 375.666667
1235.000000 383.000000
1230.666667 391.000000
1225.666667 399.000000
1220.333333 407.333333
1214.666667 416.000000
1209.333333 425.000000
1203.666667 434.000000
1197.666667 443.333333
1191.333333 452.666667
1184.666667 461.333333
1178.333333 469.333333
1171.666667 476.666667
1165.666667 484.000000
1159.666667 491.000000
1154.000000 498.000000
1147.666667 505.000000
1141.000000 512.000000
1134.000000 518.666667
1126.666667 525.333333
1119.333333 532.000000
1112.000000 539.333333
1104.333333 547.333333
1096.333333 555.666667
1087.666667 564.000000
1079.666667 571.666667
1072.000000 579.333333
1064.666667 587.333333
1057.333333 595.666667
1050.000000 604.000000
1042.666667 611.666667
1035.333333 619.333333
1028.000000 626.666667
1021.000000 634.333333
1014.000000 642.000000
1006.666667 649.666667
999.000000 657.333333
990.666667 665.000000
982.666667 672.666667
975.000000 680.333333
967.666667 688.000000
960.000000 696.000000
952.000000 703.666667
944.333333 710.666667
937.000000 717.333333
930.000000 723.333333
923.666667 729.333333
917.333333 735.333333
911.333333 741.666667
905.000000 748.000000
898.666667 754.333333
892.000000 760.666667
885.333333 766.666667
879.333333 772.000000
874.000000 777.333333
868.666667 783.000000
863.333333 788.666667
858.666667 793.333333
854.666667 797.333333
851.666667 800.333333
849.000000 803.000000
847.333333 804.666667
846.000000 806.000000
845.000000 807.000000
845.666667 806.333333
