878.000000 306.666667
877.000000 305.000000
876.333333 303.333333
876.000000 301.333333
876.000000 299.333333
876.333333 296.666667
877.000000 294.000000
878.333333 290.666667
879.666667 287.666667
881.333333 284.333333
882.666667 281.000000
884.333333 277.333333
886.666667 273.333333
889.333333 269.333333
892.666667 264.666667
896.000000 260.333333
900.000000 255.333333
904.666667 250.000000
910.000000 243.666667
916.000000 237.666667
922.000000 231.333333
928.333333 225.333333
934.666667 219.000000
940.666667 213.000000
946.333333 207.000000
951.666667 201.333333
958.000000 195.666667
964.666667 190.333333
972.000000 185.000000
979.333333 179.333333
986.666667 173.666667
994.333333 168.000000
1001.666667 163.333333
1009.666667 159.000000
1017.666667 155.666667
1025.666667 152.666667
1033.333333 150.000000
1040.333333 147.333333
1047.666667 145.000000
1055.333333 143.333333
1063.666667 142.000000
1072.333333 141.000000
1091.333333 140.666667
1110.666667 141.000000
1129.333333 142.333333
1137.333333 143.666667
1145.000000 145.333333
1153.333333 147.000000
1161.666667 149.000000
1170.000000 151.333333
1177.666667 154.333333
1185.000000 157.666667
1192.000000 161.000000
1198.666667 164.333333
1205.000000 168.000000
1211.000000 172.333333
1217.000000 176.666667
1222.666667 181.000000
1228.000000 185.333333
1232.666667 189.666667
1237.000000 194.666667
1240.666667 199.666667
1244.000000 205.333333
1247.000000 211.000000
1250.000000 217.000000
1252.333333 222.666667
1254.333333 228.000000
1255.666667 232.666667
1257.333333 237.333333
1258.666667 242.333333
1260.000000 247.666667
1260.666667 253.666667
1261.000000 260.000000
1261.000000 267.000000
1260.666667 274.000000
1260.000000 281.333333
1258.666667 289.000000
1257.333333 297.333333
1255.666667 306.333333
1254.000000 315.666667
1252.000000 325.333333
1249.666667 335.000000
1247.333333 345.000000
1245.000000 354.666667
1242.666667 364.000000
1239.666667 373.000000
1236.333333 381.666667
1232.333333 390.333333
1228.000000 399.000000
1223.000000 408.000000
1218.000000 416.666667
1212.666667 425.333333
1207.333333 434.333333
1201.666667 443.666667
1196.000000 453.000000
1190.000000 461.666667
1184.000000 469.666667
1178.000000 477.333333
1171.666667 485.000000
1165.333333 492.666667
1159.000000 500.333333
1153.000000 508.000000
1146.666667 516.000000
1139.666667 524.000000
1132.000000 532.000000
1124.000000 540.333333
1116.333333 548.666667
1109.000000 557.333333
1101.666667 565.333333
1093.666667 573.333333
1085.666667 581.000000
1077.666667 589.000000
1070.333333 597.000000
1063.000000 605.000000
1056.000000 612.666667
1048.666667 620.000000
1041.000000 627.333333
1033.000000 635.000000
1025.000000 643.000000
1017.333333 651.000000
1009.666667 658.666667
1001.666667 666.333333
993.333333 673.666667
985.000000 681.000000
977.000000 688.333333
969.000000 695.666667
961.333333 703.000000
953.666667 710.333333
946.333333 717.000000
939.000000 723.333333
932.666667 728.666667
927.000000 734.000000
922.333333 738.666667
918.000000 743.000000
914.333333 747.000000
911.333333 750.333333
909.000000 753.333333
907.333333 755.333333
906.000000 757.333333
905.333333 758.666667
904.666667 760.000000
904.333333 761.000000
