857.000000 367.333333
857.000000 365.666667
811.000000 364.000000
765.000000 362.000000
719.000000 360.000000
719.333333 357.666667
719.666667 355.333333
720.000000 352.666667
720.333333 350.000000
720.666667 347.000000
721.000000 343.000000
720.666667 339.000000
720.333333 334.666667
719.666667 330.666667
719.333333 326.333333
718.666667 322.000000
718.333333 318.000000
717.666667 314.000000
717.000000 310.000000
715.666667 306.000000
714.333333 301.666667
712.666667 297.333333
710.666667 292.666667
708.000000 288.000000
705.000000 283.000000
701.666667 277.666667
697.666667 271.666667
693.333333 265.333333
689.000000 259.333333
684.666667 253.666667
680.333333 248.333333
675.666667 242.666667
671.000000 237.333333
666.000000 231.666667
660.666667 226.333333
655.333333 221.000000
649.333333 216.000000
643.666667 211.333333
637.666667 207.000000
632.000000 203.333333
626.000000 199.666667
620.000000 196.333333
614.000000 193.000000
607.666667 190.333333
601.666667 188.000000
595.666667 186.000000
590.333333 184.333333
585.000000 183.000000
579.666667 182.000000
570.000000 181.000000
558.333333 180.666667
545.000000 181.000000
535.000000 182.000000
527.666667 183.000000
522.666667 184.000000
519.000000 185.333333
514.666667 186.666667
509.666667 188.333333
504.333333 190.000000
499.000000 192.000000
494.000000 194.000000
489.333333 196.000000
485.000000 198.000000
480.666667 200.333333
476.333333 203.000000
472.000000 205.666667
468.000000 208.333333
464.000000 211.000000
460.333333 214.000000
457.000000 216.666667
454.000000 219.333333
451.000000 222.333333
448.000000 226.000000
445.000000 230.333333
442.000000 235.000000
439.333333 240.666667
437.000000 247.333333
435.000000 254.666667
433.000000 262.333333
431.333333 270.000000
430.000000 277.666667
428.666667 284.666667
427.333333 291.000000
426.000000 296.666667
425.333333 302.000000
424.666667 307.000000
424.333333 312.000000
424.000000 317.000000
424.000000 322.000000
424.333333 327.000000
424.666667 332.000000
425.000000 337.333333
425.000000 342.666667
425.000000 348.666667
425.333333 354.333333
425.666667 360.333333
426.000000 365.666667
426.333333 371.000000
426.666667 376.000000
427.333333 380.666667
428.000000 385.000000
429.333333 389.333333
430.666667 393.666667
432.666667 398.333333
434.666667 403.000000
437.000000 407.666667
439.333333 412.000000
441.666667 416.000000
444.333333 420.333333
447.000000 424.666667
450.000000 429.333333
454.333333 436.333333
458.666667 443.666667
463.333333 451.666667
467.000000 458.000000
471.000000 465.000000
475.333333 471.666667
480.000000 478.333333
485.000000 484.666667
490.000000 491.333333
495.333333 498.000000
501.000000 504.666667
507.000000 511.333333
513.000000 518.000000
518.666667 524.666667
524.333333 531.666667
530.000000 538.666667
536.333333 546.000000
542.666667 553.000000
549.000000 560.000000
555.333333 567.000000
561.666667 574.000000
568.333333 581.333333
575.000000 588.666667
582.000000 596.333333
589.000000 603.666667
596.000000 611.000000
603.000000 618.000000
610.000000 624.666667
617.000000 631.333333
624.000000 637.666667
630.666667 644.000000
637.333333 650.000000
643.666667 655.666667
650.000000 661.000000
655.666667 666.333333
661.000000 672.000000
666.000000 678.666667
670.666667 685.333333
675.000000 692.333333
679.000000 698.666667
682.666667 704.666667
686.000000 710.000000
689.000000 714.333333
691.666667 718.000000
693.666667 720.666667
695.333333 723.000000
696.666667 724.666667
697.666667 726.000000
698.666667 727.000000
