728.333333 418.000000
728.000000 416.000000
728.000000 413.333333
728.333333 410.666667
728.666667 407.333333
729.333333 404.333333
730.000000 400.666667
730.666667 397.333333
731.666667 394.000000
732.666667 391.000000
734.000000 387.666667
735.000000 384.000000
736.333333 380.000000
738.000000 376.000000
739.666667 372.000000
741.333333 368.333333
743.000000 364.666667
744.666667 361.333333
746.333333 358.000000
747.666667 355.333333
749.000000 353.000000
749.666667 351.000000
750.333333 349.000000
751.000000 347.000000
752.000000 344.666667
753.000000 342.333333
753.666667 339.666667
754.333333 337.000000
755.000000 334.333333
756.000000 331.333333
757.000000 328.333333
758.000000 324.666667
759.333333 321.000000
761.000000 317.000000
762.666667 313.000000
764.333333 309.333333
765.666667 306.000000
767.666667 302.666667
769.666667 299.000000
772.333333 295.000000
775.333333 291.000000
779.000000 286.666667
783.333333 281.666667
788.000000 276.333333
793.000000 271.000000
797.666667 265.666667
802.333333 260.666667
806.666667 255.666667
811.333333 251.000000
816.000000 246.000000
821.333333 241.000000
827.333333 236.000000
833.666667 231.333333
840.000000 226.666667
845.666667 222.000000
851.333333 217.333333
856.666667 213.000000
862.666667 209.000000
868.666667 205.333333
875.666667 201.666667
882.333333 198.666667
889.333333 195.666667
895.666667 193.000000
902.333333 190.000000
909.333333 186.666667
917.000000 183.666667
924.666667 180.333333
932.333333 177.666667
939.666667 174.666667
946.666667 172.000000
953.000000 169.333333
959.666667 166.666667
966.666667 164.333333
974.000000 162.333333
981.000000 160.666667
987.666667 159.333333
994.000000 158.000000
1000.000000 157.000000
1006.000000 155.666667
1014.666667 154.333333
1027.666667 153.000000
1045.333333 152.666667
1062.666667 153.000000
1077.333333 154.000000
1087.000000 155.000000
1093.666667 156.333333
1098.333333 158.000000
1103.333333 160.000000
1108.666667 162.333333
1114.000000 165.000000
1119.333333 168.333333
1125.000000 172.000000
1130.333333 176.000000
1135.000000 180.000000
1139.333333 184.333333
1143.333333 189.333333
1147.333333 194.666667
1150.666667 200.333333
1154.000000 206.000000
1156.666667 212.000000
1159.333333 218.000000
1161.666667 223.666667
1164.000000 228.666667
1166.333333 233.000000
1168.666667 237.000000
1171.000000 240.666667
1173.000000 244.333333
1175.333333 248.000000
1177.666667 252.000000
1180.000000 256.000000
1182.000000 260.333333
1183.666667 265.000000
1185.333333 270.000000
1186.666667 274.666667
1188.000000 279.000000
1189.000000 283.000000
1189.666667 287.000000
1190.333333 291.000000
1190.666667 294.666667
1191.000000 298.333333
1191.000000 302.000000
1191.000000 305.666667
1191.000000 309.333333
1191.000000 313.000000
1191.000000 317.000000
1191.000000 321.000000
1191.000000 325.000000
1190.666667 328.666667
1190.333333 332.333333
1189.666667 336.000000
1189.000000 340.000000
1188.000000 344.333333
1186.666667 348.666667
1185.000000 353.666667
1183.000000 358.666667
1180.666667 364.333333
1178.000000 369.333333
1175.333333 374.333333
1172.666667 378.666667
1170.000000 383.000000
1167.333333 387.000000
1164.666667 391.000000
1162.000000 395.333333
1159.333333 400.000000
1156.666667 405.000000
1154.333333 410.333333
1151.666667 415.666667
1149.333333 421.333333
1146.666667 426.333333
1144.000000 431.333333
1140.666667 436.333333
1136.666667 441.666667
1132.000000 447.000000
1127.000000 452.333333
1122.333333 457.666667
1118.000000 463.000000
1114.000000 468.000000
1110.333333 472.666667
1106.666667 477.333333
1103.000000 481.333333
1098.333333 486.000000
1092.666667 490.666667
1086.666667 495.666667
1080.666667 500.333333
1075.333333 505.000000
1070.000000 510.000000
1065.333333 515.000000
1061.000000 520.000000
1057.000000 524.666667
1052.666667 529.333333
1047.666667 534.000000
1041.666667 539.000000
1035.666667 544.000000
1030.000000 548.666667
1025.000000 553.000000
1020.333333 557.000000
1016.333333 561.333333
1012.666667 565.666667
1009.333333 570.000000
1005.666667 573.666667
1002.000000 577.333333
997.666667 581.000000
992.666667 585.333333
987.333333 589.666667
982.000000 594.000000
977.000000 598.333333
972.333333 603.000000
968.000000 607.666667
964.000000 612.333333
960.000000 616.666667
955.666667 621.000000
950.666667 625.000000
945.000000 629.000000
939.000000 633.000000
933.333333 637.000000
928.000000 641.000000
923.333333 645.000000
919.000000 649.333333
915.000000 654.000000
911.000000 659.000000
907.000000 663.666667
902.666667 668.000000
897.333333 672.000000
891.666667 676.000000
886.000000 679.666667
881.333333 683.000000
876.666667 686.333333
872.666667 690.000000
868.666667 694.333333
865.000000 698.666667
861.000000 703.333333
857.000000 707.666667
852.333333 712.333333
847.333333 716.333333
842.000000 720.333333
837.000000 723.666667
832.333333 727.000000
828.000000 729.666667
824.333333 732.333333
821.333333 734.666667
819.000000 737.000000
817.000000 739.000000
815.333333 740.666667
814.000000 742.000000
813.333333 743.000000
812.666667 744.000000
812.333333 745.000000
811.666667 746.333333
811.333333 747.666667
811.000000 749.000000
811.000000 749.000000
