1111.000000 367.666667
1110.000000 366.333333
1109.333333 364.333333
1108.666667 362.333333
1108.333333 359.666667
1108.000000 357.333333
1107.666667 354.666667
1107.666667 352.000000
1107.666667 348.666667
1108.333333 345.000000
1109.000000 341.000000
1110.000000 336.666667
1111.000000 332.333333
1112.000000 327.666667
1113.333333 323.000000
1115.333333 318.333333
1117.666667 314.000000
1120.333333 310.000000
1122.666667 306.000000
1125.333333 302.000000
1128.333333 298.000000
1131.666667 294.333333
1135.333333 290.333333
1138.666667 286.000000
1142.333333 280.666667
1145.666667 275.000000
1149.333333 269.333333
1152.666667 264.000000
1156.000000 259.333333
1159.000000 255.333333
1162.000000 251.666667
1165.333333 248.333333
1169.000000 244.666667
1173.000000 241.333333
1177.333333 238.000000
1181.333333 235.000000
1185.333333 232.333333
1189.000000 229.333333
1192.666667 226.333333
1196.333333 223.000000
1200.000000 220.000000
1204.000000 217.000000
1208.000000 214.000000
1212.333333 211.000000
1217.000000 208.333333
1222.000000 206.000000
1227.000000 204.000000
1231.666667 202.000000
1236.000000 200.333333
1240.000000 198.666667
1244.000000 197.333333
1248.333333 195.666667
1253.000000 194.333333
1258.000000 193.000000
1265.000000 192.000000
1273.666667 191.000000
1287.333333 190.666667
1303.000000 191.000000
1318.666667 192.000000
1331.000000 193.000000
1339.333333 194.000000
1346.333333 195.000000
1352.000000 196.000000
1357.666667 197.000000
1363.333333 198.333333
1369.000000 199.666667
1374.666667 201.333333
1380.000000 203.000000
1385.000000 205.333333
1390.333333 208.000000
1396.000000 211.000000
1401.666667 214.333333
1407.000000 217.666667
1411.666667 221.333333
1416.333333 224.666667
1420.666667 228.333333
1424.666667 231.666667
1428.000000 235.000000
1431.000000 238.333333
1433.666667 242.000000
1436.333333 245.666667
1438.666667 249.333333
1441.000000 253.333333
1442.666667 258.000000
1444.333333 263.333333
1445.666667 269.000000
1447.000000 274.666667
1448.000000 280.333333
1449.000000 285.666667
1450.000000 291.333333
1450.666667 296.666667
1451.000000 302.000000
1451.000000 307.000000
1451.000000 312.000000
1451.000000 317.000000
1450.666667 322.000000
1449.666667 327.000000
1448.333333 332.000000
1447.000000 337.666667
1445.666667 344.000000
1444.000000 351.000000
1442.333333 358.333333
1440.666667 365.333333
1439.333333 372.333333
1437.000000 381.000000
1434.666667 390.000000
1432.000000 398.666667
1430.000000 405.333333
1428.000000 411.666667
1426.000000 418.000000
1423.666667 423.666667
1421.333333 429.000000
1418.666667 434.000000
1416.333333 439.000000
1413.666667 444.333333
1411.333333 449.666667
1408.666667 455.333333
1406.000000 460.666667
1403.333333 466.000000
1401.000000 471.000000
1398.666667 475.666667
1396.333333 480.333333
1393.666667 485.000000
1391.333333 490.000000
1389.000000 495.333333
1387.000000 501.000000
1384.666667 507.000000
1382.000000 513.000000
1379.000000 519.000000
1375.666667 525.000000
1371.666667 531.333333
1367.333333 537.666667
1362.666667 544.666667
1358.000000 552.000000
1352.666667 559.666667
1347.000000 567.000000
1340.666667 574.000000
1333.666667 581.333333
1326.000000 589.000000
1318.333333 596.666667
1311.000000 604.333333
1304.333333 611.333333
1297.666667 618.333333
1290.666667 624.666667
1283.333333 631.333333
1275.666667 638.000000
1268.333333 645.000000
1261.000000 651.666667
1253.666667 658.333333
1246.000000 664.666667
1237.666667 670.666667
1229.333333 676.333333
1221.000000 681.666667
1213.333333 687.333333
1206.000000 692.666667
1198.666667 698.333333
1191.000000 703.666667
1183.333333 709.000000
1176.000000 713.666667
1169.666667 718.000000
1164.333333 721.666667
1160.000000 724.666667
1156.666667 727.000000
1154.000000 728.666667
1152.333333 730.000000
1151.333333 731.000000
1150.666667 732.000000
1150.000000 733.000000
1149.333333 733.333333
