784.000000 475.000000
781.000000 473.666667
779.000000 472.000000
778.333333 469.666667
778.000000 467.000000
777.666667 463.666667
777.333333 460.000000
777.000000 456.000000
776.666667 452.000000
776.333333 448.333333
776.000000 444.666667
775.666667 441.333333
775.333333 437.666667
775.000000 434.333333
775.000000 431.000000
774.666667 427.666667
774.333333 424.000000
774.000000 420.000000
774.000000 415.666667
773.666667 411.333333
773.000000 406.333333
772.000000 401.000000
770.666667 395.000000
768.666667 388.333333
766.333333 381.666667
763.666667 374.333333
761.000000 367.666667
758.000000 361.000000
754.333333 355.333333
750.000000 349.666667
745.000000 344.666667
740.000000 339.333333
735.333333 334.333333
731.000000 329.000000
727.000000 324.000000
723.000000 319.000000
718.666667 314.000000
714.000000 309.000000
708.666667 304.000000
703.333333 299.333333
698.000000 295.000000
693.333333 291.000000
688.666667 287.000000
684.333333 283.000000
680.000000 278.666667
676.000000 274.000000
672.000000 269.000000
667.666667 264.000000
662.666667 258.666667
657.000000 253.666667
650.666667 248.666667
644.666667 244.333333
638.666667 239.666667
633.666667 235.333333
628.333333 230.666667
623.000000 226.333333
617.000000 222.000000
610.333333 218.000000
603.666667 214.333333
597.000000 211.333333
591.333333 209.000000
586.000000 207.000000
581.000000 205.000000
575.666667 203.333333
569.666667 202.000000
563.000000 201.000000
549.000000 200.666667
536.000000 201.000000
523.333333 202.000000
518.000000 203.000000
512.000000 204.333333
506.000000 206.000000
500.333333 208.000000
495.000000 210.333333
490.333333 212.666667
485.666667 215.666667
481.333333 218.666667
477.000000 222.000000
473.333333 225.333333
469.000000 229.000000
464.000000 232.666667
459.000000 236.000000
454.666667 239.333333
451.000000 242.666667
447.333333 246.666667
444.000000 251.000000
441.333333 256.000000
439.000000 261.333333
437.000000 266.666667
435.333333 272.333333
434.000000 277.666667
433.000000 283.333333
432.000000 289.000000
431.333333 295.000000
431.000000 301.000000
431.000000 307.666667
431.000000 314.666667
431.333333 322.000000
432.000000 329.333333
432.666667 337.000000
433.333333 345.333333
434.000000 353.666667
435.000000 362.000000
436.000000 369.666667
437.333333 377.000000
438.666667 384.000000
440.333333 391.000000
441.666667 397.666667
443.666667 404.333333
446.000000 410.666667
448.666667 417.000000
451.666667 423.000000
454.666667 429.000000
458.000000 435.000000
461.000000 441.000000
464.333333 447.333333
467.666667 453.666667
470.666667 460.333333
473.333333 466.666667
476.000000 473.000000
479.000000 479.000000
482.000000 485.333333
485.333333 492.000000
489.000000 499.000000
493.666667 506.000000
498.333333 513.000000
503.333333 519.333333
508.000000 525.666667
513.000000 532.333333
517.666667 539.666667
522.000000 547.000000
526.333333 554.000000
531.000000 560.666667
536.333333 567.666667
542.333333 574.666667
548.666667 582.333333
555.333333 590.333333
561.666667 599.000000
568.000000 608.000000
574.666667 617.000000
582.000000 626.000000
590.000000 635.333333
597.666667 644.666667
605.000000 653.666667
612.000000 661.666667
619.000000 669.333333
626.666667 677.000000
635.000000 685.000000
643.666667 693.000000
652.000000 701.000000
659.666667 709.000000
667.000000 716.666667
674.666667 724.333333
683.000000 732.000000
691.333333 739.666667
699.000000 747.000000
706.000000 753.666667
713.000000 760.333333
721.333333 767.000000
730.333333 773.666667
739.666667 780.000000
748.333333 786.333333
756.333333 793.000000
764.666667 799.333333
773.000000 805.333333
781.333333 810.333333
789.000000 815.000000
795.333333 818.666667
800.666667 821.666667
805.000000 824.000000
808.333333 825.666667
810.666667 827.000000
812.000000 828.000000
813.000000 828.333333
814.000000 827.000000
814.666667 824.666667
814.666667 821.666667
