663.666667 339.333333
664.000000 337.000000
664.000000 334.333333
664.000000 331.000000
664.000000 326.666667
663.666667 322.000000
663.333333 316.666667
662.666667 311.000000
662.000000 304.666667
661.000000 297.666667
660.000000 289.333333
658.666667 280.000000
657.333333 270.000000
655.666667 260.333333
654.000000 250.666667
652.000000 241.000000
650.000000 231.333333
647.666667 222.333333
645.333333 214.333333
643.000000 207.000000
641.000000 200.666667
639.333333 194.666667
637.666667 189.666667
636.000000 185.000000
634.333333 181.000000
632.666667 177.333333
631.333333 174.333333
630.000000 171.666667
628.666667 169.000000
627.333333 166.333333
626.000000 164.000000
624.666667 161.666667
623.000000 159.000000
621.000000 156.000000
618.666667 153.000000
616.000000 150.000000
612.666667 146.666667
609.000000 143.000000
605.000000 139.333333
601.000000 136.000000
597.000000 133.000000
593.333333 130.000000
589.666667 127.000000
586.333333 124.333333
583.000000 122.000000
580.000000 120.000000
577.000000 117.666667
573.666667 115.333333
570.000000 113.000000
565.666667 110.666667
561.000000 108.333333
556.000000 105.666667
550.666667 103.333333
545.666667 101.000000
540.666667 99.000000
536.000000 97.000000
531.000000 95.000000
526.333333 93.000000
521.666667 91.333333
517.000000 90.000000
512.000000 88.666667
507.333333 87.333333
503.000000 86.000000
497.666667 85.000000
491.333333 84.666667
483.000000 85.000000
476.000000 86.000000
469.666667 87.333333
465.333333 88.666667
461.000000 90.000000
456.666667 91.333333
452.333333 92.666667
448.000000 94.000000
444.000000 95.000000
440.333333 96.000000
436.666667 97.333333
433.000000 98.666667
429.000000 100.333333
425.000000 102.000000
420.666667 104.333333
416.333333 106.666667
412.000000 109.000000
407.666667 111.333333
403.333333 113.666667
399.000000 116.333333
395.333333 118.666667
392.000000 121.333333
389.000000 123.666667
385.666667 126.333333
382.666667 129.000000
379.333333 132.000000
376.333333 135.333333
372.666667 139.000000
369.000000 143.333333
365.333333 148.333333
361.666667 154.000000
358.000000 160.000000
354.333333 166.333333
351.000000 173.000000
348.000000 179.666667
345.333333 186.000000
343.000000 192.333333
340.666667 199.000000
338.333333 206.000000
336.333333 212.666667
335.000000 219.333333
334.000000 225.666667
333.000000 232.000000
332.333333 238.000000
332.000000 244.000000
332.000000 250.000000
332.000000 256.666667
332.333333 263.666667
333.000000 271.333333
334.333333 279.000000
335.666667 287.333333
337.333333 296.333333
339.333333 306.000000
342.333333 316.333333
346.000000 327.000000
350.333333 337.666667
354.666667 348.333333
359.333333 358.666667
364.000000 368.333333
369.000000 377.333333
373.666667 385.666667
378.333333 394.333333
383.333333 403.000000
388.666667 412.000000
394.333333 421.000000
400.000000 430.333333
406.333333 440.333333
412.666667 450.666667
419.000000 460.666667
425.000000 470.333333
431.000000 479.666667
437.000000 489.333333
443.333333 498.666667
449.666667 507.666667
456.000000 516.000000
461.666667 523.333333
467.000000 530.000000
472.000000 535.666667
476.666667 541.000000
481.333333 546.000000
486.333333 551.000000
492.000000 556.333333
498.000000 562.333333
504.333333 569.000000
510.333333 576.333333
516.333333 584.333333
521.666667 593.000000
527.333333 602.333333
533.000000 612.000000
539.333333 622.333333
545.666667 632.666667
552.333333 643.333333
558.666667 653.333333
564.666667 663.000000
570.666667 672.000000
576.666667 681.000000
583.333333 690.000000
590.000000 699.333333
597.333333 708.666667
604.666667 718.666667
611.666667 729.000000
618.333333 739.666667
624.666667 749.666667
631.000000 758.666667
637.000000 766.666667
643.000000 774.333333
648.666667 781.333333
654.000000 787.666667
658.666667 793.000000
662.333333 797.333333
665.000000 800.666667
667.000000 803.000000
668.666667 804.666667
670.000000 806.000000
670.666667 807.000000
671.333333 808.000000
672.000000 809.000000
672.666667 810.000000
673.000000 810.333333
