682.333333 346.333333
681.666667 343.666667
681.333333 341.000000
681.000000 337.666667
681.000000 334.000000
681.333333 330.000000
681.666667 325.666667
682.000000 321.333333
682.000000 316.666667
682.000000 312.000000
682.000000 307.333333
682.000000 302.666667
682.000000 298.333333
682.000000 293.666667
681.666667 289.000000
681.333333 284.000000
680.666667 278.333333
679.666667 272.333333
678.000000 265.666667
676.000000 259.333333
674.000000 252.666667
671.333333 246.333333
668.333333 239.333333
664.333333 232.666667
660.000000 226.000000
655.000000 219.666667
649.666667 213.666667
644.333333 208.000000
638.666667 203.000000
633.000000 198.000000
627.000000 193.000000
620.666667 188.333333
614.000000 183.666667
607.000000 179.000000
600.333333 174.333333
594.000000 170.000000
588.000000 166.333333
581.666667 163.000000
575.333333 159.666667
568.666667 156.666667
562.000000 154.000000
555.333333 152.000000
546.666667 150.333333
531.333333 149.666667
516.000000 150.000000
502.666667 151.000000
496.333333 152.000000
490.000000 153.333333
484.333333 154.666667
478.666667 156.333333
473.000000 158.000000
467.333333 159.666667
462.000000 161.333333
457.000000 163.000000
452.333333 165.000000
448.000000 167.000000
444.333333 169.000000
441.000000 171.000000
438.000000 173.333333
435.000000 176.000000
432.333333 178.666667
429.666667 181.333333
427.000000 184.000000
423.666667 186.666667
420.333333 189.333333
417.000000 192.333333
413.666667 196.000000
410.333333 200.000000
407.000000 204.333333
404.000000 209.000000
401.000000 214.000000
398.000000 219.333333
395.333333 225.000000
393.000000 231.000000
391.000000 236.666667
389.000000 242.333333
387.333333 247.666667
385.666667 253.000000
384.333333 258.333333
383.000000 264.000000
382.000000 269.666667
381.000000 275.333333
380.000000 281.000000
379.000000 286.666667
378.000000 292.333333
377.000000 298.000000
375.666667 304.000000
374.333333 310.000000
373.000000 316.000000
372.000000 321.666667
371.333333 327.000000
371.000000 332.333333
371.000000 337.666667
371.333333 343.333333
372.333333 349.000000
373.666667 354.666667
375.333333 360.333333
377.000000 366.000000
379.000000 371.666667
381.333333 377.000000
383.666667 382.333333
386.333333 387.666667
388.666667 393.333333
391.333333 399.000000
394.333333 405.000000
397.666667 411.333333
401.333333 417.666667
405.333333 424.333333
409.333333 431.000000
413.333333 437.666667
417.000000 444.333333
420.666667 450.666667
424.333333 457.000000
427.666667 462.666667
431.333333 468.666667
435.000000 474.333333
439.333333 480.666667
444.333333 487.000000
450.333333 494.333333
457.000000 502.000000
464.000000 510.000000
471.000000 518.333333
478.666667 527.000000
487.333333 536.000000
496.666667 545.000000
506.000000 554.666667
515.333333 564.666667
525.333333 575.666667
536.333333 586.666667
547.333333 598.000000
558.333333 609.000000
569.333333 620.000000
580.666667 631.000000
592.000000 642.000000
602.666667 653.000000
613.000000 664.000000
623.333333 674.666667
633.666667 685.333333
643.666667 695.666667
653.000000 706.333333
661.333333 716.666667
669.333333 727.000000
676.333333 737.000000
683.000000 746.333333
689.000000 755.000000
695.000000 762.666667
700.333333 770.000000
705.333333 776.666667
709.666667 783.333333
713.666667 789.333333
716.666667 794.666667
719.000000 799.000000
721.000000 803.333333
722.333333 807.666667
723.000000 812.000000
723.000000 816.000000
722.666667 820.000000
722.333333 823.666667
721.666667 826.666667
721.333333 829.000000
720.666667 830.666667
