870.000000 384.000000
869.333333 382.666667
869.000000 381.333333
869.000000 380.000000
869.000000 378.333333
869.000000 376.333333
869.000000 374.000000
869.000000 371.666667
869.000000 369.000000
869.333333 366.333333
869.666667 363.666667
870.333333 360.666667
871.000000 357.333333
871.666667 354.000000
872.333333 351.333333
873.000000 348.666667
874.333333 345.666667
875.666667 342.333333
877.333333 339.000000
879.000000 335.666667
881.333333 332.000000
884.000000 328.000000
887.000000 324.000000
890.000000 319.666667
893.000000 315.000000
895.666667 310.333333
898.333333 306.000000
900.666667 302.000000
903.333333 298.333333
905.666667 294.666667
908.000000 291.333333
910.000000 287.666667
912.000000 284.000000
914.333333 280.000000
916.666667 276.333333
919.333333 272.666667
921.666667 269.333333
924.333333 265.666667
927.000000 262.333333
930.000000 259.000000
933.333333 256.000000
936.666667 253.000000
940.000000 250.000000
943.333333 247.333333
946.666667 244.666667
950.000000 242.000000
953.000000 239.000000
956.000000 235.666667
959.333333 232.000000
962.666667 228.333333
966.333333 224.333333
970.333333 220.333333
975.000000 216.000000
980.000000 212.000000
985.000000 208.333333
989.666667 204.666667
994.000000 201.333333
998.000000 198.000000
1002.000000 195.000000
1006.000000 192.000000
1010.333333 189.000000
1014.666667 186.000000
1019.333333 183.000000
1024.000000 180.333333
1029.000000 177.666667
1034.000000 175.333333
1038.666667 173.000000
1043.000000 171.000000
1047.000000 169.000000
1051.000000 167.000000
1055.666667 165.000000
1060.666667 163.333333
1066.000000 161.666667
1071.333333 160.333333
1076.666667 159.000000
1082.333333 158.000000
1087.666667 157.000000
1093.000000 156.000000
1098.000000 155.000000
1103.000000 154.000000
1110.666667 153.000000
1119.000000 152.000000
1131.000000 151.000000
1143.333333 150.666667
1156.333333 151.000000
1165.333333 152.000000
1171.000000 153.000000
1176.000000 154.333333
1180.666667 155.666667
1185.000000 157.333333
1188.000000 159.000000
1190.666667 161.000000
1193.333333 163.333333
1195.666667 166.000000
1198.000000 169.333333
1200.000000 173.000000
1202.000000 177.000000
1203.666667 180.666667
1205.333333 184.333333
1207.000000 188.000000
1209.000000 192.000000
1210.666667 196.000000
1212.333333 199.666667
1213.666667 203.666667
1215.333333 207.666667
1216.666667 212.000000
1218.000000 216.000000
1219.000000 220.000000
1219.666667 224.000000
1220.333333 227.666667
1221.000000 231.333333
1221.666667 234.666667
1222.000000 238.000000
1222.000000 241.666667
1222.000000 246.000000
1222.000000 251.000000
1221.666667 256.333333
1221.000000 262.000000
1220.000000 268.000000
1218.666667 273.666667
1217.333333 279.333333
1215.666667 284.666667
1213.666667 290.333333
1211.333333 296.000000
1208.666667 302.000000
1206.333333 307.666667
1204.000000 313.333333
1201.666667 318.666667
1199.000000 324.333333
1196.000000 329.666667
1192.666667 335.333333
1189.000000 341.000000
1184.666667 347.000000
1180.000000 353.333333
1175.333333 359.666667
1170.666667 366.000000
1166.333333 372.000000
1161.666667 378.000000
1157.333333 384.000000
1152.666667 390.333333
1148.000000 397.000000
1143.000000 404.000000
1137.666667 410.666667
1132.333333 417.333333
1126.666667 423.666667
1121.000000 430.666667
1115.333333 437.666667
1110.000000 445.333333
1105.000000 452.666667
1099.666667 460.000000
1094.000000 467.000000
1088.000000 473.666667
1081.666667 480.333333
1075.333333 487.333333
1069.333333 494.666667
1064.000000 502.000000
1059.000000 508.666667
1054.000000 515.000000
1049.000000 521.000000
1044.000000 527.333333
1038.666667 534.000000
1033.000000 541.333333
1027.333333 548.666667
1022.000000 556.000000
1017.333333 563.000000
1012.666667 570.000000
1008.000000 577.000000
1003.333333 583.666667
998.666667 590.333333
994.333333 596.666667
989.666667 603.000000
985.333333 609.000000
981.000000 614.666667
976.666667 620.000000
972.333333 625.000000
968.333333 630.333333
964.666667 636.333333
961.000000 643.000000
957.000000 649.666667
953.000000 656.333333
949.000000 662.666667
945.333333 669.000000
941.666667 675.000000
938.000000 680.666667
933.666667 686.666667
929.666667 692.666667
925.666667 699.333333
922.333333 705.333333
919.000000 711.000000
916.000000 716.333333
912.000000 723.666667
907.666667 731.000000
903.333333 738.333333
900.000000 743.666667
897.000000 749.000000
894.333333 753.666667
891.666667 757.666667
889.333333 761.000000
887.000000 764.000000
884.666667 767.000000
882.333333 769.666667
880.000000 772.333333
878.000000 774.666667
876.333333 776.666667
875.000000 778.333333
874.000000 779.666667
873.000000 781.333333
872.000000 783.000000
871.333333 784.666667
870.666667 786.000000
870.333333 787.000000
870.000000 788.000000
870.000000 789.000000
870.000000 790.000000
