937.333333 480.666667
937.000000 478.666667
937.000000 476.000000
937.000000 472.666667
937.000000 469.000000
937.000000 465.000000
937.000000 461.000000
937.000000 457.000000
937.000000 453.000000
936.666667 449.000000
936.666667 445.333333
936.666667 441.666667
937.333333 438.000000
937.666667 433.666667
938.666667 429.000000
940.000000 424.000000
942.333333 418.666667
944.666667 413.333333
947.333333 408.000000
949.666667 403.000000
952.000000 397.666667
954.000000 392.333333
956.000000 386.666667
958.000000 380.666667
960.000000 374.333333
962.000000 368.000000
964.333333 362.333333
967.333333 357.000000
971.000000 352.000000
975.000000 347.333333
979.666667 342.333333
984.666667 337.333333
990.000000 332.000000
995.000000 326.666667
999.666667 321.000000
1004.000000 315.333333
1008.000000 310.000000
1012.333333 305.000000
1017.000000 300.333333
1022.000000 295.666667
1027.333333 291.000000
1032.666667 286.333333
1038.000000 281.666667
1042.666667 277.333333
1047.333333 272.666667
1051.333333 268.333333
1056.000000 263.666667
1061.000000 259.333333
1067.333333 255.000000
1074.000000 251.000000
1081.000000 247.333333
1087.333333 244.000000
1093.333333 241.000000
1099.333333 238.000000
1105.666667 235.000000
1112.333333 232.333333
1119.000000 229.666667
1126.000000 227.333333
1132.666667 225.000000
1138.666667 223.000000
1144.333333 221.333333
1150.333333 219.666667
1157.000000 218.000000
1164.333333 216.333333
1174.000000 215.000000
1198.000000 214.666667
1224.333333 215.333333
1248.666667 216.666667
1259.000000 218.333333
1267.000000 220.000000
1274.666667 222.000000
1281.666667 224.000000
1288.333333 226.333333
1295.000000 228.666667
1302.333333 231.333333
1310.000000 234.000000
1317.666667 236.666667
1324.666667 239.000000
1330.333333 241.333333
1335.333333 244.000000
1339.666667 247.333333
1344.000000 251.333333
1348.000000 256.333333
1352.333333 262.000000
1356.666667 268.000000
1361.333333 274.000000
1365.666667 280.333333
1370.333333 287.333333
1374.666667 295.000000
1378.666667 303.000000
1381.666667 311.000000
1384.000000 318.666667
1386.000000 325.666667
1387.666667 332.666667
1389.000000 339.666667
1389.666667 346.666667
1390.333333 353.666667
1390.666667 360.333333
1391.000000 367.000000
1391.000000 372.666667
1390.666667 378.333333
1390.333333 383.666667
1390.000000 389.666667
1390.000000 396.000000
1389.666667 402.666667
1389.333333 409.666667
1388.666667 416.333333
1388.333333 423.333333
1387.666667 430.333333
1386.666667 438.000000
1385.333333 446.000000
1383.666667 454.000000
1381.666667 461.666667
1378.333333 469.000000
1374.000000 476.000000
1369.000000 483.333333
1364.333333 491.000000
1359.666667 499.333333
1355.333333 507.666667
1350.666667 515.666667
1346.000000 523.666667
1340.666667 531.666667
1334.666667 540.666667
1327.666667 549.666667
1320.333333 558.666667
1313.333333 567.000000
1306.666667 575.333333
1300.333333 584.333333
1293.000000 593.666667
1285.000000 602.666667
1276.333333 611.000000
1268.333333 618.666667
1260.666667 626.333333
1253.000000 634.000000
1244.333333 642.333333
1235.333333 650.333333
1226.000000 658.000000
1217.666667 665.000000
1209.666667 672.333333
1201.666667 680.000000
1192.666667 688.000000
1183.666667 696.000000
1174.666667 704.000000
1166.666667 711.333333
1158.000000 718.666667
1148.666667 726.000000
1138.333333 733.666667
1128.333333 741.333333
1118.666667 749.000000
1108.666667 757.000000
1098.000000 764.333333
1087.333333 771.333333
1077.666667 777.666667
1069.000000 784.333333
1060.333333 791.000000
1050.666667 798.000000
1040.666667 805.000000
1031.333333 811.333333
1023.000000 817.333333
1015.000000 823.000000
1006.000000 829.000000
996.333333 835.000000
986.666667 840.666667
978.666667 845.666667
972.333333 850.000000
967.333333 853.333333
963.666667 856.000000
961.000000 857.666667
959.333333 859.000000
958.333333 859.000000
958.333333 858.000000
