737.666667 360.000000
732.333333 357.666667
727.000000 355.000000
727.000000 352.000000
727.000000 349.000000
727.000000 345.666667
726.666667 342.000000
726.000000 338.000000
725.000000 333.666667
723.666667 329.000000
722.000000 323.666667
719.666667 317.666667
716.666667 311.000000
712.666667 303.666667
707.333333 295.666667
701.000000 287.333333
694.000000 278.666667
686.666667 270.000000
679.000000 261.000000
670.666667 252.000000
662.000000 243.000000
653.000000 234.333333
644.000000 226.333333
635.333333 218.666667
626.666667 211.333333
617.666667 203.666667
608.000000 196.333333
598.333333 189.000000
588.666667 182.000000
578.666667 175.000000
568.000000 168.666667
557.333333 163.333333
547.333333 159.000000
537.666667 155.333333
528.333333 152.333333
516.000000 150.333333
504.333333 149.666667
493.000000 150.333333
485.333333 152.000000
477.666667 154.333333
470.666667 157.333333
464.333333 161.000000
458.666667 165.000000
453.333333 169.333333
448.000000 174.333333
443.333333 180.000000
439.000000 186.000000
435.333333 192.666667
431.666667 200.000000
428.333333 207.666667
425.000000 215.666667
422.333333 223.666667
419.666667 232.666667
417.666667 241.666667
416.000000 251.000000
415.000000 260.000000
414.000000 268.666667
413.333333 277.333333
413.333333 285.666667
413.666667 294.333333
414.333333 302.666667
415.333333 311.333333
417.000000 320.000000
419.000000 329.000000
421.333333 338.000000
424.000000 347.000000
427.333333 356.333333
431.000000 365.666667
435.666667 375.000000
441.333333 384.333333
448.000000 393.666667
455.333333 403.333333
463.333333 413.333333
472.000000 424.333333
481.666667 435.666667
492.000000 447.333333
503.333333 459.000000
515.666667 471.333333
528.666667 484.333333
542.333333 497.666667
556.666667 511.333333
571.666667 525.000000
586.666667 539.000000
601.666667 553.000000
616.666667 567.000000
631.666667 580.666667
646.000000 594.666667
660.000000 608.666667
673.666667 623.000000
686.666667 637.000000
698.666667 650.666667
710.000000 664.000000
720.333333 677.000000
729.333333 689.333333
736.000000 700.000000
741.000000 708.333333
745.000000 715.333333
749.000000 721.333333
752.666667 726.666667
756.000000 731.000000
758.333333 734.333333
760.000000 737.000000
761.000000 738.666667
768.333333 741.333333
