862.000000 416.666667
862.000000 413.000000
862.000000 408.666667
862.000000 404.333333
862.000000 399.666667
862.000000 394.666667
862.000000 389.000000
862.000000 382.333333
862.333333 375.333333
863.000000 367.666667
863.666667 360.333333
864.666667 352.666667
865.666667 344.666667
867.333333 336.333333
869.333333 327.666667
872.333333 319.333333
876.333333 310.666667
881.333333 301.666667
886.666667 292.333333
892.333333 283.000000
897.666667 274.000000
903.000000 265.333333
908.333333 257.000000
914.333333 249.000000
921.000000 241.333333
928.333333 233.666667
936.000000 226.333333
943.333333 219.333333
950.666667 213.000000
958.333333 207.333333
967.333333 202.000000
976.333333 197.333333
985.000000 193.333333
992.666667 189.666667
1000.666667 186.333333
1009.333333 182.666667
1019.000000 179.333333
1028.333333 175.666667
1037.000000 172.333333
1044.666667 169.333333
1053.000000 167.000000
1061.666667 165.000000
1071.000000 163.000000
1079.666667 161.333333
1090.000000 160.000000
1103.333333 159.666667
1119.333333 160.333333
1133.333333 161.666667
1143.333333 163.333333
1150.666667 165.000000
1158.000000 167.333333
1165.666667 170.000000
1173.000000 173.000000
1179.333333 176.000000
1185.000000 179.000000
1189.666667 182.000000
1194.000000 185.000000
1197.666667 188.000000
1201.000000 191.333333
1204.333333 195.000000
1208.000000 199.000000
1212.333333 203.666667
1216.666667 209.000000
1221.333333 215.000000
1225.333333 221.000000
1229.333333 227.333333
1232.666667 233.666667
1236.000000 240.333333
1239.000000 247.333333
1241.333333 254.666667
1243.333333 262.000000
1244.666667 269.000000
1246.000000 275.666667
1246.666667 282.000000
1247.333333 288.000000
1247.666667 294.333333
1248.333333 300.666667
1248.666667 307.333333
1249.000000 313.666667
1249.000000 320.333333
1248.666667 326.666667
1248.333333 333.333333
1247.666667 340.666667
1247.000000 349.000000
1246.000000 357.666667
1245.000000 366.000000
1244.000000 373.666667
1242.666667 381.333333
1241.000000 389.000000
1239.000000 397.000000
1236.666667 405.000000
1234.000000 412.666667
1230.666667 419.666667
1227.000000 426.000000
1222.333333 432.666667
1217.666667 439.333333
1212.666667 446.666667
1208.333333 454.000000
1203.666667 461.666667
1199.333333 468.666667
1194.333333 475.333333
1188.666667 482.000000
1182.000000 489.333333
1175.333333 496.666667
1169.333333 504.000000
1164.000000 510.666667
1159.000000 517.333333
1154.000000 523.333333
1148.666667 529.333333
1142.333333 535.333333
1135.333333 541.666667
1128.333333 548.000000
1122.000000 554.000000
1116.000000 560.000000
1110.000000 566.000000
1103.666667 572.000000
1096.666667 578.000000
1089.666667 583.666667
1082.666667 589.333333
1076.666667 595.000000
1071.000000 601.000000
1066.000000 606.666667
1061.000000 612.333333
1056.333333 617.666667
1051.000000 623.000000
1044.666667 628.000000
1037.666667 633.000000
1031.000000 637.666667
1025.333333 642.333333
1020.000000 646.666667
1015.333333 651.333333
1011.000000 655.666667
1006.666667 660.333333
1001.666667 665.333333
995.666667 670.666667
989.333333 675.666667
983.333333 680.666667
977.666667 685.666667
972.333333 691.666667
967.000000 697.666667
962.000000 704.000000
956.333333 710.333333
949.666667 716.666667
942.000000 723.000000
934.666667 729.333333
927.666667 735.666667
921.333333 742.333333
914.000000 749.000000
906.666667 755.666667
899.000000 761.333333
892.666667 766.000000
887.666667 769.666667
884.000000 772.666667
881.000000 775.000000
878.666667 776.666667
876.666667 778.000000
875.666667 778.333333
