867.666667 350.666667
866.666667 349.333333
866.000000 347.666667
865.666667 345.666667
865.333333 343.666667
865.000000 341.000000
865.333333 338.333333
865.666667 334.666667
866.000000 331.000000
866.000000 326.666667
866.333333 322.000000
867.000000 317.000000
868.000000 312.333333
869.000000 308.000000
870.000000 303.666667
871.333333 299.333333
873.000000 294.333333
875.333333 289.333333
878.000000 283.666667
881.000000 278.000000
883.666667 272.333333
886.333333 266.666667
889.000000 261.666667
892.000000 256.666667
895.000000 252.333333
897.666667 248.333333
900.333333 244.333333
902.666667 240.666667
905.000000 237.000000
907.333333 233.333333
909.666667 229.333333
912.000000 224.666667
914.000000 220.333333
916.000000 216.000000
918.000000 212.333333
920.333333 209.333333
923.000000 206.333333
926.333333 203.333333
930.333333 199.666667
934.333333 196.333333
938.666667 192.666667
942.666667 189.333333
947.000000 185.666667
951.000000 182.000000
955.000000 177.666667
959.333333 173.000000
963.666667 168.333333
968.333333 163.666667
972.666667 159.333333
977.666667 155.333333
982.666667 152.333333
988.000000 150.000000
992.666667 148.000000
997.333333 146.333333
1001.666667 144.666667
1006.000000 143.333333
1010.000000 142.000000
1014.333333 140.666667
1019.333333 139.000000
1024.333333 137.333333
1029.666667 135.666667
1034.666667 134.000000
1039.666667 132.333333
1044.333333 131.000000
1048.666667 130.000000
1053.000000 129.000000
1057.333333 127.666667
1062.333333 126.333333
1067.666667 125.000000
1075.000000 124.000000
1084.000000 123.000000
1095.000000 122.000000
1107.000000 121.666667
1118.666667 122.000000
1130.000000 123.000000
1138.000000 124.000000
1144.000000 125.333333
1148.000000 126.666667
1152.333333 128.333333
1156.666667 129.666667
1161.333333 131.333333
1166.000000 133.000000
1170.666667 134.666667
1175.000000 136.333333
1179.000000 137.666667
1183.000000 139.333333
1186.666667 140.666667
1190.000000 142.333333
1192.666667 144.000000
1195.333333 146.000000
1198.000000 148.333333
1201.000000 151.000000
1204.000000 154.666667
1207.333333 158.666667
1211.000000 163.333333
1214.666667 168.000000
1218.333333 172.666667
1221.666667 177.000000
1225.333333 181.000000
1228.666667 185.000000
1232.000000 189.333333
1234.666667 194.000000
1237.000000 198.666667
1239.000000 203.666667
1241.000000 208.666667
1242.666667 214.333333
1244.000000 220.000000
1244.666667 225.666667
1245.333333 230.666667
1245.666667 235.666667
1246.000000 240.666667
1246.000000 246.333333
1246.000000 252.000000
1246.000000 258.000000
1245.666667 264.000000
1245.333333 270.000000
1244.666667 276.000000
1244.000000 282.000000
1243.000000 288.333333
1241.666667 294.666667
1240.000000 301.333333
1238.000000 308.000000
1236.000000 314.666667
1233.666667 321.000000
1231.333333 326.666667
1228.666667 332.000000
1225.666667 337.333333
1222.333333 342.666667
1218.666667 348.333333
1215.333333 354.000000
1212.000000 360.000000
1209.000000 365.666667
1206.000000 371.000000
1203.333333 376.000000
1200.666667 381.000000
1198.000000 386.000000
1194.666667 391.333333
1190.666667 397.000000
1186.000000 403.000000
1181.000000 409.333333
1176.000000 415.666667
1171.000000 422.000000
1166.000000 428.000000
1161.333333 434.333333
1156.666667 441.000000
1152.000000 448.000000
1147.000000 455.333333
1141.666667 462.333333
1136.333333 469.333333
1130.666667 475.666667
1125.333333 482.000000
1119.666667 488.333333
1114.000000 495.000000
1108.000000 502.333333
1102.000000 509.666667
1095.666667 517.000000
1088.666667 524.000000
1081.333333 531.333333
1074.000000 539.000000
1067.333333 547.000000
1060.666667 555.000000
1054.000000 562.666667
1046.666667 570.333333
1039.000000 577.666667
1031.333333 585.666667
1024.000000 594.000000
1017.000000 603.000000
1010.000000 611.666667
1002.333333 620.333333
994.000000 629.333333
985.000000 639.333333
976.333333 649.666667
967.333333 660.000000
957.666667 670.333333
947.333333 681.000000
937.333333 692.000000
928.333333 702.666667
919.666667 712.666667
911.000000 722.333333
902.000000 731.666667
893.333333 741.333333
885.666667 750.333333
879.333333 758.333333
874.333333 764.333333
870.666667 768.666667
868.000000 772.000000
866.333333 774.333333
865.000000 776.000000
864.333333 777.000000
864.666667 774.333333
