976.333333 469.000000
1008.666667 467.666667
1008.333333 466.000000
1007.666667 463.666667
1007.333333 461.000000
1007.000000 458.000000
1007.000000 455.000000
1007.000000 452.000000
1007.000000 449.000000
1007.000000 445.666667
1007.000000 442.000000
1007.000000 438.000000
1007.000000 433.333333
1007.000000 428.000000
1007.333333 422.000000
1007.666667 415.666667
1008.333333 409.333333
1009.000000 402.666667
1010.333333 395.666667
1012.000000 388.333333
1014.333333 380.333333
1017.000000 372.666667
1020.000000 365.000000
1023.333333 358.333333
1027.000000 351.666667
1031.333333 345.333333
1036.000000 338.333333
1040.666667 331.333333
1045.333333 323.666667
1049.333333 316.666667
1053.666667 310.000000
1058.333333 303.666667
1064.000000 297.000000
1070.666667 289.666667
1077.666667 282.333333
1084.666667 275.000000
1091.000000 268.000000
1097.666667 261.333333
1105.666667 254.666667
1114.666667 248.666667
1124.000000 242.666667
1132.333333 237.333333
1140.333333 231.666667
1148.666667 226.333333
1158.000000 221.000000
1167.666667 216.666667
1176.666667 212.666667
1185.000000 209.333333
1192.666667 206.000000
1201.000000 203.000000
1210.000000 200.666667
1219.333333 198.666667
1228.000000 197.333333
1236.000000 196.000000
1244.333333 194.666667
1253.333333 193.333333
1265.333333 192.000000
1278.666667 191.000000
1291.000000 190.666667
1305.333333 191.000000
1317.333333 192.333333
1329.000000 193.666667
1336.333333 195.666667
1343.333333 197.666667
1350.666667 200.333333
1356.666667 203.000000
1363.000000 205.666667
1368.666667 208.333333
1373.666667 210.666667
1378.000000 213.333333
1382.000000 216.000000
1385.666667 218.666667
1389.000000 221.666667
1392.000000 224.666667
1395.000000 228.333333
1398.000000 231.666667
1401.333333 235.000000
1404.666667 238.333333
1408.666667 242.000000
1412.666667 246.000000
1417.000000 250.666667
1421.333333 256.000000
1425.333333 262.000000
1429.000000 268.000000
1431.666667 274.000000
1434.000000 280.333333
1436.000000 286.666667
1437.666667 293.333333
1439.333333 300.333333
1440.666667 307.666667
1441.666667 315.000000
1442.333333 321.666667
1442.666667 328.666667
1443.333333 335.666667
1443.666667 343.666667
1444.000000 351.666667
1443.666667 360.000000
1443.333333 367.666667
1442.666667 375.000000
1442.333333 382.333333
1441.666667 390.000000
1441.000000 398.000000
1439.666667 406.333333
1438.333333 414.333333
1436.666667 422.333333
1435.000000 429.666667
1433.333333 437.333333
1431.333333 445.000000
1429.000000 453.000000
1426.333333 460.000000
1423.000000 466.333333
1419.333333 471.666667
1415.000000 477.000000
1410.666667 482.000000
1406.000000 487.333333
1401.333333 493.666667
1397.333333 500.666667
1394.000000 508.000000
1391.000000 515.000000
1388.000000 521.666667
1385.000000 528.000000
1382.000000 534.000000
1378.666667 540.333333
1374.666667 546.666667
1370.000000 553.000000
1365.000000 559.000000
1360.333333 564.666667
1355.666667 570.333333
1351.333333 575.666667
1346.333333 581.333333
1341.000000 587.000000
1334.333333 593.333333
1327.666667 599.666667
1320.333333 606.333333
1314.000000 612.666667
1308.000000 618.666667
1302.666667 624.000000
1297.333333 629.333333
1291.333333 635.000000
1284.666667 641.000000
1277.666667 647.000000
1271.000000 652.333333
1265.333333 657.000000
1260.000000 661.333333
1255.000000 665.666667
1250.000000 670.000000
1244.333333 674.000000
1238.000000 678.333333
1231.000000 682.666667
1224.000000 687.000000
1217.666667 691.000000
1212.000000 695.000000
1207.000000 699.333333
1202.333333 703.666667
1197.666667 708.000000
1192.666667 712.333333
1186.666667 716.666667
1180.333333 721.000000
1174.333333 724.666667
1169.000000 728.333333
1164.333333 731.666667
1159.666667 735.333333
1155.000000 739.333333
1150.000000 744.000000
1144.333333 749.333333
1138.000000 754.666667
1131.333333 760.000000
1125.000000 765.000000
1119.333333 769.666667
1114.000000 774.000000
1109.000000 778.000000
1104.000000 782.333333
1098.666667 787.000000
1092.666667 792.000000
1086.333333 796.666667
1080.000000 801.000000
1074.333333 805.000000
1069.333333 808.666667
1065.333333 811.666667
1062.333333 814.000000
1060.333333 815.666667
1058.666667 817.000000
1057.666667 818.000000
1056.666667 819.000000
1056.000000 819.333333
