860.333333 381.666667
860.666667 379.666667
861.333333 377.333333
861.666667 374.666667
862.333333 372.000000
862.666667 368.666667
863.333333 365.000000
864.000000 361.333333
865.000000 357.666667
866.000000 354.000000
867.000000 350.000000
868.333333 346.000000
870.000000 341.666667
872.000000 337.000000
874.333333 332.000000
877.000000 327.000000
880.000000 321.666667
883.000000 316.333333
886.333333 311.000000
889.666667 305.666667
893.333333 300.000000
897.000000 294.000000
901.000000 288.000000
905.333333 281.666667
910.000000 275.333333
915.000000 268.666667
920.333333 262.666667
926.333333 256.666667
932.666667 251.333333
939.333333 246.000000
945.333333 241.333333
951.333333 237.000000
957.000000 232.666667
963.000000 228.333333
969.333333 224.000000
975.666667 220.000000
982.000000 216.333333
988.000000 213.000000
993.666667 210.000000
999.000000 207.000000
1004.333333 204.333333
1010.000000 202.000000
1016.000000 200.000000
1022.333333 198.000000
1028.666667 196.000000
1034.666667 194.333333
1040.333333 192.666667
1045.666667 191.333333
1051.000000 190.000000
1056.333333 189.000000
1066.333333 188.666667
1078.000000 189.000000
1089.666667 190.000000
1096.666667 191.000000
1102.333333 192.333333
1108.000000 193.666667
1114.000000 195.000000
1120.333333 196.333333
1126.333333 198.000000
1132.000000 200.333333
1137.000000 202.666667
1142.000000 205.333333
1147.000000 208.333333
1152.000000 212.000000
1156.666667 216.333333
1161.333333 221.000000
1165.666667 225.666667
1170.333333 230.333333
1174.666667 235.000000
1179.333333 240.000000
1183.333333 245.333333
1187.000000 250.666667
1190.000000 256.333333
1192.666667 262.000000
1195.000000 267.666667
1197.000000 273.000000
1198.666667 278.000000
1200.000000 282.666667
1201.333333 289.000000
1202.333333 295.333333
1203.333333 302.000000
1203.666667 307.000000
1204.333333 312.000000
1204.666667 317.000000
1205.000000 322.000000
1204.666667 327.000000
1204.333333 331.666667
1204.000000 336.333333
1203.666667 340.666667
1203.333333 345.333333
1202.666667 350.000000
1202.000000 355.000000
1201.333333 360.000000
1200.666667 365.000000
1200.000000 369.666667
1199.333333 374.000000
1198.666667 378.000000
1197.666667 382.000000
1196.333333 386.000000
1194.666667 390.333333
1193.000000 395.000000
1190.666667 400.333333
1187.666667 406.000000
1184.333333 412.333333
1180.666667 418.666667
1177.000000 424.666667
1173.000000 430.666667
1169.000000 436.666667
1165.333333 443.000000
1161.666667 449.333333
1158.333333 455.666667
1155.000000 462.000000
1151.666667 468.000000
1148.333333 474.000000
1144.333333 480.000000
1139.666667 486.000000
1134.000000 492.666667
1128.000000 499.666667
1122.333333 507.000000
1116.666667 514.000000
1111.333333 521.000000
1106.000000 528.000000
1100.666667 534.666667
1095.000000 541.333333
1089.000000 548.000000
1083.000000 555.000000
1077.333333 562.000000
1071.666667 568.666667
1066.333333 575.333333
1060.666667 582.000000
1055.000000 589.333333
1048.666667 597.000000
1042.000000 604.666667
1035.000000 612.000000
1028.333333 619.000000
1022.000000 626.000000
1016.000000 633.333333
1010.000000 640.666667
1004.000000 648.333333
997.666667 655.666667
991.333333 663.000000
984.666667 670.333333
978.000000 678.000000
971.333333 686.333333
965.000000 694.666667
959.000000 703.000000
952.666667 710.666667
946.000000 718.000000
939.000000 725.333333
932.666667 732.333333
926.666667 739.333333
921.333333 746.000000
916.000000 752.666667
911.000000 758.666667
905.666667 764.333333
900.000000 769.666667
894.333333 775.000000
889.000000 780.000000
884.000000 785.000000
879.333333 790.000000
875.000000 794.666667
871.333333 798.666667
868.333333 802.000000
866.333333 804.666667
865.000000 807.000000
864.000000 808.666667
863.000000 809.333333
862.666667 808.333333
