857.000000 422.666667
858.333333 421.000000
859.333333 419.333333
859.666667 417.333333
860.000000 415.333333
860.333333 412.666667
860.666667 410.000000
861.000000 407.000000
861.000000 404.333333
861.000000 402.000000
861.333333 399.666667
861.666667 397.333333
862.000000 395.000000
862.000000 392.666667
862.000000 390.333333
862.333333 387.666667
862.666667 385.000000
863.000000 381.666667
863.000000 378.333333
863.000000 374.666667
863.000000 371.000000
863.333333 367.000000
863.666667 363.000000
864.000000 359.000000
864.000000 355.000000
864.333333 351.000000
864.666667 347.333333
865.333333 343.666667
865.666667 340.000000
866.333333 335.666667
866.666667 331.333333
867.333333 326.666667
868.000000 322.000000
869.333333 317.000000
870.666667 312.333333
872.333333 308.000000
873.666667 304.000000
875.666667 300.000000
877.666667 295.666667
880.333333 291.000000
883.333333 286.000000
886.666667 280.666667
890.333333 275.000000
894.000000 269.333333
897.666667 264.000000
900.666667 259.000000
903.333333 254.333333
905.666667 250.333333
908.333333 246.666667
910.666667 243.333333
913.333333 240.000000
916.000000 236.666667
919.000000 233.333333
922.000000 229.666667
925.333333 226.000000
929.000000 222.333333
933.000000 218.666667
937.000000 215.000000
941.000000 211.333333
945.000000 208.000000
948.666667 205.000000
952.000000 202.333333
955.000000 199.666667
958.000000 197.666667
961.000000 195.333333
964.333333 193.333333
968.000000 190.666667
972.333333 188.333333
977.000000 185.666667
982.000000 183.333333
986.666667 180.666667
991.000000 178.000000
995.000000 175.333333
999.000000 172.666667
1003.000000 170.333333
1006.666667 168.000000
1010.333333 166.333333
1014.000000 165.000000
1018.000000 163.666667
1023.666667 162.333333
1034.666667 161.666667
1046.666667 162.000000
1057.000000 163.000000
1062.000000 164.000000
1066.000000 165.000000
1070.000000 166.333333
1074.000000 167.666667
1078.000000 169.333333
1082.000000 171.000000
1086.000000 173.000000
1090.000000 175.000000
1093.666667 177.000000
1097.000000 179.000000
1100.333333 181.333333
1103.666667 184.000000
1107.333333 186.666667
1111.000000 189.333333
1114.666667 192.000000
1118.333333 195.000000
1122.000000 198.000000
1126.000000 201.333333
1129.666667 205.333333
1133.000000 209.666667
1136.000000 214.333333
1139.000000 219.000000
1141.666667 224.000000
1144.000000 228.666667
1146.333333 233.333333
1148.666667 238.000000
1150.666667 243.000000
1152.333333 248.000000
1154.000000 253.333333
1155.666667 259.000000
1157.000000 265.000000
1158.000000 270.666667
1159.000000 276.333333
1160.000000 281.666667
1161.000000 288.666667
1161.666667 295.333333
1162.333333 302.333333
1162.666667 307.666667
1163.000000 313.000000
1163.000000 318.333333
1162.666667 323.333333
1162.333333 328.333333
1161.666667 333.333333
1161.000000 338.666667
1160.000000 344.666667
1158.666667 350.666667
1157.333333 357.000000
1156.000000 363.000000
1155.000000 369.000000
1154.000000 374.666667
1152.333333 382.000000
1150.666667 389.333333
1148.666667 397.333333
1147.000000 404.000000
1145.000000 410.666667
1142.666667 417.333333
1140.333333 423.666667
1137.333333 430.000000
1134.333333 436.333333
1130.666667 442.666667
1127.333333 449.333333
1124.000000 455.666667
1120.666667 462.000000
1117.333333 467.666667
1114.000000 473.000000
1111.000000 478.333333
1108.000000 484.000000
1105.000000 490.000000
1102.000000 496.333333
1099.000000 502.666667
1096.000000 509.333333
1093.000000 515.333333
1089.666667 521.666667
1085.666667 527.666667
1081.333333 534.333333
1076.666667 541.000000
1072.333333 548.333333
1068.000000 555.333333
1064.333333 562.000000
1061.000000 568.000000
1057.666667 573.666667
1054.333333 579.333333
1051.000000 584.666667
1047.666667 590.333333
1044.000000 596.000000
1040.000000 602.000000
1036.000000 607.666667
1032.000000 613.000000
1028.000000 618.000000
1024.333333 623.000000
1020.666667 628.000000
1017.333333 633.000000
1014.000000 638.333333
1011.333333 643.666667
1008.666667 649.333333
1006.333333 654.666667
1003.666667 660.000000
1001.333333 664.666667
999.000000 669.000000
996.666667 673.000000
994.333333 677.000000
991.666667 680.666667
989.333333 684.333333
986.666667 688.000000
984.333333 692.000000
981.666667 696.333333
979.000000 700.666667
976.333333 705.000000
973.666667 709.000000
971.333333 713.000000
969.000000 716.666667
967.000000 720.000000
965.333333 723.000000
963.666667 726.000000
962.333333 729.000000
960.666667 732.000000
959.000000 735.000000
957.333333 738.000000
955.666667 741.333333
954.000000 745.000000
952.000000 748.666667
949.666667 752.333333
947.000000 756.000000
944.000000 760.000000
941.000000 763.666667
938.000000 767.333333
934.666667 770.666667
931.333333 774.333333
927.666667 777.666667
924.333333 781.333333
921.000000 784.666667
918.000000 788.333333
915.000000 791.666667
912.333333 795.333333
909.666667 798.666667
907.000000 802.333333
903.666667 805.666667
900.333333 809.000000
897.000000 812.333333
893.666667 815.333333
890.333333 818.333333
887.333333 820.666667
885.000000 822.666667
883.333333 824.000000
882.000000 825.000000
881.000000 826.000000
