703.000000 384.666667
703.000000 382.000000
703.000000 378.666667
702.333333 375.000000
701.000000 371.000000
699.333333 367.000000
697.666667 363.000000
696.000000 359.000000
694.333333 355.000000
693.000000 351.000000
692.000000 347.000000
691.000000 343.333333
690.000000 340.000000
689.000000 337.000000
688.000000 334.000000
687.000000 331.000000
686.000000 327.666667
684.666667 324.333333
683.333333 321.000000
682.000000 317.666667
681.000000 314.333333
680.333333 311.000000
679.666667 308.000000
679.000000 305.333333
678.000000 303.000000
677.000000 301.000000
676.000000 299.000000
675.333333 297.000000
674.666667 295.000000
674.000000 293.333333
673.000000 291.666667
671.666667 290.000000
670.333333 288.000000
668.333333 285.666667
666.000000 283.333333
663.000000 280.666667
659.666667 278.000000
656.333333 275.000000
652.666667 272.000000
648.666667 269.000000
644.333333 265.666667
640.000000 262.000000
636.000000 258.333333
631.666667 254.666667
627.000000 251.000000
622.000000 247.333333
617.000000 243.666667
612.000000 240.000000
607.000000 236.333333
602.000000 233.000000
597.000000 229.666667
592.333333 226.333333
587.666667 223.000000
583.333333 220.000000
578.666667 217.000000
574.000000 214.000000
569.000000 211.000000
563.666667 208.000000
558.000000 205.000000
552.333333 202.000000
547.000000 199.333333
542.000000 197.000000
537.000000 194.666667
532.000000 192.333333
527.000000 190.000000
522.000000 188.333333
517.000000 186.666667
512.333333 185.333333
507.666667 183.666667
503.333333 182.333333
497.333333 181.000000
488.666667 180.000000
476.000000 179.666667
462.666667 180.000000
452.000000 181.333333
444.666667 182.666667
439.333333 184.333333
433.666667 185.666667
428.333333 187.333333
422.666667 189.000000
417.333333 191.000000
412.000000 193.000000
407.333333 195.000000
403.333333 197.000000
400.000000 198.666667
397.000000 200.666667
394.000000 202.666667
391.000000 205.333333
388.000000 208.333333
385.333333 212.000000
382.666667 216.333333
380.666667 220.666667
378.333333 225.333333
376.333333 230.000000
374.333333 235.333333
372.666667 240.666667
371.333333 246.333333
370.000000 251.666667
369.000000 257.666667
368.000000 263.333333
367.000000 269.000000
366.000000 274.000000
365.000000 279.333333
364.333333 284.666667
363.666667 289.666667
363.333333 294.333333
362.666667 299.333333
362.333333 304.666667
361.666667 310.333333
361.333333 316.000000
360.666667 322.000000
360.000000 328.333333
359.000000 335.333333
358.333333 343.000000
357.666667 350.666667
357.333333 358.333333
357.000000 365.333333
357.333333 372.000000
358.000000 378.000000
359.333333 383.666667
361.000000 388.666667
363.000000 393.333333
365.333333 398.000000
368.000000 403.000000
371.000000 407.666667
374.000000 412.333333
376.666667 416.666667
379.333333 421.333333
381.666667 426.000000
384.333333 431.000000
387.000000 436.000000
390.000000 441.333333
393.000000 447.000000
396.333333 452.666667
400.000000 458.333333
404.000000 464.333333
408.000000 470.333333
412.333333 476.666667
416.666667 483.000000
421.000000 490.333333
425.000000 498.000000
429.000000 506.000000
432.666667 513.666667
436.333333 521.666667
440.000000 529.666667
444.000000 538.000000
448.000000 546.000000
452.333333 554.000000
457.000000 561.666667
461.666667 568.666667
466.000000 575.000000
470.000000 580.666667
474.000000 586.333333
478.000000 591.666667
481.666667 597.333333
485.000000 602.666667
488.000000 608.333333
490.666667 613.666667
493.333333 618.666667
495.666667 623.333333
498.666667 628.000000
501.666667 633.000000
505.333333 638.000000
508.666667 643.333333
512.333333 649.000000
516.000000 655.000000
520.000000 660.666667
524.000000 666.000000
528.333333 671.333333
533.000000 676.666667
538.666667 682.333333
544.666667 688.000000
551.000000 694.000000
557.666667 700.000000
564.333333 706.000000
571.666667 712.000000
579.333333 718.333333
587.666667 724.666667
596.000000 731.000000
603.666667 737.000000
611.000000 742.666667
618.000000 748.333333
625.000000 753.666667
632.000000 758.666667
639.000000 763.333333
645.666667 767.666667
652.000000 772.000000
657.666667 775.666667
663.000000 779.333333
668.333333 783.000000
673.666667 787.333333
679.000000 791.666667
684.000000 796.333333
689.333333 801.000000
694.666667 805.666667
699.666667 810.000000
704.000000 814.000000
708.000000 817.666667
711.333333 821.000000
714.333333 823.666667
716.333333 825.666667
718.000000 827.000000
718.666667 828.000000
719.333333 829.000000
720.666667 829.333333
