956.000000 418.333333
956.000000 417.333333
956.000000 415.333333
956.000000 412.666667
956.333333 410.000000
956.666667 407.000000
957.000000 404.000000
957.000000 400.666667
957.000000 397.333333
957.000000 393.666667
957.000000 389.666667
957.000000 384.666667
957.333333 378.666667
958.000000 372.333333
958.666667 365.666667
959.333333 359.333333
960.333333 353.000000
962.000000 346.666667
964.666667 340.000000
968.000000 333.000000
972.000000 325.666667
976.000000 318.666667
980.000000 312.000000
984.333333 306.000000
989.000000 300.333333
993.666667 294.333333
998.333333 288.000000
1002.666667 281.333333
1007.000000 274.666667
1011.333333 268.333333
1016.333333 262.000000
1022.000000 256.000000
1028.000000 250.000000
1034.000000 243.666667
1040.000000 237.333333
1045.666667 231.000000
1051.333333 225.000000
1057.666667 218.666667
1065.000000 212.666667
1073.000000 207.000000
1080.666667 202.000000
1087.666667 196.666667
1094.666667 191.333333
1102.000000 185.666667
1110.333333 180.333333
1118.666667 175.000000
1126.666667 170.000000
1134.000000 165.333333
1141.000000 161.333333
1148.333333 158.000000
1156.333333 155.000000
1164.666667 152.333333
1173.000000 150.333333
1180.333333 149.000000
1187.333333 148.000000
1197.666667 147.000000
1209.000000 146.666667
1225.000000 147.333333
1237.333333 148.666667
1249.000000 150.000000
1256.333333 151.333333
1263.666667 152.666667
1271.000000 154.666667
1277.333333 156.666667
1283.000000 159.333333
1288.000000 162.000000
1293.000000 165.000000
1298.000000 168.333333
1303.000000 172.000000
1308.000000 176.000000
1313.333333 180.000000
1318.666667 184.000000
1323.666667 188.000000
1328.000000 192.000000
1332.000000 196.666667
1335.666667 202.000000
1339.000000 208.333333
1341.666667 215.000000
1344.000000 221.666667
1346.000000 228.333333
1347.666667 235.333333
1349.000000 242.666667
1350.000000 250.333333
1351.000000 257.666667
1351.666667 264.666667
1352.000000 271.333333
1352.000000 277.666667
1352.000000 283.666667
1351.666667 289.666667
1351.000000 295.666667
1350.000000 302.333333
1349.000000 309.000000
1348.000000 316.000000
1347.000000 322.666667
1345.666667 330.000000
1344.333333 338.000000
1342.666667 346.666667
1341.333333 355.333333
1339.666667 363.666667
1338.000000 372.000000
1335.666667 380.333333
1333.000000 388.333333
1329.000000 396.666667
1324.333333 404.666667
1319.333333 413.000000
1314.666667 420.666667
1310.000000 428.000000
1305.333333 435.333333
1301.000000 443.000000
1296.666667 451.000000
1292.000000 459.000000
1286.666667 467.000000
1280.666667 475.000000
1274.333333 483.000000
1268.000000 491.666667
1262.333333 500.333333
1256.666667 509.000000
1251.333333 517.000000
1245.333333 524.666667
1239.000000 532.666667
1231.666667 540.666667
1224.333333 549.000000
1217.000000 556.666667
1210.000000 564.000000
1202.333333 571.000000
1193.666667 578.666667
1184.333333 586.333333
1175.666667 594.333333
1167.666667 601.666667
1160.333333 609.000000
1153.333333 615.666667
1146.000000 622.000000
1138.333333 628.000000
1130.333333 634.000000
1123.333333 640.000000
1117.333333 646.000000
1111.666667 652.000000
1106.000000 658.000000
1100.000000 663.666667
1093.333333 669.333333
1086.333333 674.333333
1079.000000 679.333333
1072.333333 683.666667
1066.333333 688.333333
1060.666667 693.000000
1054.666667 698.333333
1047.666667 704.000000
1040.000000 709.333333
1032.333333 714.333333
1025.333333 718.666667
1018.666667 723.333333
1012.000000 728.000000
1004.000000 733.333333
995.333333 738.666667
986.333333 744.000000
978.333333 749.000000
971.333333 754.000000
965.333333 758.333333
960.666667 762.000000
957.000000 764.666667
954.666667 766.666667
953.000000 768.000000
952.000000 769.000000
951.000000 770.000000
950.333333 771.000000
950.000000 771.333333
950.000000 771.000000
