808.000000 414.000000
808.666667 412.666667
809.000000 411.000000
809.333333 408.666667
809.666667 406.333333
810.000000 403.666667
810.000000 401.000000
810.000000 398.000000
810.000000 395.333333
810.000000 392.666667
810.000000 389.666667
810.000000 386.333333
810.000000 383.000000
810.000000 379.666667
810.000000 375.666667
810.333333 371.333333
810.666667 366.666667
811.000000 362.333333
811.000000 358.000000
811.000000 354.000000
811.333333 350.000000
811.666667 346.333333
812.000000 342.666667
812.000000 339.000000
812.333333 335.000000
813.000000 330.666667
813.666667 326.000000
814.333333 321.000000
815.000000 315.666667
816.333333 310.666667
818.333333 305.333333
821.000000 300.333333
824.000000 294.666667
827.333333 289.000000
831.333333 282.666667
836.000000 276.333333
840.666667 269.666667
845.333333 263.333333
850.000000 257.333333
854.666667 251.666667
859.333333 245.666667
864.000000 239.333333
869.000000 233.000000
874.333333 227.000000
880.000000 221.000000
886.333333 215.000000
892.666667 209.333333
898.666667 204.000000
904.666667 198.666667
910.666667 193.333333
917.666667 187.666667
924.666667 182.333333
932.333333 176.666667
939.666667 171.333333
946.666667 166.000000
953.333333 161.333333
960.333333 157.000000
968.000000 153.333333
976.000000 150.000000
983.333333 147.000000
990.666667 144.000000
997.333333 141.000000
1004.333333 138.000000
1011.333333 135.000000
1019.000000 132.000000
1027.000000 129.000000
1034.333333 126.000000
1041.333333 123.000000
1048.000000 120.333333
1055.000000 118.000000
1062.000000 116.333333
1069.000000 115.000000
1076.000000 114.000000
1082.666667 113.000000
1089.000000 112.000000
1101.666667 111.666667
1114.000000 112.000000
1126.000000 113.000000
1131.000000 114.000000
1136.000000 115.000000
1140.666667 116.000000
1145.000000 117.666667
1149.333333 119.666667
1154.333333 122.333333
1160.000000 125.000000
1165.666667 128.333333
1171.333333 131.666667
1176.666667 135.000000
1182.000000 137.666667
1186.666667 140.000000
1190.666667 142.000000
1194.000000 144.000000
1197.333333 146.000000
1200.333333 148.000000
1203.666667 150.000000
1207.000000 152.000000
1210.666667 154.000000
1214.333333 156.000000
1217.666667 158.000000
1221.333333 160.333333
1224.666667 162.666667
1228.000000 165.000000
1231.000000 167.000000
1233.666667 169.000000
1235.666667 170.666667
1237.666667 172.666667
1239.333333 174.666667
1241.333333 177.000000
1242.666667 179.333333
1244.000000 181.666667
1245.333333 184.333333
1246.666667 187.000000
1248.000000 190.000000
1249.000000 193.000000
1250.000000 196.333333
1251.000000 200.000000
1252.000000 204.333333
1253.000000 209.000000
1254.000000 214.000000
1255.000000 219.000000
1256.000000 223.666667
1257.000000 228.333333
1258.000000 232.666667
1259.000000 237.000000
1260.000000 241.333333
1261.000000 246.000000
1262.000000 251.000000
1263.333333 256.000000
1264.666667 261.333333
1266.000000 266.666667
1267.000000 272.000000
1267.666667 277.000000
1268.333333 282.000000
1269.000000 287.000000
1269.666667 292.000000
1269.666667 297.000000
1269.333333 302.000000
1268.666667 307.000000
1267.666667 312.000000
1266.333333 317.000000
1265.000000 321.666667
1263.666667 326.666667
1262.333333 331.333333
1260.666667 336.666667
1259.000000 341.666667
1257.000000 347.333333
1255.000000 353.000000
1253.000000 359.333333
1251.000000 365.666667
1249.000000 371.666667
1247.000000 377.000000
1244.666667 382.333333
1242.000000 387.666667
1238.666667 393.000000
1234.666667 398.000000
1229.666667 403.333333
1224.333333 409.000000
1219.000000 414.666667
1214.000000 420.000000
1209.333333 425.000000
1204.666667 430.333333
1200.000000 435.666667
1194.333333 441.333333
1188.000000 447.000000
1181.333333 452.666667
1174.666667 458.333333
1168.666667 463.666667
1163.000000 469.000000
1158.000000 474.000000
1152.666667 479.000000
1146.000000 484.333333
1138.333333 489.333333
1130.333333 494.333333
1123.333333 498.666667
1116.666667 503.333333
1110.333333 508.333333
1103.666667 513.666667
1096.333333 519.000000
1088.666667 524.000000
1081.000000 528.666667
1074.333333 533.000000
1068.000000 537.333333
1062.333333 541.666667
1056.666667 546.333333
1050.000000 551.000000
1042.666667 556.000000
1035.333333 561.000000
1029.000000 565.666667
1023.333333 570.000000
1018.333333 573.666667
1013.666667 577.000000
1009.333333 579.666667
1005.000000 582.333333
1000.666667 585.333333
996.000000 588.666667
990.666667 592.333333
985.333333 595.666667
980.000000 599.333333
975.333333 603.000000
971.000000 607.333333
966.666667 611.666667
962.333333 616.000000
957.666667 620.333333
952.666667 624.666667
947.000000 629.000000
940.666667 633.000000
934.666667 637.000000
928.666667 641.000000
923.666667 645.000000
918.666667 649.000000
914.333333 653.000000
909.666667 657.333333
905.000000 661.666667
899.333333 666.000000
893.666667 670.000000
888.000000 673.666667
883.333333 677.000000
879.333333 679.666667
876.333333 682.000000
874.000000 683.666667
872.333333 685.000000
871.000000 686.000000
870.000000 687.000000
869.000000 687.333333
