737.000000 317.000000
672.666667 315.666667
673.333333 314.333333
673.666667 312.333333
674.333333 310.333333
674.666667 307.666667
675.000000 305.333333
674.666667 302.333333
674.333333 299.333333
674.000000 295.666667
673.666667 291.666667
673.333333 287.000000
672.666667 282.000000
672.000000 276.666667
671.000000 271.333333
669.666667 265.666667
668.000000 260.000000
666.000000 254.333333
664.000000 249.000000
661.666667 243.666667
658.666667 238.333333
655.000000 232.666667
651.000000 227.333333
647.000000 221.666667
642.666667 216.333333
638.000000 211.000000
633.333333 206.000000
628.333333 201.000000
623.333333 196.333333
617.666667 191.666667
612.000000 187.000000
605.666667 182.000000
599.666667 177.333333
594.000000 173.000000
588.666667 169.000000
583.333333 165.000000
577.666667 161.000000
572.000000 157.333333
565.666667 154.000000
559.000000 151.000000
552.333333 148.000000
546.000000 145.333333
540.333333 142.666667
534.666667 140.666667
529.333333 138.666667
523.666667 137.333333
518.000000 136.000000
512.000000 135.000000
506.000000 134.000000
498.666667 133.000000
481.333333 132.666667
464.333333 133.000000
449.000000 134.000000
444.000000 135.333333
439.333333 136.666667
434.666667 138.333333
430.333333 140.333333
425.666667 143.000000
421.000000 146.333333
416.000000 150.000000
411.000000 154.000000
406.000000 158.333333
401.333333 163.000000
397.000000 168.000000
393.000000 173.666667
389.333333 179.666667
385.666667 186.000000
382.333333 192.333333
379.000000 199.333333
376.333333 206.666667
373.666667 214.333333
371.000000 221.666667
368.000000 229.000000
365.333333 236.000000
362.666667 243.333333
360.000000 251.000000
357.333333 258.666667
355.000000 266.333333
353.000000 273.666667
351.333333 280.666667
349.666667 287.333333
348.333333 293.666667
347.333333 300.000000
347.000000 306.333333
346.666667 312.666667
346.333333 319.000000
346.333333 325.000000
346.666667 331.666667
347.333333 339.000000
348.000000 347.000000
349.000000 355.333333
350.333333 363.666667
351.666667 372.000000
353.333333 379.666667
355.333333 387.333333
358.000000 394.666667
361.000000 402.000000
364.000000 409.000000
367.000000 416.000000
370.333333 423.000000
373.666667 430.000000
377.333333 437.000000
380.666667 444.333333
384.333333 451.666667
388.000000 459.000000
392.000000 465.666667
396.333333 472.333333
400.666667 478.666667
405.333333 485.333333
410.000000 492.000000
415.000000 499.000000
420.000000 506.000000
424.666667 512.666667
429.666667 519.333333
435.333333 526.000000
442.000000 533.000000
449.333333 540.333333
456.666667 547.666667
464.666667 555.666667
473.000000 563.333333
482.333333 571.333333
492.000000 579.333333
502.000000 588.000000
512.000000 596.666667
522.000000 605.333333
532.000000 613.666667
542.000000 622.333333
552.000000 630.666667
561.666667 639.333333
571.333333 648.000000
580.666667 656.666667
590.000000 665.000000
598.333333 673.000000
606.333333 681.000000
613.666667 689.333333
620.333333 697.666667
626.333333 706.000000
632.000000 714.000000
637.666667 722.333333
643.000000 730.666667
647.666667 739.000000
652.333333 747.000000
656.666667 754.333333
660.666667 761.000000
664.000000 766.666667
667.000000 772.333333
670.000000 777.666667
673.000000 783.333333
675.666667 788.333333
678.000000 793.333333
680.000000 797.666667
681.666667 801.333333
683.000000 804.000000
684.000000 805.666667
684.666667 807.000000
