697.666667 437.000000
699.000000 436.000000
700.333333 434.666667
701.333333 433.000000
702.333333 430.666667
702.666667 428.333333
703.000000 426.000000
703.333333 424.000000
703.666667 421.666667
704.000000 419.000000
704.000000 416.333333
704.000000 413.666667
704.000000 410.666667
704.333333 407.333333
704.666667 404.000000
705.000000 400.666667
705.000000 397.000000
705.000000 393.000000
705.000000 389.000000
705.000000 384.666667
705.000000 380.000000
705.000000 375.000000
705.000000 370.000000
705.000000 365.000000
704.666667 360.000000
704.333333 355.333333
703.666667 351.000000
703.000000 347.000000
702.000000 342.666667
701.333333 338.333333
700.333333 333.666667
699.333333 329.333333
697.666667 325.000000
696.333333 321.000000
694.666667 317.000000
693.000000 313.000000
691.000000 309.333333
689.000000 305.666667
687.000000 302.333333
685.000000 299.000000
683.000000 296.000000
681.000000 292.666667
679.000000 289.333333
676.666667 285.666667
674.333333 282.000000
672.000000 278.000000
669.666667 274.333333
667.000000 270.666667
664.000000 267.333333
661.333333 264.000000
658.666667 261.000000
655.666667 257.666667
652.333333 254.666667
649.000000 251.666667
646.000000 249.666667
643.000000 247.666667
640.000000 246.000000
637.333333 244.000000
634.666667 242.333333
632.333333 241.000000
630.000000 239.666667
628.000000 238.000000
625.666667 236.000000
623.000000 233.666667
620.000000 231.333333
617.000000 228.666667
613.666667 226.000000
610.000000 223.333333
606.000000 221.000000
601.666667 219.000000
597.333333 217.000000
593.000000 215.333333
589.000000 214.000000
585.000000 213.000000
581.333333 212.000000
577.333333 211.000000
571.666667 210.000000
565.333333 209.000000
559.000000 208.000000
554.000000 207.000000
549.000000 206.000000
542.666667 205.000000
535.333333 204.000000
522.333333 203.000000
510.333333 202.666667
495.333333 203.000000
486.000000 204.000000
477.000000 205.000000
472.000000 206.000000
467.333333 207.000000
462.666667 208.333333
458.333333 209.666667
454.000000 211.000000
450.000000 212.333333
446.333333 213.666667
443.000000 215.333333
440.000000 216.666667
437.000000 218.333333
434.000000 220.000000
431.333333 222.000000
428.666667 224.333333
426.333333 227.000000
424.000000 230.000000
421.666667 233.333333
419.666667 236.666667
417.666667 240.000000
416.000000 243.333333
414.000000 247.000000
412.000000 251.000000
410.333333 255.333333
408.666667 259.666667
407.333333 264.333333
405.666667 269.000000
404.333333 274.000000
403.000000 279.000000
402.000000 284.000000
401.000000 289.333333
400.000000 295.000000
399.000000 301.000000
398.000000 307.000000
397.000000 312.666667
396.000000 318.333333
395.000000 323.666667
394.333333 329.000000
393.666667 334.000000
393.666667 339.333333
393.666667 345.000000
394.333333 351.000000
395.333333 357.333333
396.666667 364.000000
398.666667 371.000000
401.000000 378.000000
403.666667 385.000000
406.666667 392.333333
409.666667 399.333333
413.333333 406.666667
417.000000 413.333333
421.000000 420.333333
425.000000 427.000000
428.666667 433.666667
432.666667 440.666667
436.666667 447.333333
441.333333 454.333333
446.000000 461.000000
451.000000 468.000000
456.000000 475.000000
461.000000 482.333333
466.000000 489.666667
470.666667 497.000000
475.000000 504.000000
479.000000 510.666667
482.666667 516.666667
486.333333 522.000000
489.666667 526.666667
493.000000 531.000000
496.333333 535.000000
500.000000 539.333333
504.000000 544.000000
508.000000 549.000000
512.000000 554.000000
516.000000 559.000000
519.666667 564.333333
523.000000 569.666667
526.333333 575.333333
529.666667 580.666667
533.333333 586.333333
537.333333 592.000000
541.666667 598.000000
546.333333 604.333333
551.000000 610.666667
556.000000 617.333333
561.000000 624.000000
566.000000 630.666667
571.000000 637.333333
576.000000 643.666667
581.000000 650.333333
586.000000 656.333333
591.000000 662.000000
596.000000 667.000000
601.000000 671.666667
605.666667 676.000000
610.333333 680.333333
614.666667 685.000000
619.000000 689.666667
622.666667 694.333333
626.333333 698.666667
629.666667 703.000000
633.333333 707.000000
636.666667 710.666667
640.333333 714.333333
643.666667 718.000000
647.333333 721.666667
650.666667 725.000000
654.333333 728.333333
657.666667 732.000000
661.333333 736.333333
664.666667 740.666667
668.000000 745.333333
671.000000 750.000000
673.666667 754.666667
676.333333 759.000000
679.000000 763.000000
682.000000 767.000000
685.000000 770.666667
688.000000 774.000000
691.000000 777.333333
694.333333 780.666667
697.666667 784.333333
701.000000 788.000000
704.000000 791.666667
707.000000 795.000000
710.000000 798.000000
712.666667 801.000000
715.000000 803.666667
717.000000 806.333333
719.000000 808.666667
720.666667 811.000000
722.000000 813.000000
723.000000 814.666667
724.000000 816.000000
724.666667 817.000000
725.333333 818.000000
726.000000 819.000000
727.000000 820.000000
728.000000 820.333333
