829.000000 351.000000
828.333333 349.000000
828.000000 346.666667
828.000000 344.000000
828.000000 340.666667
828.000000 337.333333
828.333333 334.000000
829.000000 330.666667
829.666667 326.666667
830.333333 322.333333
831.000000 317.666667
832.333333 313.000000
834.000000 308.333333
836.000000 303.666667
838.000000 299.333333
840.333333 294.666667
843.000000 290.000000
845.666667 285.000000
848.333333 280.000000
851.000000 274.666667
854.000000 269.333333
857.000000 264.000000
860.000000 258.666667
863.000000 253.333333
866.333333 248.000000
870.333333 242.666667
875.000000 237.666667
880.333333 232.333333
886.333333 226.666667
892.333333 221.000000
898.666667 215.333333
904.666667 210.333333
911.333333 205.333333
918.000000 201.000000
925.000000 197.000000
932.000000 193.333333
938.333333 190.000000
944.666667 187.000000
950.333333 184.000000
956.333333 181.000000
962.000000 178.333333
968.333333 176.000000
975.000000 173.666667
982.000000 171.000000
988.333333 168.333333
994.000000 165.666667
999.000000 163.666667
1004.000000 161.666667
1009.000000 160.333333
1014.000000 158.666667
1019.333333 157.333333
1025.000000 156.000000
1032.333333 155.000000
1040.666667 154.000000
1053.666667 153.666667
1067.000000 154.000000
1079.000000 155.000000
1085.666667 156.000000
1091.000000 157.000000
1096.000000 158.000000
1101.000000 159.333333
1105.000000 161.000000
1109.000000 163.333333
1113.333333 166.000000
1117.666667 169.333333
1122.333333 173.000000
1126.666667 177.000000
1131.000000 181.000000
1134.666667 185.000000
1138.333333 189.000000
1141.666667 193.000000
1144.666667 197.666667
1147.333333 202.666667
1149.666667 208.666667
1152.000000 214.666667
1154.000000 221.333333
1156.000000 228.000000
1158.000000 235.333333
1160.000000 243.000000
1161.666667 251.333333
1163.333333 259.666667
1164.666667 268.000000
1166.000000 275.666667
1167.333333 283.000000
1168.333333 289.666667
1169.333333 296.333333
1170.000000 303.333333
1170.666667 310.666667
1171.000000 318.000000
1170.666667 325.333333
1170.000000 333.333333
1169.333333 342.000000
1168.333333 351.000000
1167.333333 359.666667
1166.000000 368.000000
1164.666667 376.000000
1163.333333 384.000000
1162.000000 391.666667
1161.000000 399.000000
1159.666667 406.000000
1158.333333 412.666667
1156.666667 419.333333
1155.000000 426.000000
1152.666667 433.333333
1150.000000 441.000000
1146.666667 449.333333
1143.000000 457.666667
1138.666667 465.666667
1134.000000 473.000000
1129.000000 480.333333
1123.666667 488.000000
1118.666667 495.666667
1113.666667 503.333333
1109.333333 510.333333
1105.000000 517.333333
1100.666667 524.000000
1095.666667 531.666667
1089.666667 540.000000
1083.333333 549.333333
1076.666667 558.666667
1070.333333 568.666667
1064.000000 578.666667
1057.666667 589.000000
1051.333333 598.666667
1044.333333 608.000000
1037.666667 616.666667
1030.666667 625.666667
1024.000000 634.333333
1017.333333 643.333333
1011.000000 652.000000
1004.666667 660.666667
997.666667 669.666667
990.333333 679.000000
982.666667 689.333333
975.333333 699.666667
967.666667 710.333333
960.000000 721.000000
952.000000 731.666667
944.000000 742.000000
936.333333 751.333333
929.000000 759.666667
922.000000 767.333333
915.000000 775.000000
907.666667 783.000000
900.000000 790.666667
892.000000 798.000000
884.666667 804.666667
878.666667 810.666667
874.000000 816.000000
870.000000 821.000000
865.666667 827.666667
862.000000 834.333333
859.333333 841.000000
858.000000 845.666667
857.000000 850.000000
856.333333 853.333333
855.666667 856.000000
855.333333 857.666667
855.000000 859.000000
855.000000 860.000000
855.000000 860.333333
