759.333333 363.000000
700.666667 361.666667
702.000000 360.333333
703.000000 359.000000
704.000000 358.000000
705.000000 357.000000
706.000000 356.000000
706.666667 354.666667
707.333333 353.333333
708.000000 352.000000
709.000000 350.666667
710.000000 349.333333
711.000000 347.666667
712.000000 346.333333
713.000000 344.666667
714.000000 342.666667
715.000000 340.000000
715.666667 337.000000
716.000000 333.666667
716.333333 330.000000
716.666667 325.666667
717.000000 321.333333
717.000000 316.666667
716.666667 312.333333
716.333333 307.666667
716.000000 303.333333
716.000000 299.000000
715.666667 294.666667
715.000000 290.000000
714.000000 284.666667
713.000000 278.666667
711.666667 272.333333
710.000000 266.000000
708.000000 260.000000
706.000000 254.000000
703.666667 248.000000
701.000000 242.000000
698.333333 236.000000
695.666667 230.333333
693.000000 225.000000
690.333333 220.000000
688.000000 215.333333
685.666667 210.666667
683.333333 206.333333
680.666667 202.000000
678.333333 198.000000
676.000000 194.333333
674.000000 191.000000
672.000000 187.666667
670.000000 184.333333
667.666667 180.666667
665.000000 177.000000
662.000000 173.000000
659.000000 169.000000
655.333333 165.000000
651.333333 161.000000
646.666667 157.000000
642.333333 153.000000
638.000000 149.000000
634.000000 145.000000
629.666667 141.000000
625.333333 137.333333
621.000000 133.666667
617.000000 130.333333
612.666667 126.666667
608.333333 123.333333
603.666667 120.000000
599.000000 117.333333
594.333333 115.000000
590.333333 112.666667
586.666667 110.666667
583.333333 109.000000
580.000000 107.666667
577.000000 106.333333
572.333333 105.000000
565.666667 104.000000
556.333333 103.000000
545.333333 102.000000
531.333333 101.666667
514.000000 102.000000
497.666667 103.000000
485.333333 104.000000
476.333333 105.000000
469.000000 106.333333
462.000000 107.666667
457.000000 109.000000
452.000000 110.333333
447.333333 112.000000
443.333333 114.000000
439.666667 116.333333
436.333333 119.000000
432.666667 122.333333
429.000000 126.000000
425.333333 130.000000
422.000000 134.333333
418.666667 138.666667
415.333333 143.000000
411.666667 147.000000
408.333333 151.333333
404.666667 156.000000
401.333333 160.666667
398.333333 165.333333
395.666667 169.666667
393.333333 174.000000
391.333333 178.000000
389.666667 182.000000
388.333333 186.000000
387.000000 190.000000
386.000000 194.333333
385.000000 199.000000
384.000000 203.666667
383.333333 208.666667
382.666667 213.666667
382.333333 218.666667
382.000000 223.333333
382.000000 228.000000
382.000000 232.666667
382.000000 237.333333
382.000000 242.333333
382.333333 248.000000
383.000000 254.000000
384.000000 260.000000
385.000000 265.666667
385.666667 271.333333
386.666667 276.666667
387.666667 281.666667
389.000000 286.333333
390.000000 291.000000
391.333333 296.333333
393.000000 302.000000
395.000000 308.333333
397.000000 314.666667
399.333333 321.333333
402.000000 328.000000
405.000000 335.333333
408.333333 343.333333
412.000000 352.000000
415.666667 361.000000
419.000000 369.666667
422.000000 378.000000
425.000000 386.000000
428.000000 394.000000
431.000000 402.000000
434.000000 409.666667
437.000000 417.333333
440.333333 424.666667
444.333333 432.333333
449.000000 440.666667
454.000000 449.666667
459.000000 459.000000
464.000000 468.000000
468.666667 477.333333
473.333333 486.666667
478.000000 496.333333
483.000000 505.666667
488.000000 514.666667
493.333333 523.000000
499.000000 531.333333
504.666667 539.666667
510.333333 548.000000
515.666667 556.333333
521.333333 564.666667
527.333333 573.333333
534.333333 582.000000
542.000000 591.333333
549.666667 600.666667
557.000000 609.666667
564.000000 618.000000
571.000000 626.333333
578.333333 634.666667
585.666667 643.000000
593.333333 651.333333
600.666667 660.000000
608.000000 668.666667
615.000000 678.000000
622.333333 687.666667
630.000000 698.333333
638.000000 708.666667
646.000000 719.000000
653.666667 729.333333
661.000000 739.333333
668.000000 749.000000
674.666667 757.666667
681.333333 765.333333
687.666667 772.333333
694.000000 778.333333
699.333333 784.000000
703.666667 788.000000
707.000000 791.333333
709.666667 793.333333
711.666667 795.000000
713.000000 796.000000
714.000000 797.000000
