731.000000 419.333333
731.000000 416.666667
731.000000 413.666667
731.333333 410.333333
731.666667 406.666667
732.000000 403.333333
732.333333 400.000000
733.000000 397.000000
733.666667 393.666667
734.333333 390.333333
735.333333 386.666667
737.000000 383.000000
739.000000 379.000000
741.000000 374.666667
743.000000 370.333333
744.333333 365.666667
745.000000 361.000000
745.000000 356.333333
744.333333 351.666667
743.000000 347.333333
741.000000 342.666667
739.000000 338.333333
736.666667 333.666667
734.333333 329.000000
731.666667 323.666667
729.333333 318.333333
726.666667 313.000000
724.000000 308.000000
721.000000 303.000000
717.666667 298.000000
713.666667 292.666667
708.666667 287.333333
703.000000 281.666667
697.000000 276.333333
691.333333 271.333333
686.333333 267.000000
682.000000 263.000000
678.000000 259.000000
674.000000 255.000000
670.000000 251.333333
666.000000 248.000000
661.333333 244.666667
656.000000 241.333333
650.333333 238.000000
645.333333 235.000000
641.000000 232.333333
637.000000 230.000000
633.333333 228.000000
630.333333 226.000000
627.666667 224.000000
625.000000 222.000000
622.000000 220.333333
618.666667 219.000000
614.666667 218.000000
606.000000 217.666667
597.000000 218.000000
587.666667 219.333333
582.666667 221.333333
577.333333 223.666667
571.666667 226.666667
565.000000 230.000000
558.333333 234.000000
552.000000 238.000000
545.666667 242.333333
539.333333 247.000000
533.000000 252.333333
526.666667 258.000000
520.000000 264.333333
513.000000 270.666667
506.333333 277.000000
500.000000 283.000000
494.333333 289.333333
489.000000 295.666667
482.666667 305.333333
476.666667 314.666667
471.000000 324.333333
467.333333 331.333333
464.000000 338.666667
461.333333 346.666667
459.000000 354.666667
457.000000 363.000000
455.333333 371.333333
454.000000 379.666667
453.000000 388.000000
452.333333 396.000000
452.000000 404.333333
452.000000 412.333333
452.000000 420.333333
452.333333 427.333333
452.666667 434.333333
453.333333 440.333333
453.666667 446.333333
454.333333 451.666667
455.000000 457.000000
456.000000 461.666667
457.333333 466.333333
459.000000 470.666667
461.000000 474.666667
463.000000 478.333333
465.000000 482.000000
467.000000 486.000000
469.000000 490.000000
471.000000 494.000000
473.333333 497.666667
475.333333 501.333333
477.333333 505.000000
480.333333 510.666667
484.000000 516.333333
488.333333 522.333333
492.333333 527.000000
497.333333 531.666667
503.000000 536.333333
508.666667 541.333333
514.000000 547.333333
519.333333 554.000000
524.666667 560.666667
530.000000 567.333333
535.333333 573.666667
541.333333 580.000000
547.666667 586.333333
554.333333 593.000000
560.333333 600.333333
566.000000 607.666667
570.666667 614.333333
575.333333 620.000000
580.000000 625.333333
585.666667 631.000000
591.333333 636.666667
597.333333 642.666667
603.000000 649.333333
608.666667 656.333333
614.000000 663.000000
618.666667 669.000000
623.666667 675.333333
628.666667 682.000000
634.000000 688.666667
639.000000 695.000000
644.333333 701.000000
650.000000 707.333333
655.666667 713.333333
661.333333 719.333333
666.666667 724.666667
672.333333 730.333333
678.000000 736.000000
684.333333 742.000000
690.666667 747.666667
696.666667 753.000000
702.000000 758.000000
707.333333 763.000000
712.666667 767.666667
718.000000 772.000000
723.333333 776.666667
728.666667 781.666667
735.000000 787.333333
741.000000 792.333333
746.666667 797.000000
751.000000 801.666667
754.666667 806.333333
758.000000 811.000000
760.333333 815.000000
762.000000 818.666667
762.000000 822.000000
761.333333 825.000000
759.666667 827.333333
758.333333 829.333333
756.666667 830.666667
755.333333 832.000000
753.666667 833.000000
