733.000000 348.666667
732.666667 344.666667
732.000000 341.000000
731.333333 336.666667
730.333333 332.333333
729.333333 328.000000
727.666667 324.000000
726.333333 320.000000
724.666667 316.000000
722.666667 312.000000
720.333333 307.666667
717.666667 303.333333
715.000000 299.000000
711.666667 294.666667
708.000000 290.333333
704.333333 285.666667
700.666667 281.333333
697.000000 277.000000
693.000000 272.666667
689.000000 268.333333
685.000000 263.666667
681.333333 259.333333
677.666667 255.000000
673.000000 250.000000
667.666667 245.000000
662.666667 240.333333
658.666667 237.000000
655.000000 234.000000
651.000000 231.000000
647.000000 228.000000
643.000000 225.000000
639.000000 222.333333
635.000000 219.666667
631.333333 217.333333
627.666667 215.000000
624.000000 212.666667
620.000000 210.333333
616.000000 208.000000
611.666667 205.666667
607.333333 203.666667
602.666667 201.666667
598.000000 200.000000
593.333333 198.000000
589.000000 196.333333
585.000000 194.666667
580.666667 193.333333
576.333333 192.000000
571.333333 191.000000
566.333333 190.000000
561.333333 189.000000
554.666667 188.000000
545.333333 187.000000
534.333333 186.000000
521.333333 185.666667
510.333333 186.000000
501.333333 187.000000
497.000000 188.333333
494.000000 189.666667
491.333333 191.333333
489.000000 192.666667
486.666667 195.000000
484.666667 197.666667
482.666667 201.000000
481.000000 204.333333
479.000000 208.333333
477.333333 213.000000
475.666667 217.666667
474.333333 222.333333
473.000000 226.666667
472.000000 231.333333
471.000000 236.000000
470.000000 241.000000
469.000000 246.333333
468.333333 251.666667
467.666667 257.333333
467.000000 263.000000
466.333333 269.000000
465.666667 275.000000
465.000000 280.666667
464.333333 286.000000
463.666667 291.333333
463.000000 297.000000
462.000000 302.666667
461.333333 308.000000
461.000000 313.000000
461.000000 318.000000
461.333333 323.000000
462.000000 328.333333
463.000000 334.000000
464.000000 340.333333
465.333333 346.666667
467.000000 353.333333
469.000000 359.666667
471.000000 366.333333
473.333333 372.666667
476.333333 379.000000
480.333333 385.333333
485.333333 392.000000
491.333333 399.333333
498.000000 406.666667
505.333333 414.000000
512.666667 421.000000
520.000000 428.000000
526.666667 434.666667
533.000000 441.000000
539.000000 447.000000
545.000000 452.666667
550.666667 458.000000
556.000000 462.666667
560.666667 467.000000
565.000000 471.000000
569.333333 475.333333
573.666667 480.000000
578.333333 485.333333
583.000000 491.000000
588.333333 497.000000
594.000000 503.333333
600.000000 509.666667
605.666667 516.000000
611.000000 521.666667
616.000000 527.000000
621.000000 532.333333
626.333333 538.000000
632.333333 544.333333
638.666667 550.666667
645.000000 557.333333
651.000000 564.000000
657.000000 571.000000
663.000000 578.333333
669.000000 585.666667
674.666667 593.000000
680.333333 599.666667
685.666667 605.666667
690.666667 611.000000
695.666667 615.666667
700.666667 620.333333
706.000000 625.333333
711.000000 630.666667
716.000000 636.333333
721.000000 641.666667
726.333333 647.333333
731.666667 652.666667
737.333333 658.333333
742.666667 663.666667
747.666667 668.666667
752.333333 673.000000
756.666667 676.666667
760.666667 680.333333
764.000000 683.666667
767.000000 686.666667
769.666667 689.000000
771.666667 691.000000
773.000000 692.666667
774.000000 694.000000
