824.000000 374.666667
824.000000 372.000000
824.000000 368.666667
824.000000 365.000000
837.666667 361.000000
851.333333 357.000000
865.000000 353.000000
865.333333 349.000000
865.666667 345.000000
866.333333 340.666667
866.666667 336.000000
867.333333 331.000000
868.000000 326.000000
869.000000 320.666667
870.333333 315.000000
872.333333 309.333333
874.666667 303.666667
877.333333 298.333333
879.666667 293.000000
882.333333 287.666667
885.000000 282.333333
887.666667 277.333333
890.333333 272.666667
892.666667 268.333333
895.000000 264.000000
897.333333 260.000000
899.666667 256.000000
902.000000 252.333333
904.333333 248.666667
907.000000 245.333333
909.666667 241.666667
912.333333 238.666667
915.666667 235.000000
919.333333 231.333333
923.666667 227.333333
927.666667 224.000000
932.333333 220.666667
937.000000 217.000000
941.666667 213.666667
946.000000 210.666667
950.000000 207.666667
954.333333 204.333333
959.000000 200.666667
964.666667 197.333333
970.666667 194.000000
977.333333 191.333333
983.666667 189.000000
989.666667 187.000000
995.000000 185.000000
1000.000000 183.000000
1004.666667 181.333333
1009.333333 179.666667
1014.000000 178.000000
1019.333333 176.000000
1025.000000 174.000000
1030.666667 172.000000
1036.333333 170.333333
1041.666667 169.000000
1047.000000 168.000000
1052.000000 167.000000
1057.333333 166.000000
1065.000000 165.000000
1073.000000 164.666667
1080.666667 165.000000
1086.000000 166.000000
1091.000000 167.000000
1096.000000 168.000000
1101.000000 169.333333
1106.333333 171.000000
1112.333333 173.000000
1118.666667 175.000000
1124.666667 177.000000
1130.333333 179.333333
1135.666667 181.666667
1140.666667 184.000000
1145.333333 186.333333
1150.000000 188.666667
1155.000000 191.333333
1160.000000 194.000000
1165.333333 197.000000
1170.666667 200.000000
1176.000000 203.666667
1181.333333 207.666667
1186.333333 212.333333
1191.333333 217.333333
1195.666667 222.666667
1200.000000 228.333333
1204.000000 233.666667
1207.666667 239.333333
1211.333333 244.666667
1214.666667 250.333333
1218.000000 256.000000
1220.666667 262.000000
1223.000000 267.666667
1225.000000 273.000000
1226.666667 278.000000
1227.666667 282.666667
1228.000000 287.000000
1228.000000 291.000000
1228.000000 295.000000
1227.666667 299.000000
1227.000000 303.333333
1225.666667 308.000000
1224.333333 312.666667
1222.333333 317.666667
1220.000000 322.666667
1217.000000 328.333333
1213.666667 334.000000
1210.000000 340.333333
1206.000000 347.000000
1202.000000 354.333333
1197.333333 362.000000
1192.000000 369.666667
1186.000000 377.333333
1179.666667 385.000000
1173.000000 393.333333
1166.666667 402.000000
1160.666667 410.666667
1155.000000 419.333333
1149.000000 428.000000
1142.666667 437.000000
1136.000000 446.333333
1129.000000 455.666667
1122.333333 464.666667
1116.333333 473.000000
1110.333333 481.333333
1104.000000 490.000000
1096.666667 499.000000
1089.000000 508.000000
1081.000000 516.666667
1073.333333 525.333333
1066.000000 534.000000
1059.000000 542.666667
1052.333333 551.000000
1046.000000 558.666667
1040.000000 565.666667
1033.666667 572.000000
1027.666667 577.666667
1022.000000 583.333333
1017.000000 589.000000
1012.000000 594.666667
1007.000000 600.333333
1002.000000 606.000000
996.333333 612.000000
990.000000 617.666667
983.333333 623.333333
977.333333 628.666667
971.666667 634.000000
966.333333 639.000000
961.000000 644.000000
956.000000 649.000000
951.000000 654.000000
945.666667 659.000000
940.333333 664.000000
934.666667 668.666667
929.666667 673.000000
924.666667 677.333333
920.000000 681.666667
915.000000 686.333333
910.000000 690.666667
904.666667 695.333333
899.666667 699.666667
895.000000 703.666667
891.333333 706.666667
888.333333 709.000000
886.000000 710.666667
884.000000 712.000000
882.333333 713.000000
881.333333 714.000000
880.666667 715.000000
