636.000000 470.000000
635.333333 466.333333
634.666667 462.333333
634.000000 457.666667
633.000000 453.000000
632.333333 448.000000
631.666667 442.666667
631.000000 437.000000
630.000000 430.666667
629.333333 424.333333
629.000000 417.666667
628.666667 411.333333
628.333333 405.000000
627.666667 399.000000
627.333333 393.333333
626.666667 387.666667
626.333333 382.000000
626.000000 376.333333
625.666667 370.666667
625.000000 365.666667
624.333333 361.000000
623.666667 357.000000
623.333333 353.000000
622.666667 349.333333
622.000000 346.333333
621.000000 343.666667
620.000000 341.000000
619.000000 338.000000
618.000000 335.000000
616.666667 331.666667
615.333333 328.333333
613.333333 324.666667
611.000000 321.333333
607.666667 317.666667
604.000000 313.666667
600.000000 309.333333
596.000000 305.333333
592.000000 301.666667
588.333333 297.666667
585.000000 293.333333
581.666667 289.000000
578.333333 285.000000
575.000000 281.000000
572.000000 277.000000
569.000000 273.000000
566.000000 269.333333
562.000000 265.333333
557.333333 261.333333
552.333333 257.333333
547.666667 254.000000
543.666667 251.333333
539.666667 248.666667
536.333333 246.666667
532.666667 244.333333
529.333333 242.333333
526.333333 240.000000
523.666667 238.333333
521.333333 237.000000
519.000000 235.666667
517.000000 234.333333
515.000000 233.000000
512.666667 232.000000
510.000000 231.000000
505.666667 230.000000
501.333333 229.000000
497.000000 227.666667
494.000000 226.333333
491.000000 224.666667
488.000000 223.333333
485.000000 222.000000
482.000000 221.000000
479.000000 220.000000
472.000000 220.000000
464.000000 220.666667
455.000000 222.333333
449.333333 224.000000
444.000000 225.666667
439.000000 227.333333
434.000000 229.000000
429.333333 231.000000
425.000000 232.666667
420.666667 234.000000
416.000000 235.000000
411.333333 236.000000
406.666667 237.333333
402.333333 238.666667
398.000000 240.000000
394.333333 241.333333
390.666667 242.666667
387.333333 244.333333
384.333333 246.000000
381.666667 248.000000
379.333333 250.333333
376.666667 252.666667
374.333333 255.333333
372.000000 258.000000
370.000000 261.000000
367.666667 264.000000
365.000000 267.333333
362.000000 271.000000
359.333333 275.000000
357.000000 278.666667
355.000000 282.333333
353.333333 286.000000
352.333333 290.000000
351.666667 294.000000
351.333333 298.333333
351.333333 303.000000
352.000000 308.000000
353.666667 313.333333
356.000000 318.666667
358.666667 324.000000
361.333333 329.333333
363.666667 335.000000
366.333333 341.000000
368.666667 347.333333
371.000000 353.666667
373.000000 360.333333
375.000000 367.000000
377.000000 373.666667
378.666667 379.666667
380.333333 385.333333
382.000000 390.666667
384.000000 396.333333
386.000000 401.666667
388.000000 407.000000
390.333333 412.333333
392.666667 417.666667
396.000000 423.000000
400.000000 428.666667
405.000000 435.333333
410.000000 442.666667
414.666667 450.333333
419.000000 458.000000
423.000000 466.000000
427.333333 474.000000
431.666667 482.333333
436.666667 491.000000
441.666667 499.666667
447.000000 507.666667
452.333333 515.000000
457.666667 521.666667
462.666667 528.000000
467.333333 533.666667
471.666667 539.333333
475.666667 544.666667
479.333333 550.333333
483.000000 555.666667
487.000000 561.000000
492.000000 566.333333
497.333333 571.666667
503.000000 577.000000
507.666667 581.666667
512.333333 586.000000
516.333333 590.333333
520.000000 595.000000
523.000000 600.333333
526.000000 605.666667
529.000000 611.000000
531.666667 616.000000
534.666667 621.000000
538.000000 626.000000
542.666667 631.666667
548.000000 638.000000
554.000000 645.000000
559.666667 652.000000
565.000000 658.666667
570.333333 665.000000
576.000000 671.000000
582.333333 677.333333
589.333333 684.000000
597.000000 691.000000
604.666667 698.333333
613.000000 706.333333
622.000000 715.333333
632.333333 725.666667
643.000000 736.666667
653.666667 747.666667
664.333333 758.000000
675.000000 767.666667
685.666667 776.666667
695.333333 784.666667
704.000000 791.666667
712.666667 798.333333
721.333333 805.000000
730.000000 811.333333
738.000000 817.000000
745.333333 821.333333
751.333333 825.000000
756.000000 827.666667
759.333333 829.666667
762.000000 831.000000
763.666667 831.333333
764.666667 831.000000
765.000000 830.000000
