714.666667 332.000000
713.333333 326.666667
711.666667 321.000000
710.000000 315.000000
707.666667 309.333333
705.000000 303.666667
702.000000 298.000000
699.000000 292.333333
695.666667 286.666667
692.000000 281.333333
688.000000 275.666667
684.000000 270.333333
680.000000 265.000000
676.000000 260.000000
671.666667 254.666667
667.000000 249.333333
661.666667 244.000000
655.666667 239.333333
649.666667 234.666667
643.666667 230.333333
638.333333 226.333333
632.666667 222.666667
627.000000 219.000000
621.000000 215.333333
614.666667 212.000000
608.000000 209.000000
601.000000 206.000000
594.333333 203.333333
587.666667 200.666667
581.000000 198.333333
574.000000 196.000000
567.000000 194.333333
560.000000 193.000000
553.000000 192.000000
546.333333 191.000000
539.666667 190.000000
533.333333 189.000000
522.333333 188.000000
506.333333 187.666667
490.666667 188.000000
479.666667 189.333333
474.000000 191.333333
467.666667 194.333333
461.333333 198.000000
454.666667 202.666667
448.666667 207.666667
443.000000 213.333333
438.333333 219.000000
434.000000 224.333333
430.000000 229.333333
425.333333 236.000000
421.666667 243.000000
418.666667 250.333333
417.333333 256.000000
416.333333 262.000000
415.666667 268.000000
415.333333 274.666667
414.666667 281.666667
414.333333 289.666667
413.666667 297.666667
413.333333 306.333333
413.000000 315.000000
412.666667 324.000000
412.333333 332.666667
412.000000 341.000000
412.333333 349.000000
412.666667 356.666667
413.666667 364.000000
415.000000 371.000000
417.000000 377.666667
419.000000 384.000000
421.333333 390.000000
424.000000 396.000000
427.000000 402.333333
430.333333 408.666667
433.666667 415.333333
437.333333 421.666667
441.000000 427.666667
445.333333 434.000000
450.000000 440.333333
455.000000 447.333333
460.000000 454.000000
465.333333 461.000000
470.666667 468.000000
476.333333 475.000000
482.333333 482.333333
489.333333 490.000000
496.666667 498.000000
504.333333 506.000000
511.666667 513.666667
519.333333 521.000000
527.000000 528.333333
535.333333 535.666667
543.666667 542.666667
552.000000 549.333333
559.666667 555.666667
567.000000 562.000000
574.000000 568.000000
581.000000 573.666667
588.000000 579.000000
594.666667 584.333333
601.000000 589.666667
606.666667 595.000000
612.000000 600.000000
616.666667 605.000000
621.000000 609.666667
624.666667 614.000000
628.000000 618.000000
631.000000 622.000000
634.000000 625.666667
637.000000 629.000000
640.000000 632.000000
643.000000 635.333333
646.000000 639.000000
649.000000 642.666667
652.000000 646.333333
654.666667 650.000000
657.333333 654.333333
659.666667 658.666667
662.333333 663.333333
664.666667 667.666667
667.000000 672.333333
669.000000 677.000000
671.333333 682.333333
673.666667 688.000000
676.333333 694.000000
678.666667 700.000000
681.333333 706.333333
684.000000 712.333333
687.000000 718.333333
690.333333 723.666667
694.000000 729.000000
697.666667 733.666667
701.333333 738.000000
705.000000 742.000000
709.000000 746.000000
712.666667 749.666667
716.000000 753.333333
718.666667 756.333333
720.666667 759.333333
722.333333 761.333333
723.666667 763.333333
724.666667 764.666667
725.333333 766.000000
