834.333333 346.000000
834.333333 344.666667
835.666667 343.333333
837.000000 341.666667
838.000000 340.000000
839.000000 337.666667
840.000000 335.000000
840.666667 332.000000
841.000000 329.000000
840.666667 325.666667
840.000000 321.666667
839.000000 317.000000
837.666667 311.666667
836.000000 306.333333
834.000000 300.666667
832.000000 294.666667
829.666667 288.333333
827.333333 281.333333
824.666667 274.333333
822.333333 267.000000
819.666667 260.333333
817.000000 254.000000
814.333333 248.000000
811.666667 242.000000
809.000000 236.333333
806.000000 231.333333
803.000000 226.666667
800.000000 222.666667
797.000000 218.666667
794.000000 215.000000
791.333333 211.333333
788.333333 208.000000
785.333333 205.000000
782.333333 202.333333
779.666667 199.666667
777.333333 197.333333
774.666667 195.000000
772.333333 193.000000
769.666667 191.000000
767.000000 189.000000
764.000000 186.666667
761.000000 184.333333
757.666667 182.000000
754.000000 179.666667
750.000000 177.333333
746.000000 175.000000
742.000000 173.000000
738.000000 171.000000
734.000000 169.000000
730.000000 167.333333
726.333333 166.000000
723.000000 164.666667
720.000000 163.333333
716.333333 162.000000
712.666667 161.000000
709.000000 160.000000
706.000000 159.000000
702.666667 157.666667
699.333333 156.333333
694.333333 155.000000
688.333333 154.000000
678.333333 153.666667
668.666667 154.000000
660.000000 155.000000
654.666667 156.000000
650.666667 157.000000
646.666667 158.000000
643.000000 159.000000
639.333333 160.000000
636.000000 161.333333
633.000000 163.000000
629.666667 164.666667
626.333333 166.333333
622.666667 168.000000
619.000000 170.333333
615.000000 172.666667
611.000000 175.333333
607.000000 178.000000
603.000000 181.000000
599.000000 184.000000
595.333333 187.000000
592.000000 189.666667
589.333333 192.000000
586.666667 194.333333
584.333333 197.000000
582.000000 199.666667
579.666667 202.666667
577.333333 206.000000
575.000000 210.000000
573.000000 214.333333
571.000000 219.000000
569.333333 224.000000
567.666667 229.000000
566.333333 234.000000
565.000000 239.000000
564.000000 244.333333
563.000000 250.000000
562.000000 255.666667
561.333333 261.666667
561.000000 267.333333
561.000000 273.333333
561.333333 279.000000
561.666667 285.000000
562.333333 291.000000
563.000000 297.333333
564.000000 304.000000
565.000000 310.666667
566.000000 317.333333
567.000000 324.000000
568.000000 330.666667
569.000000 337.333333
570.000000 344.000000
571.000000 350.666667
572.000000 357.000000
573.000000 363.333333
574.000000 369.333333
575.333333 375.000000
576.666667 380.000000
578.333333 385.333333
580.333333 391.000000
582.666667 397.000000
585.333333 403.333333
588.000000 409.666667
591.000000 416.000000
594.000000 421.666667
597.333333 427.666667
601.000000 433.333333
604.666667 439.333333
608.333333 445.333333
612.000000 452.333333
616.000000 459.333333
620.333333 466.666667
624.666667 473.666667
629.666667 481.333333
634.666667 489.333333
640.333333 497.666667
646.000000 506.000000
652.000000 514.000000
657.666667 522.000000
663.000000 530.000000
668.333333 538.000000
674.000000 545.666667
680.000000 553.333333
686.000000 560.666667
692.333333 567.666667
699.000000 574.333333
705.666667 580.666667
712.000000 587.000000
717.666667 593.000000
723.333333 598.666667
729.000000 604.666667
734.666667 610.333333
740.333333 616.333333
745.666667 622.000000
751.000000 628.333333
756.000000 635.000000
760.666667 642.333333
765.333333 649.666667
769.666667 657.333333
774.000000 664.666667
778.333333 672.000000
782.666667 679.333333
787.333333 686.666667
791.666667 694.333333
796.000000 701.666667
800.000000 709.000000
803.666667 715.666667
807.333333 722.000000
811.000000 728.333333
815.000000 735.000000
819.333333 742.000000
823.666667 749.333333
828.000000 756.000000
832.000000 762.333333
835.666667 767.666667
839.333333 772.666667
842.666667 776.666667
845.666667 779.666667
848.333333 782.333333
850.666667 784.333333
853.000000 786.000000
854.666667 787.000000
856.000000 788.000000
857.000000 789.000000
