731.000000 355.000000
730.000000 353.000000
729.000000 351.333333
728.000000 349.333333
727.000000 347.333333
726.000000 345.000000
725.000000 343.333333
724.333333 341.666667
723.666667 339.666667
723.000000 337.000000
722.333333 334.000000
721.666667 330.666667
721.000000 327.000000
720.333333 323.000000
719.666667 318.666667
719.000000 314.333333
718.000000 310.000000
717.000000 306.000000
716.000000 302.000000
714.666667 298.000000
713.000000 294.000000
710.666667 289.666667
708.000000 285.000000
705.000000 279.666667
702.000000 274.333333
698.666667 269.000000
695.000000 264.000000
691.333333 259.333333
687.666667 254.666667
684.333333 250.333333
680.666667 246.000000
677.000000 241.666667
673.000000 237.000000
668.666667 232.000000
664.000000 227.000000
658.666667 221.666667
653.000000 216.000000
647.000000 210.333333
641.333333 205.333333
636.000000 201.000000
631.333333 197.333333
627.000000 194.000000
623.000000 191.000000
618.666667 188.000000
614.000000 185.333333
609.000000 182.666667
604.000000 180.000000
598.666667 177.333333
593.333333 174.666667
588.000000 172.333333
583.000000 169.666667
577.666667 167.333333
572.333333 165.000000
566.333333 163.000000
560.333333 161.333333
554.333333 160.000000
548.666667 159.000000
543.333333 158.000000
536.333333 157.000000
517.000000 156.666667
497.666667 157.000000
480.000000 158.000000
475.000000 159.000000
469.666667 160.333333
464.333333 162.000000
458.666667 163.666667
453.333333 165.333333
448.333333 167.000000
443.666667 169.333333
439.333333 172.000000
434.666667 175.333333
430.000000 179.000000
425.000000 183.666667
420.000000 189.666667
415.333333 196.666667
411.000000 204.333333
407.000000 212.000000
403.000000 220.333333
399.333333 228.666667
396.000000 237.333333
393.333333 245.666667
391.000000 254.000000
389.000000 262.000000
387.000000 269.333333
385.333333 276.333333
384.000000 282.333333
383.333333 287.666667
383.000000 292.000000
383.000000 296.000000
383.000000 299.666667
383.000000 303.000000
383.000000 305.666667
383.000000 308.333333
383.333333 311.000000
384.000000 314.000000
385.000000 317.333333
386.333333 321.000000
388.666667 325.333333
392.333333 331.000000
397.000000 338.333333
402.666667 347.666667
408.666667 358.000000
415.000000 369.000000
421.333333 380.333333
427.666667 391.666667
434.333333 403.000000
441.000000 413.666667
448.000000 424.000000
455.000000 434.000000
461.666667 443.333333
468.000000 452.000000
474.000000 460.000000
480.333333 467.333333
487.000000 474.666667
494.333333 481.666667
502.000000 489.333333
509.666667 497.000000
516.666667 505.000000
523.333333 512.666667
530.000000 519.666667
536.666667 526.000000
543.000000 532.000000
548.666667 537.666667
554.333333 543.000000
559.333333 548.000000
564.333333 553.000000
569.000000 558.333333
573.666667 563.666667
578.000000 569.000000
582.666667 574.333333
588.000000 580.000000
594.000000 586.000000
600.000000 592.666667
605.666667 599.333333
611.333333 606.333333
617.000000 612.666667
623.000000 619.333333
629.000000 626.333333
635.000000 633.666667
641.333333 641.333333
647.666667 649.000000
653.666667 656.666667
659.333333 664.000000
664.666667 670.666667
670.000000 677.000000
675.000000 682.666667
680.000000 688.333333
685.000000 693.666667
690.000000 698.666667
695.000000 703.333333
699.666667 707.666667
703.666667 712.000000
707.333333 716.000000
710.666667 720.000000
713.666667 723.666667
716.333333 726.666667
718.333333 729.000000
720.000000 731.000000
721.000000 732.666667
722.000000 734.000000
723.000000 735.000000
724.000000 736.000000
