815.333333 504.666667
768.000000 502.666667
768.000000 500.333333
768.000000 498.000000
768.000000 495.666667
768.333333 493.000000
768.666667 490.000000
769.333333 487.000000
769.666667 483.666667
770.333333 480.000000
770.666667 476.000000
771.333333 471.666667
772.000000 467.000000
772.666667 462.000000
773.333333 457.000000
774.000000 452.000000
775.000000 446.666667
776.333333 441.000000
778.000000 435.000000
780.333333 428.666667
782.666667 422.000000
785.333333 415.333333
788.333333 409.000000
791.666667 403.000000
795.333333 397.000000
798.666667 390.666667
802.000000 384.333333
805.000000 378.000000
807.666667 372.000000
810.000000 366.000000
812.333333 360.333333
814.666667 355.000000
817.333333 350.000000
820.000000 345.000000
823.333333 340.000000
827.000000 335.000000
831.333333 329.666667
836.333333 324.333333
841.666667 319.000000
847.000000 314.000000
851.666667 309.333333
856.000000 305.000000
860.000000 301.000000
864.000000 297.000000
868.666667 292.666667
874.333333 288.000000
880.666667 283.333333
887.000000 279.000000
893.000000 274.666667
898.666667 270.333333
904.000000 266.333333
909.333333 262.666667
915.666667 259.000000
923.333333 255.000000
931.333333 251.666667
938.666667 248.666667
945.333333 246.333333
951.666667 244.000000
958.666667 242.000000
966.333333 240.000000
974.666667 238.000000
983.000000 236.000000
990.333333 234.000000
997.000000 232.000000
1003.333333 230.000000
1010.666667 227.666667
1019.000000 225.333333
1027.333333 223.333333
1035.000000 221.666667
1041.666667 220.333333
1048.000000 219.000000
1054.333333 218.000000
1061.333333 217.000000
1068.666667 216.000000
1080.000000 215.666667
1092.333333 216.000000
1104.333333 217.333333
1112.000000 219.000000
1118.333333 221.000000
1125.000000 223.000000
1131.333333 225.000000
1137.000000 227.333333
1141.666667 229.666667
1146.000000 232.000000
1149.666667 234.333333
1153.333333 237.000000
1157.000000 240.000000
1161.000000 243.000000
1165.000000 246.333333
1169.000000 249.666667
1173.000000 253.666667
1177.000000 257.666667
1181.000000 262.333333
1184.666667 267.000000
1187.666667 272.000000
1190.000000 277.000000
1192.000000 282.000000
1193.666667 287.000000
1195.000000 292.333333
1196.333333 298.333333
1197.333333 305.000000
1198.333333 311.666667
1198.666667 318.333333
1199.000000 324.333333
1199.333333 330.666667
1199.333333 336.666667
1199.333333 343.666667
1199.000000 350.666667
1199.000000 358.333333
1198.666667 365.666667
1198.000000 373.000000
1197.000000 380.000000
1196.333333 387.333333
1195.333333 395.000000
1194.333333 403.000000
1192.666667 411.000000
1191.333333 419.000000
1189.333333 426.666667
1187.000000 434.333333
1183.666667 442.333333
1180.000000 451.000000
1176.333333 459.666667
1172.666667 467.333333
1169.000000 474.666667
1165.333333 481.666667
1162.000000 489.333333
1159.000000 497.000000
1156.000000 505.000000
1153.000000 512.666667
1150.000000 520.000000
1147.000000 527.000000
1144.000000 534.333333
1140.333333 542.333333
1135.666667 550.333333
1130.666667 558.000000
1125.666667 565.000000
1121.333333 571.666667
1117.000000 578.000000
1113.000000 584.333333
1109.000000 590.666667
1105.000000 597.333333
1101.000000 604.000000
1096.333333 610.666667
1091.000000 617.000000
1085.000000 622.666667
1079.333333 628.000000
1074.000000 633.333333
1069.000000 639.000000
1064.000000 645.000000
1059.000000 651.000000
1054.000000 657.000000
1048.666667 663.000000
1042.666667 668.666667
1036.333333 674.333333
1029.666667 679.666667
1023.333333 685.666667
1017.000000 692.000000
1010.666667 699.000000
1003.666667 706.333333
996.000000 713.333333
988.333333 719.666667
981.000000 725.333333
974.333333 730.666667
968.000000 736.333333
962.000000 742.000000
955.000000 748.000000
947.666667 754.000000
940.333333 759.666667
933.666667 765.000000
927.333333 769.666667
921.000000 774.000000
915.000000 778.333333
908.333333 783.333333
901.000000 788.666667
893.333333 793.666667
886.333333 798.333333
880.333333 802.666667
874.666667 807.000000
869.333333 811.000000
864.000000 814.333333
858.666667 817.333333
853.333333 819.666667
848.333333 821.666667
844.333333 823.000000
841.333333 824.000000
838.666667 825.000000
836.000000 825.333333
