808.666667 314.666667
808.333333 312.000000
807.666667 309.000000
807.333333 306.000000
807.000000 303.000000
807.333333 300.000000
807.666667 297.000000
808.000000 293.666667
808.333333 290.333333
808.666667 287.000000
809.000000 283.666667
809.333333 280.000000
809.666667 276.000000
810.333333 271.666667
811.000000 267.333333
812.000000 262.666667
813.333333 258.000000
814.666667 253.333333
816.333333 249.000000
818.000000 244.666667
820.333333 239.666667
822.666667 234.666667
825.666667 229.666667
829.000000 224.666667
833.000000 219.333333
837.000000 214.000000
841.333333 209.000000
846.000000 204.000000
850.333333 199.333333
854.333333 195.000000
858.333333 190.666667
862.333333 186.000000
866.333333 181.333333
870.000000 177.000000
874.000000 173.000000
878.333333 169.000000
883.000000 165.333333
887.666667 162.000000
892.000000 159.000000
896.333333 156.000000
900.666667 153.666667
905.000000 151.666667
909.333333 150.333333
914.333333 148.666667
920.000000 147.000000
926.000000 145.000000
932.000000 143.000000
937.666667 141.000000
945.666667 139.333333
955.000000 137.666667
965.000000 136.000000
972.333333 134.333333
978.000000 133.000000
983.333333 132.000000
988.333333 131.000000
995.666667 130.000000
1004.000000 129.666667
1012.666667 130.000000
1018.666667 131.000000
1023.333333 132.333333
1027.666667 134.000000
1032.000000 135.666667
1036.000000 137.000000
1039.666667 138.000000
1043.000000 139.000000
1046.333333 140.000000
1049.333333 141.000000
1052.000000 142.000000
1054.333333 143.333333
1057.333333 145.000000
1060.666667 147.000000
1064.333333 149.000000
1068.000000 151.000000
1072.333333 153.666667
1077.000000 156.666667
1081.666667 160.333333
1086.000000 164.333333
1090.000000 169.000000
1093.666667 174.000000
1097.000000 178.666667
1100.000000 183.333333
1103.000000 187.666667
1105.666667 192.000000
1108.000000 196.000000
1110.333333 200.333333
1112.666667 205.333333
1115.333333 210.666667
1118.000000 216.000000
1120.666667 221.000000
1123.333333 226.000000
1125.666667 231.000000
1128.000000 236.000000
1130.333333 241.000000
1132.666667 245.666667
1135.000000 250.666667
1137.000000 256.000000
1138.666667 262.000000
1140.333333 268.000000
1141.333333 274.000000
1142.333333 280.333333
1142.666667 286.666667
1143.333333 293.333333
1143.666667 299.666667
1144.000000 306.333333
1143.666667 313.000000
1143.333333 319.666667
1142.666667 326.000000
1141.666667 332.333333
1140.333333 339.000000
1138.333333 346.000000
1136.333333 353.333333
1133.666667 360.666667
1131.000000 367.666667
1127.666667 374.333333
1124.333333 381.000000
1120.666667 388.000000
1117.000000 395.333333
1113.333333 402.666667
1110.000000 410.000000
1107.000000 416.666667
1104.000000 423.000000
1100.666667 429.000000
1097.333333 435.000000
1093.666667 441.333333
1090.000000 448.000000
1086.000000 454.666667
1082.000000 461.333333
1078.000000 467.666667
1073.666667 474.000000
1069.000000 480.333333
1064.333333 487.666667
1059.333333 496.000000
1054.333333 505.000000
1048.333333 513.666667
1042.333333 522.000000
1036.000000 530.000000
1030.000000 538.000000
1024.333333 546.000000
1019.000000 553.666667
1014.333333 560.666667
1010.000000 567.333333
1005.666667 573.666667
1000.666667 580.000000
995.000000 586.666667
989.000000 594.000000
983.000000 601.666667
977.333333 609.000000
971.666667 616.000000
966.000000 623.333333
960.000000 631.000000
954.000000 638.666667
947.666667 646.333333
941.666667 653.333333
935.666667 660.000000
930.333333 666.000000
925.000000 671.666667
920.333333 677.333333
915.666667 683.000000
911.000000 689.000000
906.000000 695.333333
900.666667 701.666667
895.333333 708.000000
889.666667 714.333333
884.000000 720.666667
878.000000 727.666667
872.333333 734.666667
866.666667 742.333333
861.333333 749.333333
855.666667 756.333333
850.333333 762.333333
845.000000 768.333333
840.000000 773.333333
835.666667 777.666667
832.333333 781.000000
830.000000 783.666667
828.000000 785.666667
826.333333 787.000000
825.333333 788.000000
824.666667 789.000000
824.000000 790.000000
823.333333 791.000000
823.000000 791.333333
