852.000000 364.333333
851.333333 362.000000
851.000000 359.333333
851.000000 356.666667
851.000000 353.666667
851.000000 350.333333
850.666667 346.666667
850.333333 343.000000
849.666667 338.666667
849.666667 334.000000
849.666667 329.000000
850.000000 323.666667
850.000000 318.333333
850.000000 313.000000
850.333333 308.333333
850.666667 304.000000
851.333333 300.000000
851.666667 296.333333
852.333333 292.666667
853.333333 289.000000
854.666667 284.666667
856.333333 280.333333
858.000000 275.333333
860.000000 270.000000
862.000000 264.666667
864.000000 260.000000
866.333333 255.333333
869.000000 250.666667
872.666667 245.666667
876.666667 240.333333
881.000000 235.000000
885.333333 229.666667
890.333333 224.666667
895.333333 219.333333
900.333333 214.000000
905.000000 209.000000
910.333333 204.000000
916.000000 199.333333
922.333333 195.000000
928.666667 191.000000
935.000000 187.000000
941.000000 183.000000
947.000000 179.000000
953.333333 175.000000
960.000000 171.000000
967.333333 167.000000
974.666667 163.333333
981.666667 160.000000
988.000000 157.333333
994.333333 155.000000
1000.666667 153.333333
1007.333333 152.000000
1014.000000 151.000000
1023.666667 150.000000
1033.333333 149.666667
1042.666667 150.000000
1049.666667 151.333333
1056.666667 153.000000
1064.666667 155.333333
1072.666667 158.333333
1080.666667 162.333333
1087.666667 166.666667
1094.000000 171.666667
1100.000000 177.000000
1106.333333 183.333333
1113.000000 190.666667
1119.333333 198.666667
1125.666667 207.333333
1131.333333 216.000000
1136.666667 225.000000
1141.000000 234.333333
1144.666667 244.000000
1148.000000 254.333333
1150.666667 264.666667
1152.666667 275.000000
1154.333333 285.000000
1155.666667 295.333333
1156.666667 305.666667
1157.333333 315.666667
1157.666667 325.333333
1157.666667 335.000000
1157.333333 345.000000
1156.666667 355.000000
1156.000000 364.666667
1154.666667 374.333333
1153.000000 384.000000
1151.000000 393.666667
1149.333333 403.333333
1147.333333 412.666667
1145.000000 422.000000
1142.000000 431.000000
1138.666667 440.000000
1135.000000 449.000000
1131.000000 457.666667
1126.666667 466.000000
1122.000000 473.666667
1117.333333 481.000000
1113.000000 488.333333
1109.000000 495.333333
1104.666667 502.333333
1100.000000 508.666667
1095.333333 515.000000
1090.333333 521.000000
1085.000000 527.333333
1079.000000 533.666667
1073.333333 540.333333
1068.000000 547.333333
1063.000000 554.666667
1057.666667 561.666667
1052.333333 568.333333
1046.333333 575.000000
1040.333333 581.666667
1034.000000 588.666667
1028.000000 595.333333
1022.000000 602.000000
1016.333333 608.333333
1010.666667 614.666667
1005.000000 621.000000
999.000000 627.000000
992.666667 633.333333
986.000000 640.000000
979.333333 647.000000
973.333333 654.000000
968.000000 661.000000
962.666667 668.000000
957.000000 675.333333
951.000000 682.666667
945.000000 690.333333
939.000000 697.666667
933.000000 704.666667
927.000000 711.333333
921.000000 717.666667
915.000000 724.333333
908.666667 731.000000
902.000000 738.000000
895.000000 745.000000
888.333333 752.000000
882.000000 758.333333
876.000000 764.333333
870.333333 769.666667
865.000000 774.666667
859.666667 779.000000
854.666667 782.666667
850.000000 786.000000
846.333333 788.666667
843.000000 791.000000
840.666667 792.666667
838.333333 792.666667
