848.666667 381.000000
848.666667 377.666667
848.000000 374.333333
847.000000 371.000000
846.000000 367.666667
845.000000 364.333333
844.333333 361.000000
843.666667 358.000000
843.333333 354.666667
843.333333 351.333333
843.666667 348.333333
844.333333 345.333333
845.333333 342.333333
846.666667 339.000000
848.000000 335.666667
849.333333 332.000000
850.666667 328.000000
852.333333 323.666667
854.000000 319.333333
855.666667 314.666667
857.333333 310.333333
858.666667 306.000000
860.333333 302.000000
861.666667 298.000000
863.333333 294.000000
865.000000 290.000000
867.000000 286.000000
869.000000 281.666667
871.333333 277.333333
873.666667 273.000000
876.333333 269.000000
879.333333 265.000000
883.000000 260.666667
887.000000 256.333333
891.666667 252.000000
896.000000 248.333333
900.333333 245.000000
903.333333 242.000000
906.333333 239.333333
909.333333 236.333333
912.666667 233.333333
916.333333 229.666667
920.000000 226.000000
924.333333 222.333333
928.666667 219.333333
933.000000 217.000000
937.333333 215.000000
941.666667 213.000000
945.666667 211.000000
949.333333 209.333333
953.000000 207.666667
956.666667 206.000000
960.666667 204.333333
964.666667 202.666667
969.333333 201.000000
974.333333 199.000000
979.666667 197.333333
985.000000 196.000000
990.000000 195.000000
994.666667 194.000000
1000.333333 193.000000
1007.333333 192.000000
1019.666667 191.000000
1035.000000 190.666667
1051.666667 191.000000
1063.333333 192.000000
1073.000000 193.000000
1080.000000 194.000000
1088.000000 195.000000
1093.666667 196.000000
1099.000000 197.333333
1103.000000 198.666667
1107.333333 200.333333
1111.666667 202.000000
1116.333333 204.000000
1120.666667 206.000000
1125.000000 208.000000
1129.000000 210.333333
1132.666667 213.000000
1136.000000 215.666667
1139.000000 218.333333
1142.000000 220.666667
1144.666667 223.333333
1147.333333 226.000000
1149.666667 229.000000
1152.000000 232.000000
1154.000000 234.666667
1157.333333 239.000000
1161.000000 243.666667
1165.000000 249.000000
1168.333333 253.333333
1171.666667 258.333333
1175.333333 263.666667
1178.666667 269.333333
1182.333333 274.666667
1185.666667 280.000000
1188.666667 284.666667
1191.000000 289.333333
1193.000000 293.666667
1195.000000 298.333333
1197.000000 302.666667
1198.666667 307.333333
1200.000000 312.000000
1201.000000 316.666667
1202.000000 321.333333
1202.666667 325.666667
1203.333333 330.000000
1203.666667 334.000000
1204.000000 337.666667
1204.000000 341.333333
1204.000000 345.000000
1204.000000 349.000000
1203.666667 353.000000
1203.333333 357.333333
1202.666667 361.666667
1202.000000 366.333333
1201.000000 370.666667
1200.000000 375.333333
1199.000000 379.666667
1197.333333 386.000000
1195.333333 392.333333
1192.666667 399.333333
1190.000000 405.000000
1187.000000 411.000000
1184.000000 417.000000
1181.000000 423.000000
1178.000000 428.666667
1174.666667 434.333333
1171.333333 440.000000
1167.666667 446.000000
1164.000000 452.333333
1160.333333 458.666667
1157.000000 465.000000
1153.666667 470.666667
1150.000000 476.333333
1145.666667 482.333333
1141.000000 488.666667
1136.000000 495.333333
1130.666667 502.333333
1125.333333 509.666667
1120.000000 517.333333
1115.333333 525.000000
1111.000000 533.333333
1107.000000 541.666667
1103.000000 550.333333
1098.666667 559.000000
1094.333333 568.000000
1089.333333 577.000000
1084.000000 586.000000
1078.000000 595.333333
1072.000000 604.666667
1066.333333 613.666667
1060.666667 622.333333
1055.333333 631.000000
1049.666667 640.000000
1044.333333 648.666667
1039.000000 657.000000
1034.333333 664.333333
1029.666667 671.333333
1025.333333 677.666667
1021.000000 684.000000
1017.000000 690.000000
1013.000000 696.000000
1008.666667 701.666667
1004.333333 707.333333
999.666667 712.666667
994.666667 718.000000
989.333333 723.333333
983.666667 728.666667
978.333333 734.333333
973.000000 740.000000
968.000000 745.666667
963.333333 751.333333
958.666667 756.333333
954.000000 761.333333
949.000000 766.000000
944.000000 770.666667
938.666667 775.000000
933.333333 779.000000
928.000000 783.000000
923.000000 787.000000
917.666667 791.333333
911.666667 796.000000
905.333333 801.333333
898.333333 806.666667
891.333333 812.000000
884.333333 816.666667
878.000000 820.666667
873.000000 824.000000
869.000000 826.666667
866.333333 828.666667
864.333333 830.000000
863.000000 831.000000
862.000000 832.000000
861.333333 832.000000
