703.000000 355.000000
703.666667 353.000000
704.333333 351.333333
704.666667 349.666667
705.333333 348.000000
705.666667 346.333333
706.000000 344.666667
706.333333 343.000000
706.666667 341.000000
707.000000 339.000000
707.000000 337.000000
707.000000 334.666667
706.666667 332.000000
706.000000 329.000000
705.000000 325.666667
704.000000 322.000000
702.666667 317.666667
701.000000 313.000000
699.000000 308.000000
697.000000 303.000000
694.666667 298.333333
692.333333 293.666667
690.000000 289.000000
688.000000 284.000000
686.000000 279.333333
684.333333 275.000000
682.666667 270.666667
681.000000 266.333333
679.000000 262.000000
677.000000 257.666667
675.000000 253.333333
673.000000 249.000000
670.666667 244.666667
668.000000 240.333333
665.000000 235.666667
662.000000 231.333333
659.000000 226.666667
656.000000 222.333333
653.000000 218.000000
649.666667 214.000000
646.333333 210.000000
642.666667 206.000000
639.333333 202.333333
635.666667 198.666667
632.000000 195.333333
627.666667 191.333333
623.000000 187.333333
618.000000 183.000000
612.666667 179.333333
607.000000 176.000000
601.333333 172.666667
595.666667 169.666667
590.666667 167.000000
585.666667 165.333333
581.333333 163.666667
577.000000 162.333333
572.666667 160.666667
568.000000 159.333333
563.000000 158.000000
558.000000 156.666667
553.000000 155.333333
546.333333 154.000000
538.333333 153.000000
529.000000 152.666667
518.666667 153.000000
509.000000 154.000000
501.333333 155.000000
497.000000 156.000000
494.000000 157.333333
491.333333 158.666667
489.000000 160.333333
487.000000 162.333333
485.000000 165.000000
483.000000 168.000000
481.000000 171.333333
479.333333 174.666667
478.000000 178.333333
477.333333 182.333333
476.666667 186.666667
476.000000 191.333333
475.000000 195.666667
474.000000 200.000000
472.666667 204.000000
471.333333 208.333333
469.333333 212.666667
467.333333 217.000000
465.000000 221.333333
462.666667 225.666667
460.000000 230.000000
457.000000 234.000000
454.000000 238.000000
451.000000 242.000000
448.333333 246.000000
445.666667 250.000000
443.000000 254.000000
440.333333 258.333333
438.000000 263.000000
436.333333 267.666667
435.000000 272.000000
434.000000 276.333333
433.000000 281.000000
432.000000 285.666667
431.333333 290.333333
430.666667 294.666667
430.333333 299.333333
429.666667 304.000000
429.000000 309.000000
428.000000 314.333333
427.333333 319.333333
426.666667 324.333333
426.333333 329.000000
425.666667 334.000000
425.333333 339.000000
424.666667 343.666667
424.333333 348.000000
424.000000 352.000000
423.666667 356.000000
423.333333 360.000000
423.000000 364.000000
423.000000 367.666667
423.333333 371.000000
423.666667 374.000000
424.333333 377.000000
424.666667 380.333333
425.333333 383.333333
426.000000 386.333333
427.000000 389.333333
428.000000 393.000000
429.000000 396.666667
430.333333 400.333333
431.666667 404.000000
433.000000 408.000000
434.333333 412.000000
436.000000 416.000000
438.000000 420.000000
440.000000 424.000000
442.333333 428.333333
445.000000 433.000000
448.333333 437.666667
451.666667 442.333333
455.333333 447.000000
459.000000 451.666667
462.666667 456.333333
466.000000 460.666667
469.000000 464.666667
471.666667 468.333333
474.333333 472.000000
476.666667 475.666667
479.333333 479.000000
481.666667 482.000000
484.333333 485.333333
487.000000 488.666667
489.666667 492.333333
492.666667 496.000000
495.666667 500.000000
499.333333 504.333333
502.666667 508.333333
506.000000 512.000000
509.000000 515.000000
512.000000 518.000000
515.000000 521.000000
517.666667 523.666667
520.333333 526.333333
522.666667 528.666667
525.000000 531.333333
527.333333 533.666667
530.000000 536.666667
533.000000 539.666667
536.000000 543.333333
539.333333 547.000000
543.000000 551.000000
547.000000 555.000000
551.000000 559.000000
555.333333 563.000000
559.666667 567.000000
564.000000 571.000000
568.000000 575.333333
572.333333 580.000000
576.666667 584.666667
581.333333 589.666667
586.333333 595.000000
591.666667 601.000000
597.333333 607.333333
603.000000 614.000000
608.666667 621.000000
614.000000 628.333333
619.000000 636.333333
624.000000 644.666667
629.000000 653.000000
634.000000 660.333333
639.000000 667.000000
644.000000 673.333333
649.000000 679.333333
654.000000 685.333333
658.333333 691.000000
662.666667 697.000000
666.333333 702.666667
670.333333 708.000000
673.666667 713.000000
677.000000 718.000000
680.000000 723.000000
683.000000 727.666667
686.000000 732.000000
689.333333 736.000000
692.666667 740.000000
696.000000 744.333333
699.000000 748.666667
702.000000 753.000000
705.000000 757.000000
707.666667 760.666667
710.000000 764.000000
711.666667 766.333333
713.000000 768.333333
714.000000 769.666667
715.000000 771.000000
716.000000 772.000000
716.666667 773.000000
717.333333 774.000000
717.666667 775.000000
718.000000 776.000000
718.333333 777.000000
