794.000000 361.333333
884.000000 359.333333
884.000000 356.666667
884.000000 354.000000
884.000000 351.000000
883.666667 347.666667
883.333333 344.000000
883.000000 340.000000
883.000000 336.000000
882.666667 332.333333
882.333333 328.666667
882.666667 325.000000
883.666667 321.333333
885.000000 317.666667
886.000000 314.333333
886.666667 310.666667
887.333333 307.000000
887.666667 303.333333
888.000000 299.666667
887.666667 296.000000
887.000000 291.666667
886.000000 287.333333
885.000000 282.666667
883.666667 277.666667
882.333333 272.333333
880.666667 267.000000
878.666667 261.666667
876.333333 256.333333
873.666667 250.666667
871.333333 245.000000
868.666667 239.000000
866.000000 233.000000
863.000000 227.000000
860.000000 221.333333
857.000000 216.000000
854.000000 211.000000
851.000000 206.000000
847.666667 201.333333
843.666667 197.000000
839.333333 192.666667
834.666667 188.333333
830.333333 184.000000
825.666667 179.333333
821.000000 174.666667
816.000000 169.666667
811.000000 165.333333
806.000000 161.000000
801.333333 157.000000
797.000000 153.333333
792.666667 150.000000
788.333333 147.333333
784.000000 145.000000
780.333333 142.666667
776.666667 140.333333
773.000000 138.000000
769.000000 136.000000
765.000000 134.000000
761.000000 132.000000
756.666667 130.333333
752.333333 129.000000
747.666667 128.000000
743.333333 127.000000
739.000000 126.000000
735.000000 125.000000
730.333333 124.000000
725.000000 123.000000
710.000000 122.666667
695.666667 123.000000
681.666667 124.333333
677.333333 125.666667
672.666667 127.333333
668.000000 128.666667
663.000000 130.333333
658.000000 132.000000
653.000000 133.666667
648.000000 135.333333
643.333333 137.000000
639.000000 139.000000
635.000000 141.000000
631.000000 142.666667
627.333333 144.666667
624.000000 146.666667
620.666667 149.000000
617.333333 151.333333
613.666667 154.333333
610.333333 158.000000
606.666667 162.333333
603.000000 167.000000
599.333333 172.000000
596.000000 177.000000
593.333333 181.666667
590.666667 186.333333
588.666667 191.000000
587.000000 195.666667
586.000000 200.333333
585.333333 205.000000
585.000000 210.000000
585.333333 215.000000
585.666667 220.000000
586.333333 225.000000
586.666667 230.000000
587.000000 235.000000
587.333333 240.000000
587.666667 244.666667
588.333333 249.333333
589.000000 254.000000
589.666667 259.000000
590.666667 263.666667
591.666667 268.333333
593.333333 272.666667
594.666667 277.333333
596.333333 281.666667
598.333333 286.000000
600.666667 290.000000
603.000000 294.000000
605.000000 298.000000
607.000000 302.333333
609.000000 306.666667
610.666667 311.000000
612.333333 314.666667
614.000000 318.333333
616.000000 322.000000
618.333333 326.333333
620.666667 330.666667
623.000000 335.333333
625.000000 339.666667
627.000000 344.000000
629.000000 347.666667
631.000000 351.333333
632.666667 354.666667
634.333333 358.333333
636.000000 361.666667
638.333333 365.333333
640.666667 368.666667
643.333333 372.333333
646.000000 376.000000
649.333333 380.000000
652.666667 384.333333
656.666667 389.000000
660.666667 394.333333
664.666667 399.666667
668.666667 405.333333
672.666667 411.000000
677.000000 416.666667
681.000000 422.000000
685.333333 427.000000
690.000000 432.333333
695.333333 438.000000
701.000000 444.000000
706.666667 450.333333
712.000000 457.000000
717.333333 464.000000
723.000000 471.000000
729.000000 478.000000
735.333333 485.000000
741.666667 492.333333
748.000000 500.000000
753.666667 507.666667
759.000000 514.666667
764.333333 521.333333
769.666667 527.666667
775.000000 534.000000
780.666667 540.333333
786.666667 547.000000
793.000000 554.000000
798.666667 560.666667
804.000000 566.666667
809.000000 572.333333
814.000000 577.666667
819.000000 582.666667
823.666667 587.333333
828.000000 592.000000
832.333333 596.666667
836.666667 601.333333
841.333333 606.333333
846.000000 611.666667
850.666667 617.333333
855.000000 623.000000
859.000000 629.000000
863.000000 635.000000
867.000000 641.000000
870.666667 646.666667
874.333333 652.000000
878.000000 657.000000
882.000000 662.000000
886.000000 666.666667
890.000000 671.000000
894.000000 675.000000
898.000000 679.000000
901.666667 683.333333
905.000000 687.666667
908.000000 692.000000
910.666667 695.666667
913.000000 699.333333
915.000000 702.666667
916.666667 706.333333
917.666667 710.000000
918.333333 713.666667
918.666667 717.333333
919.000000 720.666667
919.000000 724.000000
918.666667 727.000000
918.333333 729.666667
918.000000 732.000000
918.000000 734.000000
918.000000 735.666667
918.000000 737.000000
918.000000 737.333333
