671.666667 403.000000
625.333333 402.000000
579.333333 401.000000
579.666667 399.333333
580.000000 397.000000
580.000000 394.000000
580.000000 390.666667
580.000000 387.000000
580.000000 382.666667
580.000000 378.000000
580.333333 373.000000
580.666667 368.000000
581.000000 363.000000
581.000000 358.333333
581.000000 354.000000
581.000000 350.000000
581.000000 346.333333
581.000000 343.000000
581.000000 339.666667
580.666667 336.333333
580.000000 332.666667
579.333333 328.666667
578.666667 324.333333
578.000000 320.000000
577.000000 316.333333
576.000000 312.666667
575.000000 309.000000
573.666667 305.000000
572.000000 301.000000
569.666667 296.666667
567.000000 292.000000
564.000000 287.000000
560.666667 281.666667
557.000000 276.333333
552.666667 271.000000
548.333333 266.000000
544.000000 261.333333
539.666667 256.666667
535.333333 252.333333
531.000000 248.000000
526.333333 243.666667
521.000000 239.000000
515.000000 234.333333
509.000000 230.000000
503.000000 226.333333
497.333333 223.000000
492.000000 220.000000
487.000000 217.000000
482.000000 214.333333
476.666667 212.000000
470.666667 209.666667
464.333333 207.333333
458.000000 205.333333
452.000000 203.666667
446.000000 202.000000
440.000000 200.333333
434.000000 198.666667
427.666667 197.333333
421.000000 196.000000
414.000000 195.000000
407.333333 194.000000
401.000000 193.000000
382.333333 192.000000
359.000000 191.666667
335.333333 192.000000
324.666667 193.000000
319.333333 194.000000
315.000000 195.000000
310.000000 196.333333
305.333333 197.666667
301.333333 199.000000
298.333333 200.333333
295.666667 201.666667
293.000000 203.333333
291.000000 205.666667
289.000000 208.666667
287.000000 212.333333
285.000000 215.666667
283.000000 219.333333
281.333333 223.000000
279.666667 227.000000
278.333333 230.666667
276.666667 234.333333
275.333333 238.333333
273.666667 243.000000
272.333333 248.000000
270.666667 253.666667
269.333333 259.666667
268.333333 266.333333
268.000000 272.666667
268.000000 279.000000
268.000000 285.000000
268.333333 290.666667
268.666667 296.333333
269.333333 301.666667
269.666667 307.000000
270.333333 312.000000
271.000000 316.666667
272.000000 321.333333
273.000000 325.666667
274.000000 330.000000
275.000000 334.000000
276.000000 337.666667
277.000000 341.333333
278.000000 344.333333
279.333333 347.666667
280.666667 350.666667
282.333333 354.333333
284.000000 357.666667
286.000000 361.666667
288.333333 365.666667
290.666667 370.333333
293.333333 375.000000
296.000000 379.666667
299.000000 384.000000
302.333333 388.333333
306.000000 393.000000
310.000000 398.000000
314.000000 403.000000
318.000000 408.000000
321.666667 413.333333
325.000000 418.666667
328.000000 423.666667
331.000000 428.333333
334.000000 433.000000
337.000000 438.000000
340.000000 443.333333
344.666667 451.000000
350.000000 458.666667
355.666667 466.333333
360.000000 471.333333
364.000000 476.000000
368.000000 480.000000
372.000000 484.000000
375.666667 488.000000
379.000000 492.000000
382.000000 496.000000
384.666667 499.666667
387.333333 503.333333
390.333333 507.000000
394.000000 511.000000
398.000000 515.000000
402.000000 518.666667
405.666667 522.000000
409.333333 525.000000
412.666667 528.000000
416.000000 531.000000
419.000000 534.000000
422.000000 537.000000
424.666667 540.333333
427.333333 544.000000
430.000000 548.000000
433.333333 552.333333
437.000000 557.000000
442.000000 562.000000
447.333333 567.000000
453.000000 571.666667
458.000000 575.666667
462.666667 579.000000
467.000000 582.000000
470.666667 585.000000
474.000000 587.666667
477.333333 590.333333
480.666667 593.000000
484.333333 596.000000
488.000000 599.333333
492.666667 603.333333
497.666667 607.666667
503.000000 612.000000
507.666667 615.666667
511.666667 618.666667
515.000000 621.000000
517.666667 623.000000
520.000000 624.666667
522.000000 626.333333
523.666667 627.666667
525.333333 629.000000
526.666667 630.000000
528.333333 631.000000
529.666667 632.000000
531.666667 633.000000
534.666667 634.333333
538.333333 636.000000
543.000000 638.666667
547.666667 642.333333
553.333333 647.000000
558.666667 652.000000
564.333333 657.333333
570.000000 662.666667
576.333333 668.333333
583.666667 674.000000
591.666667 680.000000
600.000000 686.000000
608.000000 692.333333
615.666667 698.666667
623.666667 704.666667
632.000000 710.000000
640.333333 714.666667
647.333333 718.666667
653.000000 722.000000
657.333333 724.333333
660.666667 726.333333
663.000000 727.666667
665.000000 729.000000
666.666667 730.000000
