697.666667 340.000000
677.666667 339.000000
676.666667 337.666667
676.333333 336.333333
676.000000 334.666667
676.000000 333.333333
676.000000 331.333333
676.000000 329.666667
676.000000 327.333333
675.666667 325.666667
675.333333 323.333333
675.000000 321.333333
674.666667 319.000000
674.333333 316.666667
674.000000 314.333333
673.666667 311.666667
673.000000 309.000000
672.000000 306.000000
671.000000 303.000000
670.000000 299.666667
668.666667 296.333333
667.000000 292.666667
665.000000 289.000000
662.666667 285.000000
660.333333 281.333333
657.666667 277.666667
654.666667 273.666667
651.333333 269.333333
647.666667 265.000000
644.000000 261.000000
640.333333 257.000000
636.666667 253.000000
633.000000 249.333333
629.000000 245.333333
624.666667 241.333333
620.000000 237.000000
614.666667 233.000000
609.333333 228.666667
603.666667 224.333333
598.000000 220.000000
592.333333 216.333333
587.000000 212.666667
582.000000 209.333333
577.000000 206.000000
571.666667 203.000000
565.666667 200.000000
559.333333 197.000000
553.000000 194.333333
547.000000 192.000000
541.000000 190.000000
535.000000 187.666667
529.333333 185.666667
523.666667 183.666667
518.000000 182.000000
512.000000 180.000000
506.000000 178.333333
498.666667 177.000000
481.333333 176.666667
463.333333 177.000000
447.333333 178.000000
442.666667 179.333333
439.666667 181.000000
437.000000 184.000000
434.333333 188.000000
432.000000 193.666667
430.000000 200.000000
428.666667 207.333333
427.333333 214.666667
426.333333 222.333333
425.333333 229.333333
424.666667 236.333333
424.000000 242.666667
423.333333 249.333333
422.666667 255.666667
422.333333 261.666667
422.000000 267.000000
422.000000 272.000000
422.000000 277.000000
422.333333 281.666667
422.666667 286.000000
423.000000 290.333333
423.000000 294.666667
423.333333 299.333333
423.666667 303.666667
424.333333 308.333333
424.666667 312.666667
425.333333 317.000000
426.000000 321.000000
427.000000 325.333333
428.000000 330.000000
429.000000 335.000000
430.000000 340.000000
431.333333 345.000000
432.666667 349.666667
434.333333 354.333333
435.666667 359.000000
437.333333 364.000000
439.000000 369.000000
441.333333 374.000000
444.000000 379.000000
447.000000 384.000000
450.000000 389.000000
453.333333 394.333333
456.666667 399.666667
460.333333 405.333333
463.666667 410.333333
466.666667 415.333333
469.333333 420.000000
471.666667 424.666667
474.333333 429.333333
477.000000 434.000000
480.333333 439.000000
484.000000 444.333333
488.333333 450.000000
493.000000 456.000000
498.000000 461.666667
503.333333 467.333333
508.666667 472.666667
513.666667 477.666667
518.000000 482.000000
522.000000 486.000000
526.000000 490.000000
530.000000 494.000000
534.000000 498.000000
538.333333 502.000000
543.000000 506.000000
548.000000 510.333333
553.333333 514.666667
558.666667 519.333333
564.000000 524.000000
569.333333 529.333333
575.000000 534.666667
581.000000 540.333333
587.000000 546.000000
593.000000 552.000000
599.000000 557.666667
605.000000 563.000000
611.000000 568.333333
617.000000 574.000000
623.000000 580.000000
629.333333 586.333333
636.000000 592.666667
643.000000 599.333333
649.666667 605.666667
656.000000 611.666667
662.000000 617.333333
668.000000 623.000000
673.666667 628.666667
679.333333 634.000000
684.666667 639.000000
690.000000 643.666667
694.666667 648.000000
699.000000 651.666667
703.000000 655.000000
706.333333 657.666667
709.333333 660.000000
711.666667 662.000000
714.000000 663.666667
715.666667 665.333333
717.333333 667.000000
718.666667 668.666667
720.333333 670.000000
721.666667 671.000000
723.000000 672.000000
724.000000 673.000000
