713.666667 428.666667
713.333333 425.000000
713.000000 421.000000
712.666667 416.666667
712.000000 412.000000
711.333333 407.000000
710.666667 402.333333
710.333333 398.000000
709.666667 393.666667
708.666667 389.333333
707.333333 384.666667
706.000000 380.000000
704.666667 375.000000
703.333333 370.333333
701.666667 365.666667
700.000000 361.333333
698.000000 356.666667
695.666667 352.333333
693.333333 348.000000
690.666667 343.666667
688.000000 339.333333
685.000000 334.666667
682.333333 329.666667
679.666667 324.333333
677.000000 319.000000
674.000000 314.000000
670.666667 309.000000
667.333333 304.000000
663.333333 299.000000
658.666667 294.000000
653.333333 289.000000
647.666667 284.333333
642.333333 279.666667
637.000000 275.333333
632.000000 270.666667
626.666667 266.333333
620.666667 262.000000
614.333333 258.000000
608.000000 254.000000
602.000000 250.333333
596.333333 246.666667
591.000000 243.333333
586.000000 240.000000
581.000000 237.000000
575.666667 233.666667
570.333333 230.333333
564.666667 227.000000
559.000000 224.000000
553.333333 221.333333
547.666667 219.000000
542.333333 217.333333
537.000000 216.000000
532.000000 215.000000
526.666667 214.000000
519.000000 213.000000
509.000000 212.666667
499.000000 213.000000
491.333333 214.000000
486.000000 215.333333
481.000000 217.000000
476.000000 219.333333
471.000000 222.000000
466.000000 225.000000
461.333333 228.000000
457.000000 231.333333
453.000000 235.000000
449.333333 239.000000
446.000000 243.000000
443.000000 247.333333
440.333333 251.666667
438.000000 256.000000
436.000000 260.333333
434.333333 264.333333
433.000000 268.333333
432.000000 272.000000
431.000000 276.000000
430.000000 280.333333
428.666667 285.000000
427.333333 290.333333
425.666667 295.666667
424.333333 301.666667
422.666667 307.666667
421.333333 313.666667
420.000000 319.333333
419.000000 325.000000
417.666667 330.666667
416.666667 336.333333
415.666667 341.666667
415.333333 347.333333
414.666667 352.333333
414.666667 357.333333
414.666667 361.666667
415.333333 366.333333
416.000000 371.000000
417.000000 375.666667
417.666667 380.333333
418.333333 384.666667
419.000000 389.333333
420.000000 393.666667
421.000000 398.333333
422.000000 402.666667
423.000000 407.000000
424.000000 411.000000
425.000000 415.000000
426.333333 419.000000
428.000000 423.333333
429.666667 427.666667
431.666667 432.666667
433.666667 437.666667
436.666667 443.333333
439.666667 448.666667
443.333333 454.333333
447.000000 460.000000
451.333333 466.000000
456.000000 472.000000
461.333333 478.333333
467.000000 485.333333
473.000000 493.000000
479.000000 501.000000
485.666667 509.000000
492.666667 517.333333
500.000000 525.666667
507.000000 534.333333
514.000000 542.666667
520.666667 551.000000
527.333333 559.000000
534.000000 567.000000
541.000000 575.333333
548.333333 584.000000
555.666667 593.000000
563.333333 602.000000
570.666667 611.000000
578.666667 619.666667
586.666667 628.333333
595.000000 637.000000
602.666667 645.333333
610.000000 653.333333
617.333333 660.666667
624.666667 668.000000
632.000000 675.000000
639.000000 682.000000
646.000000 689.000000
652.666667 696.000000
658.666667 703.000000
664.000000 710.000000
668.666667 716.666667
673.333333 723.000000
677.666667 728.666667
682.333333 734.666667
686.666667 740.333333
691.333333 746.333333
695.333333 752.000000
699.333333 757.666667
703.000000 763.000000
706.666667 768.000000
710.000000 773.000000
713.000000 777.666667
715.666667 782.333333
718.333333 787.000000
720.666667 791.666667
723.000000 795.666667
725.000000 799.000000
727.000000 802.000000
729.000000 804.666667
731.000000 807.000000
733.000000 809.000000
735.000000 811.000000
737.000000 813.000000
739.000000 815.000000
741.333333 817.000000
743.666667 818.666667
745.666667 820.000000
747.000000 821.000000
748.666667 822.000000
750.333333 823.000000
753.000000 824.000000
756.666667 825.000000
