829.333333 364.333333
829.000000 362.666667
829.000000 360.333333
829.000000 358.333333
829.333333 355.666667
829.666667 353.333333
830.333333 351.000000
831.000000 348.666667
832.000000 346.000000
833.000000 343.000000
834.333333 339.666667
835.666667 336.333333
837.000000 332.666667
838.333333 328.666667
839.666667 324.333333
841.000000 320.000000
842.333333 315.666667
843.666667 311.333333
845.333333 307.000000
846.666667 303.000000
848.666667 299.000000
850.666667 295.000000
853.000000 291.000000
855.000000 286.666667
857.000000 282.333333
858.666667 277.666667
860.333333 273.000000
862.000000 268.333333
863.666667 264.333333
865.333333 260.666667
867.000000 257.333333
869.333333 254.000000
872.000000 250.666667
874.666667 247.666667
877.666667 244.333333
881.000000 240.666667
884.666667 236.333333
888.000000 232.000000
891.333333 228.333333
894.333333 225.000000
897.666667 222.000000
901.000000 218.666667
904.666667 215.000000
908.333333 211.333333
912.000000 208.000000
916.333333 204.666667
920.666667 201.666667
925.333333 198.666667
930.000000 196.333333
934.666667 194.000000
939.000000 192.333333
943.000000 190.666667
947.000000 189.000000
951.000000 187.333333
954.666667 185.666667
958.333333 184.333333
962.333333 183.000000
967.000000 181.666667
972.333333 180.000000
977.666667 178.333333
983.333333 177.000000
988.666667 175.666667
994.000000 174.333333
999.000000 172.666667
1003.666667 171.333333
1008.333333 170.000000
1022.000000 169.666667
1036.000000 170.000000
1049.666667 171.000000
1054.666667 172.000000
1060.000000 173.000000
1065.666667 174.333333
1071.666667 176.000000
1077.666667 178.333333
1083.666667 181.000000
1089.000000 183.666667
1094.000000 186.333333
1099.000000 189.000000
1104.333333 192.000000
1110.333333 195.333333
1116.666667 199.000000
1122.666667 203.333333
1128.333333 208.000000
1133.666667 213.333333
1138.666667 218.666667
1143.000000 224.333333
1147.000000 230.000000
1150.666667 236.000000
1154.000000 242.000000
1157.000000 248.000000
1160.000000 254.333333
1162.666667 261.000000
1165.000000 267.666667
1167.000000 273.666667
1169.000000 279.333333
1170.666667 285.000000
1172.333333 291.333333
1173.666667 298.000000
1175.333333 305.333333
1176.666667 312.333333
1178.000000 319.333333
1179.000000 325.666667
1179.666667 332.333333
1180.333333 338.666667
1180.666667 345.333333
1181.000000 352.000000
1181.000000 359.000000
1180.666667 365.666667
1180.000000 372.333333
1178.666667 379.000000
1177.000000 386.333333
1175.000000 394.333333
1173.000000 402.666667
1170.666667 411.000000
1168.000000 419.000000
1165.000000 427.333333
1162.000000 435.666667
1159.333333 444.333333
1156.666667 452.666667
1154.000000 461.000000
1150.666667 469.000000
1146.666667 477.000000
1142.000000 485.333333
1136.666667 493.666667
1131.000000 502.333333
1125.000000 510.333333
1119.000000 518.333333
1112.666667 526.000000
1105.666667 534.333333
1097.666667 543.000000
1089.333333 552.000000
1081.000000 560.666667
1072.666667 569.000000
1064.000000 577.333333
1054.666667 586.333333
1045.000000 595.666667
1035.333333 605.000000
1025.666667 614.000000
1015.333333 623.333333
1003.666667 633.000000
991.666667 643.333333
979.666667 653.666667
967.333333 664.333333
954.333333 674.666667
941.000000 685.333333
928.000000 695.666667
915.000000 706.000000
902.333333 715.666667
890.666667 724.666667
880.666667 732.666667
872.666667 739.666667
866.333333 746.000000
861.333333 752.000000
857.333333 757.666667
854.000000 762.666667
851.666667 767.000000
850.000000 770.333333
849.000000 773.000000
848.000000 775.000000
846.333333 777.000000
844.000000 778.666667
841.666667 780.000000
839.333333 781.000000
837.333333 781.333333
