0.000000 355.000000
0.000000 352.000000
271.333333 349.333333
542.666667 346.666667
814.000000 344.000000
814.333333 341.000000
814.666667 337.666667
815.333333 334.333333
816.000000 330.666667
817.000000 327.000000
818.333333 322.666667
819.666667 318.333333
821.333333 313.666667
823.000000 309.333333
825.000000 304.666667
827.333333 300.000000
830.333333 294.333333
833.666667 288.333333
837.333333 281.666667
841.000000 275.333333
844.666667 269.000000
848.333333 263.000000
851.666667 257.333333
856.666667 250.000000
861.666667 242.333333
867.000000 234.666667
871.000000 228.666667
875.666667 222.666667
880.666667 216.333333
885.666667 210.333333
890.333333 205.333333
894.666667 200.666667
899.000000 196.666667
903.333333 192.333333
907.333333 188.333333
911.666667 184.333333
915.666667 181.000000
920.333333 178.000000
924.666667 175.000000
929.666667 172.000000
934.333333 169.000000
939.333333 166.000000
943.666667 163.000000
947.666667 160.333333
951.333333 157.666667
955.000000 155.333333
959.000000 152.666667
963.333333 149.666667
968.000000 146.666667
973.333333 144.000000
979.000000 142.000000
992.000000 141.000000
1007.000000 141.000000
1022.333333 142.000000
1030.666667 143.000000
1036.666667 144.000000
1042.000000 145.000000
1047.000000 146.000000
1052.000000 147.333333
1057.000000 148.666667
1062.333333 150.333333
1067.666667 152.000000
1073.000000 154.000000
1078.000000 156.333333
1083.000000 158.666667
1087.666667 161.333333
1092.000000 164.000000
1095.666667 167.333333
1099.333333 171.333333
1102.666667 175.666667
1106.333333 180.333333
1109.333333 184.666667
1112.333333 189.333333
1115.000000 194.000000
1118.000000 198.666667
1121.000000 203.333333
1124.000000 208.333333
1127.000000 214.000000
1129.666667 219.666667
1132.000000 225.000000
1134.000000 230.000000
1135.666667 235.000000
1137.333333 240.333333
1138.666667 245.666667
1140.000000 251.333333
1140.666667 257.000000
1141.333333 263.000000
1141.666667 269.000000
1142.000000 274.666667
1142.000000 280.333333
1141.666667 286.000000
1140.666667 292.333333
1139.333333 299.000000
1137.666667 306.000000
1135.666667 313.000000
1133.333333 320.000000
1130.666667 326.666667
1128.000000 333.333333
1125.000000 339.666667
1122.000000 346.000000
1119.000000 352.000000
1116.000000 357.666667
1113.000000 363.333333
1110.333333 368.666667
1107.666667 374.333333
1104.000000 381.666667
1100.000000 389.333333
1095.666667 397.333333
1092.333333 403.333333
1088.666667 409.333333
1085.333333 415.000000
1081.666667 420.666667
1078.333333 425.666667
1074.666667 430.333333
1071.333333 435.000000
1068.000000 440.000000
1064.666667 445.000000
1061.333333 450.333333
1058.000000 456.000000
1055.333333 461.666667
1052.666667 467.000000
1050.333333 471.666667
1047.666667 476.333333
1045.000000 480.666667
1042.000000 485.333333
1039.000000 489.666667
1035.666667 494.000000
1032.333333 498.000000
1029.000000 502.333333
1026.000000 506.666667
1022.666667 511.000000
1019.333333 515.000000
1016.333333 519.000000
1013.666667 523.000000
1010.000000 528.666667
1006.000000 534.666667
1001.666667 541.000000
998.333333 546.000000
994.666667 551.000000
991.000000 556.333333
987.000000 561.666667
983.000000 567.000000
979.000000 572.333333
975.000000 577.666667
971.000000 583.333333
967.000000 589.333333
963.333333 596.000000
959.666667 603.000000
956.333333 610.000000
952.666667 616.666667
949.000000 623.333333
945.000000 630.333333
941.000000 638.000000
937.000000 645.666667
933.000000 652.666667
929.000000 659.000000
925.333333 665.333333
922.000000 671.333333
918.666667 677.333333
915.333333 683.333333
911.666667 689.666667
908.000000 696.000000
904.000000 702.000000
899.666667 708.000000
895.000000 713.666667
890.000000 719.000000
885.000000 724.000000
880.333333 728.666667
876.333333 732.666667
873.000000 736.000000
870.000000 739.000000
867.666667 742.000000
865.666667 745.333333
864.000000 748.666667
862.333333 752.000000
861.000000 755.000000
860.333333 757.333333
860.000000 759.333333
859.666667 760.666667
859.333333 762.000000
859.000000 763.000000
858.666667 763.000000
