704.666667 363.666667
705.333333 362.000000
705.666667 360.000000
706.333333 357.666667
706.666667 355.000000
706.666667 352.000000
706.333333 348.666667
705.666667 345.000000
705.000000 340.333333
703.333333 335.000000
701.333333 329.000000
698.666667 323.000000
696.000000 317.000000
693.000000 311.000000
690.000000 305.000000
687.333333 299.000000
684.666667 293.000000
682.000000 286.666667
679.000000 280.000000
675.666667 272.666667
672.000000 265.666667
668.333333 258.666667
664.333333 252.333333
659.666667 245.666667
654.000000 239.000000
648.000000 232.333333
642.333333 225.666667
637.000000 219.666667
632.333333 214.000000
627.666667 209.000000
623.333333 204.333333
618.000000 199.666667
612.666667 195.666667
606.333333 191.666667
600.333333 188.000000
594.333333 184.666667
589.000000 181.666667
584.000000 179.333333
579.000000 176.666667
574.000000 174.333333
569.000000 172.000000
563.333333 170.000000
557.333333 168.333333
551.333333 167.000000
546.000000 165.666667
539.333333 164.333333
533.000000 163.000000
524.333333 162.000000
509.666667 161.666667
493.333333 162.000000
479.666667 163.000000
473.000000 164.000000
467.000000 165.000000
460.666667 166.333333
455.000000 168.333333
450.000000 171.000000
445.333333 174.000000
441.000000 177.000000
437.333333 180.333333
434.000000 184.000000
431.000000 188.000000
428.000000 192.000000
425.000000 196.333333
422.333333 200.666667
420.000000 205.666667
417.666667 210.666667
415.333333 216.000000
412.666667 221.000000
410.000000 226.000000
407.333333 231.333333
405.000000 236.666667
403.333333 242.666667
402.000000 248.666667
401.333333 255.000000
401.000000 261.333333
401.666667 268.000000
402.666667 274.666667
404.000000 281.333333
405.000000 288.000000
406.000000 295.000000
407.000000 302.000000
408.333333 309.000000
410.000000 316.000000
412.000000 322.333333
414.000000 328.333333
415.666667 334.333333
417.333333 341.000000
419.000000 348.333333
420.666667 356.333333
422.333333 364.000000
423.666667 371.000000
425.333333 377.000000
427.000000 383.000000
429.000000 389.000000
431.000000 395.000000
433.333333 401.333333
435.666667 408.000000
438.333333 415.000000
441.000000 421.666667
444.000000 428.000000
447.666667 434.000000
451.666667 440.333333
456.000000 447.000000
460.000000 454.333333
463.666667 461.666667
467.000000 468.666667
470.000000 475.000000
473.000000 481.666667
476.000000 489.000000
479.000000 497.000000
481.666667 505.333333
484.000000 513.000000
486.000000 520.333333
488.000000 527.000000
490.333333 534.000000
493.333333 541.000000
496.666667 548.000000
500.000000 555.000000
503.333333 561.333333
506.666667 567.333333
510.333333 572.000000
513.666667 576.333333
517.000000 580.000000
519.666667 583.666667
522.333333 587.000000
524.666667 590.000000
527.333333 593.000000
531.333333 597.666667
536.000000 602.666667
541.666667 608.000000
546.666667 612.000000
552.333333 616.000000
557.666667 620.000000
563.000000 624.000000
568.333333 628.333333
574.333333 633.000000
580.666667 637.666667
587.666667 642.666667
594.666667 648.000000
602.333333 654.000000
609.666667 660.333333
617.666667 667.333333
626.000000 675.000000
635.000000 683.000000
643.666667 691.000000
651.666667 699.000000
659.000000 706.666667
666.000000 713.666667
673.000000 720.000000
680.666667 725.666667
688.666667 731.000000
696.333333 736.000000
703.333333 741.000000
709.666667 746.333333
716.000000 751.333333
722.666667 756.666667
729.666667 761.333333
736.666667 766.000000
743.000000 769.666667
748.333333 772.666667
752.666667 775.000000
756.000000 776.666667
758.333333 778.000000
760.333333 779.000000
761.333333 780.000000
762.333333 781.000000
763.000000 782.000000
763.666667 782.333333
