821.666667 404.000000
820.000000 403.000000
819.000000 401.666667
818.000000 400.333333
817.333333 398.666667
816.666667 397.000000
816.333333 395.000000
816.000000 392.666667
816.333333 389.666667
816.666667 386.000000
817.000000 382.000000
817.000000 377.666667
817.333333 373.000000
817.666667 368.000000
818.333333 363.000000
818.666667 358.333333
819.333333 354.000000
820.000000 350.000000
821.000000 346.000000
822.000000 342.000000
823.000000 338.000000
824.333333 333.666667
825.666667 329.333333
827.333333 324.666667
829.000000 320.000000
831.333333 315.000000
833.666667 310.333333
836.333333 305.666667
839.000000 301.000000
842.333333 296.000000
845.666667 291.000000
849.333333 286.000000
852.666667 280.666667
855.666667 275.333333
858.333333 270.000000
860.666667 265.000000
863.333333 260.333333
865.666667 256.000000
868.333333 252.000000
871.000000 248.000000
874.333333 244.000000
878.000000 240.000000
882.000000 235.666667
886.000000 231.333333
890.000000 226.666667
894.000000 222.666667
897.666667 218.666667
901.000000 215.000000
904.000000 211.333333
906.666667 208.000000
909.333333 205.333333
912.333333 202.666667
915.666667 200.000000
919.333333 197.000000
923.000000 194.333333
927.000000 191.666667
931.333333 189.000000
935.666667 186.333333
940.000000 183.666667
944.000000 181.000000
948.000000 178.333333
951.666667 175.666667
955.333333 173.000000
959.000000 170.333333
963.333333 167.666667
968.000000 165.000000
973.333333 162.333333
978.666667 160.333333
984.333333 158.666667
989.666667 157.333333
995.000000 156.000000
999.666667 155.000000
1008.000000 154.000000
1020.333333 153.666667
1036.333333 154.000000
1048.666667 155.000000
1057.000000 156.000000
1062.333333 157.000000
1068.000000 158.000000
1073.666667 159.333333
1079.333333 161.000000
1084.666667 163.000000
1089.666667 165.333333
1094.333333 167.666667
1099.000000 170.333333
1103.666667 173.000000
1108.333333 176.333333
1113.333333 179.666667
1118.666667 183.000000
1124.000000 185.666667
1129.000000 188.333333
1133.666667 191.000000
1138.000000 193.666667
1141.666667 196.000000
1144.666667 198.000000
1147.333333 200.333333
1150.000000 203.000000
1152.666667 206.333333
1155.333333 210.000000
1158.000000 214.000000
1160.666667 218.333333
1163.333333 222.666667
1166.000000 227.000000
1169.000000 231.000000
1172.000000 235.000000
1175.000000 239.333333
1178.000000 244.000000
1180.666667 248.666667
1183.333333 253.333333
1185.666667 258.000000
1187.666667 263.000000
1189.000000 267.666667
1190.333333 272.333333
1191.666667 276.666667
1192.666667 281.000000
1193.333333 285.000000
1193.666667 289.000000
1194.333333 293.000000
1194.666667 297.333333
1195.000000 301.666667
1195.000000 306.333333
1195.000000 311.000000
1195.000000 316.000000
1195.000000 321.000000
1195.000000 325.666667
1195.000000 330.000000
1194.666667 334.000000
1194.333333 338.000000
1193.666667 342.333333
1193.333333 347.000000
1192.666667 352.000000
1192.333333 357.000000
1191.666667 362.333333
1191.333333 367.333333
1190.666667 372.333333
1190.333333 376.666667
1189.666667 381.000000
1189.000000 385.000000
1188.000000 389.000000
1186.666667 393.333333
1185.000000 398.000000
1183.000000 403.000000
1181.000000 408.000000
1179.000000 413.333333
1177.000000 418.666667
1175.000000 423.666667
1173.000000 428.333333
1170.666667 433.000000
1168.000000 438.000000
1165.333333 443.333333
1162.666667 449.000000
1160.333333 455.333333
1158.000000 461.666667
1156.000000 468.000000
1154.000000 473.666667
1152.000000 479.333333
1149.666667 485.000000
1147.333333 491.333333
1144.666667 497.666667
1141.666667 504.000000
1138.000000 510.000000
1134.000000 516.000000
1129.666667 521.666667
1125.000000 527.000000
1120.333333 532.333333
1116.000000 538.000000
1112.000000 544.000000
1108.333333 550.000000
1105.000000 556.000000
1102.000000 561.666667
1098.666667 567.000000
1095.000000 571.666667
1090.666667 576.333333
1086.333333 581.000000
1081.333333 586.000000
1076.333333 591.000000
1071.333333 596.333333
1067.000000 601.666667
1063.000000 607.000000
1059.000000 612.000000
1055.333333 616.666667
1051.666667 621.000000
1047.666667 625.000000
1043.000000 628.666667
1037.666667 632.666667
1032.333333 636.666667
1027.333333 641.000000
1023.000000 645.333333
1019.000000 649.666667
1015.333333 654.000000
1011.666667 658.666667
1008.000000 663.333333
1004.333333 668.000000
1001.000000 672.000000
997.333333 676.000000
993.333333 680.000000
988.333333 684.333333
983.666667 688.666667
979.000000 693.000000
974.666667 697.666667
970.666667 702.333333
966.666667 707.333333
963.333333 711.666667
960.000000 716.000000
956.666667 720.000000
953.000000 724.000000
948.666667 728.333333
943.666667 733.000000
938.333333 737.666667
933.000000 742.000000
928.333333 746.333333
924.000000 751.000000
919.666667 756.000000
915.666667 761.000000
911.666667 765.666667
908.000000 770.333333
903.666667 774.666667
898.666667 779.333333
893.333333 783.666667
888.333333 788.000000
884.333333 791.333333
881.333333 794.333333
879.000000 796.333333
877.333333 798.000000
876.000000 799.333333
875.000000 800.666667
874.000000 802.000000
873.000000 803.000000
872.333333 804.000000
872.000000 805.000000
872.000000 805.333333
