713.666667 364.000000
714.000000 363.000000
714.000000 362.000000
714.333333 361.000000
714.666667 360.000000
715.000000 358.666667
715.000000 357.333333
715.000000 355.666667
715.000000 354.333333
715.000000 352.666667
714.666667 350.666667
714.333333 348.333333
713.666667 345.666667
713.333333 343.333333
713.000000 341.000000
712.666667 338.666667
712.000000 336.333333
711.333333 333.666667
710.666667 331.000000
710.000000 327.666667
709.000000 324.000000
707.666667 320.000000
706.000000 315.666667
704.000000 311.000000
702.000000 306.000000
700.000000 301.333333
698.000000 296.666667
696.000000 292.333333
694.000000 288.000000
691.666667 284.000000
689.666667 280.000000
687.666667 276.000000
686.000000 272.000000
684.333333 268.333333
682.666667 265.000000
681.333333 262.000000
680.000000 259.000000
678.666667 256.000000
677.333333 253.000000
676.000000 250.333333
674.666667 248.000000
673.333333 245.666667
671.666667 243.000000
670.000000 240.000000
667.666667 237.333333
665.333333 234.666667
662.333333 231.666667
659.000000 228.333333
654.666667 224.666667
650.333333 221.000000
645.666667 217.000000
641.000000 213.000000
636.000000 209.000000
631.000000 205.000000
626.000000 201.000000
620.666667 196.666667
615.000000 192.333333
608.666667 188.333333
602.333333 184.666667
596.333333 181.000000
591.000000 177.333333
586.000000 173.666667
581.000000 170.333333
576.000000 167.000000
571.000000 164.333333
566.000000 161.666667
561.000000 159.333333
555.666667 156.666667
550.333333 154.333333
545.000000 152.000000
539.666667 150.333333
534.333333 148.666667
528.666667 147.000000
523.000000 145.000000
516.666667 143.333333
510.333333 141.666667
504.000000 140.333333
498.000000 138.666667
492.000000 137.000000
485.666667 135.000000
479.000000 133.333333
472.333333 131.666667
465.333333 130.000000
458.666667 128.000000
452.000000 126.333333
446.000000 125.000000
440.000000 124.000000
432.333333 123.000000
421.333333 122.000000
408.000000 121.666667
395.000000 122.000000
386.333333 123.000000
380.666667 124.333333
377.666667 125.666667
375.333333 127.333333
373.333333 129.333333
371.333333 132.000000
368.666667 135.000000
366.333333 138.333333
364.333333 142.000000
362.666667 146.333333
361.333333 151.000000
359.666667 156.000000
358.333333 161.000000
357.000000 166.666667
355.666667 172.666667
354.333333 179.000000
353.333333 185.333333
352.666667 191.666667
352.333333 198.333333
352.000000 205.000000
352.000000 212.000000
352.000000 218.666667
352.333333 224.666667
352.666667 230.333333
353.666667 236.000000
354.666667 241.666667
356.000000 247.000000
357.333333 252.000000
358.666667 256.666667
360.333333 261.666667
362.000000 266.333333
364.333333 271.000000
366.666667 275.000000
369.333333 279.000000
371.666667 283.333333
374.333333 288.000000
377.333333 293.000000
380.666667 297.666667
384.333333 302.666667
388.000000 307.666667
392.333333 313.333333
397.000000 318.666667
402.000000 324.000000
407.333333 329.333333
412.666667 335.333333
418.000000 341.666667
423.333333 348.333333
429.000000 355.000000
435.000000 362.333333
441.333333 369.666667
448.000000 377.000000
455.000000 384.333333
462.000000 391.333333
469.000000 398.666667
476.000000 405.666667
483.333333 413.333333
491.000000 420.666667
499.000000 428.000000
506.666667 435.000000
514.000000 442.333333
521.000000 449.666667
528.000000 457.000000
535.333333 464.000000
542.666667 470.666667
549.666667 477.000000
556.000000 483.000000
562.000000 489.000000
567.333333 494.666667
572.333333 500.000000
576.666667 505.000000
581.000000 510.333333
585.000000 515.666667
589.000000 521.333333
592.666667 526.666667
596.333333 531.666667
600.000000 536.333333
604.000000 541.333333
608.000000 546.666667
611.666667 552.333333
615.000000 557.666667
618.000000 563.666667
621.000000 569.333333
623.666667 575.000000
627.333333 581.666667
631.000000 588.666667
635.333333 596.000000
639.000000 602.333333
643.000000 609.000000
647.333333 615.666667
651.666667 622.333333
656.000000 629.000000
660.000000 636.000000
663.666667 643.000000
667.000000 650.000000
670.000000 656.666667
673.000000 663.000000
676.000000 668.666667
680.000000 675.666667
684.000000 682.333333
688.333333 689.000000
691.666667 694.333333
695.333333 700.000000
699.000000 706.000000
702.666667 711.666667
706.333333 717.666667
709.666667 723.666667
712.666667 730.333333
715.333333 736.666667
717.666667 743.000000
720.000000 749.000000
722.000000 754.333333
723.666667 759.000000
725.000000 762.333333
725.666667 765.000000
726.333333 767.000000
727.000000 768.666667
727.666667 770.000000
728.000000 771.000000
