704.000000 384.000000
703.000000 378.666667
702.000000 373.000000
701.000000 367.333333
699.666667 361.333333
698.000000 355.333333
696.000000 349.333333
694.000000 344.000000
691.666667 338.666667
689.333333 333.333333
687.000000 328.333333
685.000000 324.000000
683.333333 320.000000
681.666667 316.666667
680.333333 313.666667
678.666667 311.000000
677.333333 308.333333
676.000000 305.666667
674.666667 302.666667
673.000000 299.000000
671.000000 295.333333
669.000000 291.333333
666.666667 287.333333
664.000000 282.333333
660.666667 277.333333
657.333333 272.000000
653.666667 267.000000
650.333333 262.333333
646.666667 257.666667
643.333333 253.333333
639.666667 248.666667
636.333333 244.666667
632.666667 240.333333
629.000000 236.333333
625.000000 231.666667
620.333333 227.000000
615.000000 222.000000
609.000000 217.000000
603.000000 212.000000
597.000000 207.000000
591.000000 202.333333
585.000000 197.666667
579.000000 193.000000
573.000000 188.666667
567.000000 184.666667
561.000000 181.333333
555.000000 178.000000
549.000000 175.000000
543.333333 172.333333
538.000000 170.000000
532.666667 168.333333
527.333333 167.000000
522.000000 166.000000
510.333333 165.666667
497.666667 166.000000
483.666667 167.000000
476.333333 168.000000
468.333333 169.000000
461.666667 170.000000
455.333333 171.333333
451.000000 173.000000
447.000000 175.000000
443.333333 177.333333
440.000000 179.666667
437.000000 182.666667
434.000000 186.000000
431.000000 190.000000
428.000000 194.000000
425.000000 198.000000
422.000000 202.000000
419.000000 206.000000
416.000000 210.333333
413.333333 215.000000
411.000000 220.000000
409.000000 225.333333
407.333333 231.000000
406.000000 237.333333
405.000000 244.000000
404.333333 251.333333
403.666667 258.666667
403.333333 266.000000
402.666667 273.000000
402.000000 280.000000
401.333333 287.000000
401.000000 293.666667
400.666667 300.333333
400.333333 306.666667
400.000000 313.000000
400.000000 319.000000
400.333333 325.333333
400.666667 331.666667
401.000000 338.333333
401.000000 344.666667
401.333333 351.333333
401.666667 358.000000
402.333333 365.000000
403.000000 371.666667
404.000000 378.000000
405.000000 384.000000
406.333333 390.000000
408.000000 396.000000
410.333333 402.000000
413.000000 408.000000
416.000000 414.000000
419.333333 420.333333
423.000000 427.000000
427.000000 434.000000
431.000000 441.000000
435.000000 448.000000
439.000000 455.000000
443.333333 461.666667
448.000000 468.333333
453.000000 474.666667
458.000000 481.333333
463.000000 488.333333
468.000000 495.666667
473.000000 503.333333
478.333333 511.000000
484.000000 519.000000
490.000000 527.000000
496.000000 535.333333
501.666667 543.666667
507.000000 552.000000
512.000000 560.000000
517.000000 567.666667
522.000000 575.333333
526.666667 583.000000
531.333333 591.000000
536.000000 599.000000
541.000000 607.000000
546.333333 615.000000
552.000000 623.333333
558.000000 632.000000
564.000000 641.000000
570.000000 650.000000
576.000000 658.666667
582.000000 666.666667
588.000000 674.000000
593.666667 680.666667
599.333333 686.666667
605.000000 692.333333
611.000000 698.000000
617.000000 704.333333
623.000000 710.666667
629.333333 717.333333
636.000000 723.666667
643.000000 730.333333
649.666667 736.666667
656.333333 742.666667
662.666667 748.000000
669.333333 753.000000
675.666667 757.333333
681.666667 761.333333
687.333333 764.666667
692.666667 768.000000
697.666667 770.666667
702.333333 773.000000
706.333333 775.000000
709.666667 776.666667
711.666667 778.000000
713.333333 779.000000
714.333333 780.000000
715.333333 781.000000
