880.666667 308.000000
881.000000 305.666667
881.000000 303.333333
881.333333 300.666667
882.000000 298.000000
883.333333 294.666667
885.333333 291.000000
887.666667 287.000000
890.666667 282.666667
893.666667 278.000000
897.333333 273.000000
900.666667 268.000000
904.333333 263.000000
907.666667 258.000000
912.000000 252.333333
916.333333 246.666667
921.666667 240.000000
926.666667 234.000000
932.000000 227.666667
937.000000 222.333333
942.000000 217.000000
946.666667 212.666667
951.000000 209.000000
955.000000 205.666667
959.000000 202.000000
963.666667 197.666667
969.000000 193.000000
975.000000 188.000000
981.333333 183.000000
987.666667 178.333333
994.000000 174.333333
1000.333333 171.000000
1006.666667 167.666667
1013.666667 164.333333
1020.666667 161.000000
1027.666667 158.333333
1034.333333 156.000000
1040.666667 154.333333
1047.666667 152.666667
1054.666667 151.000000
1062.000000 149.333333
1072.000000 148.000000
1087.000000 147.666667
1102.666667 148.000000
1115.666667 149.333333
1124.000000 151.000000
1132.000000 153.000000
1140.333333 155.333333
1149.000000 158.333333
1158.000000 162.000000
1166.666667 166.333333
1175.000000 170.666667
1182.666667 175.333333
1190.000000 180.000000
1197.000000 185.333333
1203.666667 190.666667
1210.000000 196.666667
1216.000000 203.000000
1222.000000 210.333333
1227.333333 217.333333
1231.666667 223.666667
1235.000000 229.333333
1238.000000 235.000000
1240.666667 240.666667
1242.666667 246.000000
1244.333333 251.000000
1245.666667 256.333333
1246.666667 262.000000
1247.000000 267.666667
1247.333333 273.333333
1247.666667 279.000000
1248.000000 285.333333
1248.000000 292.333333
1247.666667 300.000000
1247.333333 307.666667
1246.666667 315.000000
1245.666667 322.000000
1244.000000 329.333333
1242.000000 337.333333
1239.333333 345.666667
1236.333333 354.333333
1232.666667 363.000000
1228.666667 371.666667
1224.333333 380.333333
1219.666667 389.000000
1215.333333 397.666667
1211.000000 406.000000
1207.000000 414.000000
1203.000000 421.666667
1198.666667 429.333333
1194.333333 437.000000
1189.333333 445.333333
1184.333333 453.666667
1178.333333 462.000000
1172.333333 469.666667
1165.666667 477.333333
1159.000000 484.666667
1151.666667 492.333333
1144.000000 500.000000
1136.000000 507.333333
1128.000000 514.333333
1120.333333 521.000000
1112.666667 527.666667
1105.333333 534.333333
1098.000000 541.000000
1090.666667 548.000000
1083.333333 555.333333
1076.333333 563.000000
1070.000000 571.000000
1064.000000 579.000000
1057.666667 587.000000
1051.333333 595.000000
1044.666667 603.000000
1038.000000 611.000000
1031.333333 618.666667
1025.000000 626.000000
1018.666667 633.333333
1012.000000 640.666667
1005.000000 648.000000
998.000000 655.333333
990.666667 662.666667
983.333333 670.000000
976.000000 677.000000
968.666667 684.000000
961.000000 691.000000
953.333333 698.000000
945.666667 705.000000
939.000000 711.000000
933.000000 716.000000
928.666667 719.666667
925.000000 723.000000
922.666667 725.333333
920.666667 727.333333
919.666667 728.666667
918.666667 730.000000
