837.666667 359.666667
837.333333 358.000000
837.000000 355.666667
837.333333 353.000000
838.000000 350.000000
838.666667 346.666667
839.666667 343.000000
841.000000 338.666667
843.000000 334.333333
845.000000 329.333333
847.000000 324.333333
849.000000 319.000000
851.333333 314.000000
853.666667 309.333333
856.000000 304.333333
859.000000 297.333333
862.666667 289.666667
866.333333 282.333333
869.333333 277.000000
872.333333 272.000000
875.666667 267.000000
879.666667 262.000000
883.666667 257.333333
888.000000 253.000000
892.333333 248.666667
897.000000 244.000000
901.333333 239.333333
905.666667 234.666667
910.000000 230.000000
915.000000 225.000000
920.333333 219.666667
925.666667 214.333333
931.333333 209.333333
937.000000 205.000000
942.666667 201.000000
948.000000 197.333333
953.000000 193.666667
958.000000 190.000000
963.666667 186.000000
970.000000 182.666667
976.333333 179.666667
982.666667 177.000000
988.333333 174.666667
994.333333 172.666667
999.666667 171.000000
1005.333333 169.000000
1011.000000 167.000000
1017.333333 165.000000
1024.000000 163.333333
1033.000000 162.000000
1044.333333 161.666667
1056.000000 162.333333
1065.666667 164.000000
1073.333333 166.333333
1081.000000 169.000000
1088.666667 172.000000
1096.333333 175.333333
1104.000000 178.666667
1112.333333 182.333333
1120.333333 185.666667
1128.333333 189.000000
1135.333333 192.333333
1142.000000 196.333333
1148.000000 200.666667
1154.000000 205.666667
1160.000000 210.666667
1165.666667 216.333333
1171.333333 222.000000
1176.333333 227.666667
1181.333333 233.000000
1185.666667 238.666667
1189.666667 245.000000
1193.000000 252.000000
1195.666667 259.333333
1197.666667 266.666667
1199.000000 274.000000
1200.333333 281.333333
1201.666667 289.000000
1203.000000 297.333333
1204.000000 306.000000
1204.666667 314.666667
1205.333333 323.333333
1205.666667 331.666667
1206.000000 340.333333
1206.000000 349.333333
1205.666667 358.333333
1205.333333 367.000000
1204.666667 375.000000
1204.333333 383.000000
1203.666667 391.000000
1203.000000 399.333333
1202.000000 407.666667
1201.000000 416.333333
1200.000000 425.000000
1198.666667 434.000000
1197.000000 443.000000
1195.000000 452.000000
1193.000000 460.666667
1190.666667 469.333333
1188.000000 477.666667
1185.000000 486.000000
1181.666667 493.666667
1178.000000 501.333333
1174.000000 508.666667
1170.000000 516.000000
1166.000000 523.333333
1162.000000 531.000000
1158.000000 539.333333
1153.666667 547.666667
1149.333333 556.000000
1144.666667 564.333333
1140.000000 572.666667
1134.666667 581.000000
1129.333333 589.333333
1124.000000 597.666667
1119.000000 605.666667
1114.000000 613.333333
1109.000000 621.000000
1103.666667 629.333333
1098.333333 638.000000
1092.666667 647.000000
1086.666667 656.000000
1080.333333 665.666667
1073.666667 676.000000
1067.333333 686.666667
1061.333333 697.000000
1055.333333 707.333333
1048.666667 718.000000
1041.000000 729.000000
1033.000000 739.666667
1025.333333 750.000000
1017.666667 760.333333
1010.000000 771.000000
1002.000000 781.666667
993.666667 792.000000
985.333333 802.000000
976.666667 812.333333
968.000000 823.000000
959.333333 833.333333
950.666667 843.000000
942.000000 851.666667
933.666667 860.000000
926.333333 867.333333
919.333333 874.666667
912.000000 881.333333
904.000000 888.000000
895.666667 894.000000
887.333333 899.333333
879.333333 903.666667
872.666667 906.666667
867.333333 909.000000
862.333333 910.666667
