763.333333 325.000000
746.666667 324.000000
730.000000 322.666667
729.666667 321.000000
729.333333 318.666667
728.666667 316.333333
728.000000 313.666667
727.333333 311.000000
726.666667 308.000000
726.000000 305.000000
725.000000 302.000000
723.666667 298.666667
722.333333 295.333333
720.666667 291.666667
719.333333 288.333333
717.666667 284.666667
716.333333 281.333333
714.666667 277.666667
713.000000 274.333333
711.000000 271.000000
709.000000 268.000000
707.000000 265.000000
704.666667 261.666667
702.000000 258.000000
699.000000 254.333333
696.000000 251.000000
692.666667 247.666667
689.333333 244.000000
685.666667 240.000000
681.666667 235.666667
677.333333 231.333333
672.666667 226.666667
667.666667 222.000000
662.000000 217.000000
656.000000 212.000000
650.000000 207.333333
644.000000 203.000000
637.666667 198.666667
631.000000 194.000000
623.666667 189.333333
616.000000 185.000000
607.666667 181.000000
599.333333 177.000000
591.333333 173.333333
583.333333 170.000000
575.333333 167.000000
566.666667 164.000000
558.333333 161.333333
550.333333 159.000000
542.666667 157.333333
535.333333 155.666667
525.333333 154.333333
508.666667 153.666667
492.333333 154.000000
478.666667 155.333333
472.000000 157.000000
465.000000 159.333333
458.333333 162.333333
452.000000 166.333333
446.333333 171.000000
441.000000 176.000000
436.000000 181.666667
431.333333 188.000000
427.333333 194.666667
424.333333 201.000000
422.000000 206.666667
420.000000 212.000000
418.333333 217.000000
417.333333 222.333333
417.000000 228.000000
417.333333 234.000000
418.000000 240.000000
419.000000 246.000000
420.333333 252.333333
421.666667 258.666667
423.333333 265.333333
425.333333 272.333333
428.000000 280.333333
431.000000 289.000000
434.333333 297.666667
438.000000 306.333333
442.333333 315.000000
447.000000 324.333333
452.333333 334.000000
457.666667 344.333333
463.000000 354.666667
468.333333 365.000000
473.666667 375.000000
479.666667 385.000000
486.000000 395.000000
493.333333 405.333333
501.000000 416.000000
508.666667 427.000000
516.333333 438.000000
524.000000 449.000000
532.333333 460.000000
541.000000 471.000000
550.000000 482.000000
559.000000 493.000000
568.000000 504.000000
577.000000 514.666667
586.333333 525.333333
595.666667 535.666667
605.333333 546.333333
614.666667 556.666667
624.000000 567.000000
633.333333 577.000000
642.666667 587.000000
651.666667 596.666667
660.000000 606.333333
668.000000 615.666667
676.333333 625.333333
684.666667 634.666667
693.000000 643.333333
700.666667 651.000000
707.666667 658.000000
714.333333 664.666667
721.000000 671.000000
727.666667 676.333333
734.333333 681.333333
741.000000 685.666667
747.333333 690.000000
753.333333 694.000000
758.666667 698.000000
765.000000 704.333333
770.333333 711.333333
775.000000 718.666667
777.666667 724.000000
780.000000 728.666667
781.666667 733.000000
783.000000 736.666667
783.666667 739.666667
784.333333 742.000000
784.666667 743.666667
785.000000 745.000000
785.000000 746.000000
