878.333333 403.666667
873.000000 402.333333
872.333333 400.666667
872.000000 399.333333
872.000000 397.666667
872.000000 396.000000
872.000000 394.000000
872.000000 392.000000
872.000000 389.666667
872.000000 387.000000
872.000000 383.666667
872.000000 380.333333
872.000000 376.666667
872.000000 373.000000
872.000000 369.333333
872.333333 365.666667
872.666667 362.000000
873.000000 358.000000
873.000000 354.000000
873.000000 350.333333
873.333333 346.666667
873.666667 343.333333
874.333333 339.333333
875.000000 335.000000
876.000000 329.666667
877.000000 323.666667
878.333333 317.666667
880.333333 311.666667
882.666667 306.000000
885.333333 300.000000
888.000000 294.000000
891.333333 288.000000
894.666667 281.666667
897.666667 275.333333
900.333333 269.333333
903.000000 264.000000
905.666667 259.000000
908.333333 254.000000
911.000000 249.333333
914.000000 244.666667
917.333333 239.666667
921.000000 234.333333
925.000000 229.000000
929.333333 224.000000
934.000000 219.000000
938.666667 214.000000
943.000000 209.666667
947.000000 205.666667
950.666667 202.333333
954.333333 198.666667
957.666667 195.333333
961.333333 192.000000
965.000000 188.666667
969.333333 185.333333
974.000000 181.666667
979.000000 178.000000
984.000000 174.333333
988.666667 171.000000
993.000000 167.666667
997.000000 164.333333
1001.000000 161.000000
1005.000000 158.000000
1009.000000 155.333333
1013.333333 152.666667
1018.000000 150.333333
1023.000000 148.000000
1028.000000 146.333333
1033.000000 145.000000
1038.000000 144.000000
1042.666667 143.000000
1047.333333 142.000000
1052.000000 141.000000
1057.000000 140.000000
1075.666667 139.666667
1095.000000 140.000000
1116.333333 141.000000
1124.333333 142.000000
1131.666667 143.000000
1137.000000 144.000000
1141.666667 145.000000
1146.000000 146.000000
1150.000000 147.333333
1154.000000 149.000000
1158.333333 151.333333
1163.000000 153.666667
1167.666667 156.333333
1172.333333 159.000000
1176.666667 162.000000
1180.666667 165.000000
1184.333333 168.000000
1187.666667 171.000000
1190.666667 174.000000
1193.333333 177.333333
1195.666667 180.666667
1198.000000 184.000000
1200.000000 187.000000
1202.666667 192.000000
1205.666667 197.666667
1208.666667 204.333333
1211.000000 210.000000
1213.333333 216.000000
1215.666667 222.000000
1218.000000 227.666667
1220.000000 233.333333
1222.000000 238.666667
1223.666667 244.000000
1225.333333 249.333333
1226.666667 255.000000
1228.000000 260.666667
1229.000000 266.333333
1229.666667 271.666667
1230.333333 277.000000
1230.666667 282.333333
1230.666667 288.000000
1230.333333 294.000000
1229.666667 300.333333
1229.000000 307.333333
1227.666667 314.666667
1226.333333 321.666667
1224.666667 328.333333
1223.000000 335.333333
1221.000000 343.000000
1218.666667 350.666667
1216.000000 358.333333
1213.000000 366.000000
1210.333333 373.666667
1207.333333 381.000000
1204.333333 388.666667
1201.000000 396.666667
1198.000000 405.000000
1194.666667 413.000000
1191.000000 420.666667
1186.666667 428.000000
1182.333333 435.333333
1177.666667 442.666667
1172.666667 450.000000
1167.666667 457.000000
1162.666667 464.000000
1158.000000 471.000000
1151.000000 480.333333
1143.666667 489.666667
1136.000000 499.000000
1130.000000 506.333333
1124.333333 513.333333
1119.333333 520.000000
1114.666667 526.000000
1110.333333 532.333333
1106.000000 539.000000
1102.000000 546.000000
1097.666667 552.666667
1093.333333 559.333333
1088.666667 565.333333
1084.000000 571.333333
1079.000000 576.666667
1074.333333 582.333333
1069.666667 588.000000
1065.333333 594.000000
1061.333333 599.666667
1057.666667 605.333333
1054.333333 610.666667
1051.000000 616.000000
1048.000000 620.666667
1044.666667 625.333333
1041.000000 630.000000
1037.000000 635.000000
1032.666667 640.333333
1028.333333 645.666667
1023.666667 651.333333
1019.666667 656.666667
1015.666667 662.000000
1012.000000 667.000000
1008.000000 671.666667
1004.000000 676.000000
999.666667 680.000000
995.000000 684.333333
990.000000 688.666667
985.000000 693.000000
980.333333 697.000000
976.000000 701.333333
972.000000 705.666667
968.333333 710.333333
965.000000 715.000000
962.000000 719.666667
958.333333 725.333333
954.666667 730.666667
951.000000 736.333333
948.000000 740.666667
945.000000 745.000000
941.666667 749.000000
938.000000 753.333333
934.000000 757.666667
930.000000 762.000000
926.000000 765.666667
922.000000 769.333333
918.333333 772.666667
914.666667 776.000000
911.333333 779.333333
907.666667 783.000000
903.666667 787.000000
899.333333 791.000000
894.333333 795.000000
889.333333 799.000000
884.000000 803.000000
879.333333 806.666667
875.000000 810.000000
871.666667 812.666667
868.666667 815.000000
866.333333 816.666667
864.333333 818.000000
863.333333 819.000000
862.333333 820.000000
861.333333 820.333333
860.000000 817.666667
859.333333 813.666667
859.000000 808.000000
