877.000000 313.666667
876.333333 311.666667
876.000000 309.000000
876.666667 305.666667
878.000000 301.333333
880.333333 295.333333
883.666667 287.666667
888.000000 279.000000
893.333333 269.333333
899.000000 259.666667
905.333333 249.666667
912.333333 239.333333
920.333333 228.666667
928.666667 218.333333
937.333333 208.666667
945.666667 199.333333
955.000000 189.333333
964.666667 179.666667
975.000000 170.666667
985.000000 162.333333
995.333333 154.333333
1006.000000 146.333333
1016.666667 139.000000
1026.666667 132.666667
1036.333333 126.333333
1045.666667 121.000000
1055.666667 115.666667
1065.666667 111.666667
1075.666667 108.000000
1085.000000 105.333333
1094.333333 103.333333
1104.000000 102.000000
1117.000000 101.666667
1129.333333 102.000000
1141.333333 103.666667
1150.333333 106.000000
1159.666667 109.666667
1169.000000 114.000000
1177.333333 119.333333
1185.000000 125.000000
1192.000000 131.333333
1199.000000 138.333333
1206.000000 146.333333
1213.000000 154.666667
1219.333333 163.333333
1225.000000 172.000000
1230.000000 181.333333
1234.666667 191.333333
1238.333333 202.000000
1241.333333 213.000000
1243.333333 223.666667
1245.333333 234.333333
1246.333333 245.000000
1247.333333 256.000000
1247.666667 267.000000
1248.000000 278.333333
1248.000000 290.333333
1247.666667 302.666667
1247.000000 315.333333
1245.666667 328.333333
1244.000000 341.666667
1241.666667 355.333333
1238.666667 368.666667
1235.000000 382.333333
1230.666667 396.000000
1226.333333 409.666667
1221.333333 423.333333
1216.333333 437.000000
1211.000000 450.666667
1205.666667 463.666667
1200.333333 476.666667
1194.333333 489.666667
1188.333333 502.333333
1181.666667 514.333333
1175.000000 525.666667
1168.333333 537.333333
1161.666667 548.666667
1154.666667 560.000000
1146.666667 571.000000
1138.000000 582.333333
1129.000000 593.333333
1120.000000 604.000000
1110.666667 613.666667
1100.666667 623.333333
1089.666667 633.000000
1078.333333 643.000000
1066.666667 653.000000
1054.666667 662.666667
1042.333333 672.333333
1030.000000 682.333333
1017.666667 692.666667
1004.666667 703.333333
991.666667 714.000000
978.666667 725.000000
966.000000 736.000000
953.000000 746.666667
941.000000 756.333333
930.000000 765.333333
920.000000 773.666667
911.000000 781.666667
903.666667 788.333333
898.333333 793.333333
894.666667 796.666667
892.000000 799.000000
889.666667 800.666667
887.333333 801.333333
885.666667 801.000000
884.666667 800.000000
884.333333 799.000000
884.000000 798.000000
884.333333 796.666667
884.666667 795.333333
885.333333 793.333333
