824.666667 329.666667
824.333333 327.333333
824.000000 324.666667
824.333333 321.666667
825.000000 318.333333
826.000000 314.666667
826.666667 311.333333
827.666667 307.666667
828.666667 304.333333
830.333333 300.666667
832.000000 297.000000
834.000000 293.000000
836.333333 288.666667
839.000000 284.000000
841.666667 279.000000
844.333333 273.666667
847.000000 268.333333
849.666667 263.000000
852.000000 258.333333
854.333333 254.000000
856.666667 250.333333
859.666667 245.333333
862.666667 240.333333
866.333333 234.333333
869.333333 229.666667
872.666667 225.000000
876.333333 220.666667
880.666667 216.333333
885.333333 212.000000
889.333333 208.333333
893.333333 205.000000
896.666667 202.333333
899.666667 200.000000
902.666667 198.000000
906.000000 195.333333
910.000000 192.666667
914.333333 189.666667
919.333333 187.000000
924.666667 184.000000
930.333333 181.000000
935.666667 178.000000
941.000000 175.000000
946.000000 171.666667
950.666667 168.666667
955.000000 165.333333
959.000000 162.333333
963.333333 159.000000
968.333333 156.333333
973.666667 154.000000
979.000000 152.333333
984.000000 151.000000
989.000000 150.000000
996.333333 149.666667
1007.000000 150.000000
1017.666667 151.000000
1027.333333 152.000000
1034.666667 153.000000
1044.333333 154.333333
1051.666667 155.666667
1057.666667 157.000000
1060.666667 158.333333
1064.666667 160.000000
1068.666667 162.000000
1073.333333 164.333333
1078.000000 167.000000
1082.666667 170.000000
1087.000000 172.666667
1090.666667 175.000000
1094.000000 177.000000
1096.666667 179.000000
1099.333333 181.000000
1101.666667 182.666667
1104.000000 184.333333
1106.333333 186.000000
1108.666667 187.666667
1111.333333 189.000000
1114.333333 190.333333
1117.666667 192.000000
1121.000000 194.000000
1124.000000 196.333333
1127.333333 198.666667
1130.666667 201.333333
1133.666667 203.666667
1136.333333 206.666667
1139.000000 210.000000
1142.000000 214.000000
1144.333333 218.000000
1146.333333 221.666667
1147.666667 225.333333
1149.333333 228.666667
1150.666667 232.333333
1152.000000 236.000000
1153.000000 240.333333
1153.666667 244.666667
1154.333333 249.333333
1155.000000 254.000000
1155.666667 259.333333
1156.333333 264.666667
1156.666667 270.000000
1156.666667 275.000000
1156.333333 280.000000
1156.000000 285.333333
1156.000000 290.666667
1155.666667 296.666667
1155.000000 302.666667
1154.333333 309.333333
1154.000000 315.333333
1153.666667 321.333333
1153.000000 326.666667
1152.333333 331.666667
1151.666667 336.333333
1151.333333 341.000000
1150.666667 345.666667
1150.333333 350.000000
1149.666667 354.000000
1149.000000 358.000000
1148.000000 362.333333
1147.000000 366.666667
1146.000000 371.000000
1144.666667 375.333333
1143.333333 379.666667
1141.666667 384.000000
1140.000000 388.000000
1137.666667 392.333333
1135.333333 397.000000
1132.666667 402.333333
1130.000000 408.000000
1127.000000 413.666667
1124.000000 419.333333
1121.000000 424.666667
1118.000000 430.666667
1115.000000 436.666667
1112.000000 443.333333
1109.000000 450.333333
1106.000000 457.666667
1103.000000 465.000000
1099.666667 472.000000
1095.666667 479.333333
1091.333333 487.000000
1086.666667 494.666667
1081.666667 502.666667
1076.666667 510.333333
1071.666667 518.333333
1067.333333 525.666667
1062.666667 533.333333
1058.000000 541.333333
1053.000000 549.666667
1048.000000 558.000000
1042.666667 565.666667
1036.666667 573.333333
1030.000000 581.000000
1023.333333 589.333333
1017.000000 597.666667
1011.000000 606.000000
1005.000000 613.666667
999.000000 621.333333
993.000000 628.666667
987.000000 636.333333
981.333333 644.000000
976.000000 651.666667
971.333333 659.000000
967.000000 666.000000
963.000000 673.000000
959.000000 680.000000
954.666667 687.333333
950.333333 694.666667
945.666667 701.666667
941.000000 708.333333
936.000000 714.333333
931.000000 720.000000
926.333333 725.333333
922.000000 730.666667
918.333333 736.000000
914.666667 741.333333
911.333333 747.000000
908.000000 752.666667
905.000000 758.000000
902.000000 763.000000
898.666667 768.000000
895.000000 773.000000
890.666667 779.000000
886.000000 785.666667
881.000000 793.666667
876.333333 801.333333
872.000000 809.000000
867.666667 816.333333
863.333333 823.666667
858.666667 831.000000
854.333333 838.000000
849.666667 844.666667
845.333333 850.666667
840.666667 856.000000
836.666667 860.333333
832.666667 864.000000
829.666667 866.666667
827.000000 869.000000
825.000000 870.666667
823.333333 872.000000
822.000000 873.000000
