853.000000 409.000000
854.000000 407.666667
854.666667 406.333333
855.333333 404.333333
855.666667 402.333333
856.000000 399.666667
856.333333 397.333333
856.666667 395.000000
857.000000 392.666667
857.000000 390.000000
857.000000 386.666667
857.000000 383.333333
857.333333 379.666667
857.666667 375.666667
858.000000 371.000000
858.333333 366.333333
858.666667 361.666667
859.333333 357.000000
859.666667 352.000000
860.333333 347.000000
861.000000 341.666667
862.000000 336.000000
863.000000 329.666667
864.000000 323.000000
865.000000 316.333333
866.333333 310.000000
868.000000 304.000000
870.333333 297.666667
873.000000 291.000000
876.000000 283.666667
879.333333 276.333333
883.000000 269.333333
887.000000 262.666667
891.333333 256.666667
895.666667 250.333333
900.333333 244.333333
904.666667 238.000000
909.333333 231.666667
914.333333 225.333333
920.000000 219.000000
926.000000 213.333333
932.000000 208.000000
938.333333 203.000000
944.333333 198.000000
950.333333 193.000000
956.000000 187.666667
962.000000 182.333333
968.666667 176.666667
975.666667 171.666667
982.666667 166.666667
989.333333 162.333333
995.666667 158.000000
1002.333333 154.000000
1009.333333 150.333333
1017.333333 147.000000
1025.333333 144.000000
1033.333333 140.666667
1041.000000 137.333333
1049.000000 134.000000
1057.000000 130.666667
1065.333333 127.333333
1073.666667 124.000000
1081.666667 121.333333
1089.000000 119.000000
1096.333333 117.000000
1104.000000 115.000000
1112.333333 113.333333
1120.333333 112.000000
1135.000000 111.666667
1149.000000 112.000000
1163.000000 113.000000
1169.666667 114.333333
1176.000000 116.333333
1182.000000 119.000000
1187.666667 122.000000
1193.333333 125.000000
1199.000000 128.333333
1205.000000 131.666667
1211.000000 135.333333
1217.000000 138.666667
1222.666667 142.000000
1228.000000 145.333333
1232.666667 148.666667
1237.000000 152.333333
1241.000000 156.333333
1244.666667 161.000000
1248.000000 166.333333
1251.000000 171.666667
1254.000000 177.333333
1256.666667 182.666667
1260.333333 190.333333
1264.000000 198.333333
1267.666667 207.333333
1270.000000 214.666667
1272.000000 222.000000
1273.666667 229.333333
1275.000000 236.666667
1276.000000 244.666667
1276.666667 252.666667
1277.000000 261.000000
1277.000000 269.000000
1277.000000 276.666667
1276.666667 284.333333
1275.666667 292.000000
1274.333333 300.333333
1272.666667 309.000000
1271.000000 317.333333
1268.666667 325.666667
1266.000000 334.000000
1263.000000 343.333333
1260.000000 352.666667
1257.000000 362.000000
1254.000000 371.000000
1251.333333 379.666667
1248.666667 388.333333
1246.000000 396.666667
1243.000000 405.000000
1239.666667 413.000000
1236.000000 420.666667
1232.000000 428.333333
1227.666667 436.000000
1223.333333 444.333333
1218.666667 452.666667
1214.333333 461.000000
1209.666667 468.666667
1205.333333 476.000000
1201.000000 483.000000
1197.000000 490.333333
1192.666667 497.666667
1188.000000 505.000000
1183.000000 511.666667
1177.666667 518.333333
1172.000000 525.000000
1166.333333 532.333333
1160.666667 540.333333
1155.333333 548.666667
1150.000000 556.666667
1145.000000 564.000000
1139.666667 571.000000
1134.000000 578.000000
1128.000000 585.333333
1122.333333 592.666667
1117.000000 600.000000
1112.333333 607.000000
1107.666667 613.666667
1103.333333 620.000000
1098.333333 626.333333
1092.666667 633.000000
1086.333333 640.333333
1079.666667 647.666667
1073.333333 655.000000
1067.000000 662.000000
1061.000000 668.666667
1054.666667 675.333333
1048.000000 682.000000
1040.666667 689.333333
1033.000000 696.666667
1025.666667 704.000000
1018.666667 710.666667
1011.666667 717.666667
1004.000000 725.000000
996.333333 732.666667
988.666667 740.333333
981.666667 747.666667
975.000000 754.666667
969.333333 760.666667
964.000000 766.000000
958.666667 771.000000
953.333333 775.666667
948.333333 780.000000
944.333333 783.333333
941.333333 785.666667
939.000000 787.333333
937.000000 788.666667
935.333333 790.000000
934.000000 791.000000
933.000000 792.000000
932.333333 793.000000
932.000000 794.333333
932.000000 795.666667
932.000000 797.000000
932.000000 797.333333
