670.000000 344.000000
670.666667 342.666667
671.000000 341.000000
671.333333 339.000000
671.666667 336.666667
671.666667 333.666667
671.333333 330.333333
670.666667 326.333333
670.000000 322.000000
669.000000 317.333333
668.000000 312.666667
666.666667 307.666667
665.000000 302.333333
662.666667 296.666667
660.333333 291.000000
657.666667 285.000000
655.000000 278.666667
652.000000 272.333333
649.000000 266.333333
645.666667 260.666667
642.333333 255.333333
639.000000 250.000000
636.000000 244.666667
633.000000 239.333333
630.000000 234.333333
627.333333 229.666667
624.666667 225.333333
622.000000 221.000000
619.000000 217.000000
616.000000 213.000000
613.000000 209.000000
610.000000 205.000000
606.666667 201.333333
603.000000 197.666667
599.000000 194.333333
595.000000 190.666667
591.000000 187.000000
586.666667 183.000000
582.000000 179.000000
577.000000 175.000000
572.000000 171.000000
567.000000 167.000000
561.666667 163.000000
556.333333 159.333333
550.666667 156.333333
545.666667 153.666667
541.000000 151.333333
537.000000 149.000000
533.000000 147.333333
529.000000 145.666667
525.000000 144.333333
521.000000 142.666667
516.333333 141.000000
511.333333 139.000000
505.666667 137.000000
500.333333 135.333333
495.333333 134.000000
491.000000 133.000000
487.000000 132.000000
483.333333 131.000000
477.666667 130.666667
471.666667 131.000000
465.666667 132.000000
460.333333 133.000000
455.333333 134.000000
450.000000 135.000000
446.000000 136.000000
442.333333 137.000000
438.666667 138.000000
435.000000 139.000000
431.333333 140.333333
427.333333 141.666667
423.333333 143.333333
419.333333 145.000000
415.333333 147.000000
411.333333 149.000000
406.666667 151.333333
402.333333 154.000000
398.000000 157.000000
394.000000 160.666667
390.000000 164.666667
386.000000 169.333333
382.000000 174.000000
378.000000 179.000000
374.333333 183.666667
371.000000 188.000000
368.000000 192.000000
365.000000 196.000000
362.333333 199.666667
360.000000 203.666667
358.000000 208.000000
356.000000 213.000000
354.333333 218.000000
352.666667 223.333333
351.333333 229.000000
350.000000 235.000000
349.333333 241.333333
348.666667 247.666667
348.333333 254.333333
348.000000 260.666667
348.000000 267.000000
347.666667 272.666667
347.333333 278.000000
347.333333 282.666667
347.666667 287.333333
348.333333 292.000000
349.000000 297.000000
350.333333 302.333333
351.666667 308.000000
353.333333 313.666667
355.000000 319.000000
357.000000 324.333333
359.000000 330.000000
361.000000 336.000000
363.000000 342.000000
365.000000 348.333333
367.333333 355.000000
369.666667 362.000000
372.000000 368.666667
374.000000 375.000000
376.000000 381.000000
378.000000 387.000000
380.000000 392.666667
381.666667 398.000000
383.333333 403.000000
385.000000 408.000000
387.000000 413.000000
389.333333 418.000000
391.666667 423.000000
394.000000 428.000000
396.000000 433.000000
398.000000 438.000000
400.000000 443.000000
402.000000 448.000000
404.333333 453.000000
406.666667 458.000000
409.000000 463.000000
411.333333 468.000000
414.000000 473.000000
416.666667 478.000000
419.333333 483.333333
422.000000 489.000000
425.000000 495.333333
428.000000 501.666667
431.000000 508.333333
434.000000 514.666667
437.000000 520.666667
440.333333 526.333333
443.666667 531.666667
447.333333 537.333333
451.333333 543.333333
455.666667 549.666667
460.000000 556.333333
464.333333 562.666667
468.666667 569.333333
473.000000 575.333333
477.000000 581.666667
481.000000 587.333333
485.333333 593.666667
489.666667 599.666667
494.333333 606.333333
498.666667 612.666667
503.333333 619.333333
507.666667 626.000000
512.333333 633.333333
516.666667 640.666667
521.000000 648.333333
525.000000 655.666667
529.333333 663.333333
534.000000 670.666667
539.000000 678.333333
544.000000 686.000000
549.333333 694.000000
554.666667 701.666667
559.666667 709.000000
564.333333 716.000000
568.666667 722.666667
573.000000 729.333333
577.000000 736.000000
581.333333 742.666667
585.666667 749.333333
590.333333 755.666667
594.666667 762.666667
599.666667 770.000000
604.666667 778.333333
610.000000 787.333333
615.000000 797.000000
620.000000 807.000000
625.000000 817.000000
630.000000 826.333333
634.666667 835.000000
639.000000 842.333333
642.666667 848.666667
646.333333 854.000000
649.666667 858.333333
653.000000 862.000000
656.000000 864.666667
659.000000 867.000000
661.333333 868.666667
663.666667 870.000000
665.000000 870.333333
