686.000000 326.000000
744.333333 322.666667
802.666667 319.333333
861.333333 315.333333
861.666667 311.333333
862.333333 307.000000
863.000000 302.666667
864.333333 298.000000
866.000000 292.666667
868.000000 287.333333
870.333333 281.333333
873.333333 275.333333
876.666667 268.666667
880.333333 262.666667
884.333333 256.666667
888.666667 251.000000
893.333333 244.666667
897.666667 238.333333
902.000000 232.333333
906.333333 226.666667
911.333333 221.000000
916.666667 215.000000
922.666667 209.000000
928.666667 203.333333
935.000000 198.333333
940.666667 194.000000
946.000000 190.333333
951.000000 186.666667
956.333333 183.000000
962.000000 179.000000
968.333333 175.000000
974.666667 171.000000
981.333333 167.000000
987.666667 163.333333
993.666667 160.000000
999.333333 157.000000
1005.000000 154.333333
1011.333333 152.333333
1018.000000 150.666667
1024.666667 149.333333
1031.333333 148.000000
1039.333333 147.000000
1047.666667 146.000000
1065.333333 145.666667
1083.333333 146.000000
1101.333333 147.000000
1110.333333 148.000000
1117.666667 149.000000
1125.000000 150.333333
1131.666667 152.333333
1138.000000 154.666667
1143.666667 157.000000
1149.000000 159.333333
1154.000000 162.000000
1159.000000 165.000000
1164.333333 168.333333
1169.666667 171.666667
1174.666667 175.333333
1179.000000 178.666667
1183.000000 182.333333
1186.666667 185.666667
1190.000000 189.333333
1194.000000 195.000000
1198.000000 201.333333
1202.000000 208.666667
1204.666667 214.666667
1207.000000 221.000000
1209.000000 227.000000
1211.000000 233.000000
1213.000000 239.000000
1214.666667 245.333333
1216.000000 252.000000
1216.666667 259.000000
1217.000000 266.000000
1217.000000 273.000000
1217.000000 280.333333
1216.666667 288.000000
1215.666667 296.333333
1214.000000 305.000000
1212.000000 313.666667
1209.666667 322.333333
1207.000000 331.333333
1204.333333 341.333333
1201.666667 351.666667
1199.333333 361.666667
1196.333333 371.333333
1193.333333 381.000000
1189.666667 391.000000
1186.000000 401.000000
1182.000000 410.666667
1177.666667 419.666667
1173.333333 428.333333
1169.000000 437.000000
1164.666667 446.000000
1160.666667 454.666667
1156.666667 463.000000
1152.666667 471.000000
1148.000000 479.000000
1142.666667 487.000000
1136.666667 495.000000
1130.000000 503.000000
1123.000000 511.000000
1115.666667 519.333333
1108.000000 528.000000
1099.333333 537.333333
1090.666667 546.666667
1081.666667 556.000000
1073.666667 565.000000
1065.666667 574.333333
1058.000000 583.666667
1050.000000 593.000000
1042.333333 602.333333
1035.000000 611.333333
1028.000000 620.666667
1021.000000 630.000000
1014.333333 640.333333
1007.666667 650.666667
1000.666667 660.666667
993.000000 670.666667
985.000000 681.000000
977.000000 691.666667
969.333333 701.666667
961.333333 710.666667
953.000000 719.333333
944.000000 727.666667
935.333333 736.000000
927.333333 744.000000
920.000000 751.666667
913.000000 758.666667
906.000000 765.000000
899.333333 771.333333
893.333333 777.333333
888.000000 783.333333
883.000000 788.666667
878.666667 793.666667
875.000000 798.000000
872.333333 801.333333
870.333333 803.666667
869.000000 805.333333
867.666667 805.666667
