889.666667 398.000000
888.666667 397.000000
887.666667 396.000000
887.000000 395.000000
886.333333 394.000000
885.666667 392.666667
885.333333 391.000000
885.000000 388.666667
885.000000 386.333333
885.000000 383.666667
885.000000 380.666667
885.000000 377.333333
885.000000 373.666667
885.000000 370.000000
885.000000 366.000000
885.000000 362.333333
885.000000 359.333333
885.000000 356.666667
885.000000 354.000000
885.000000 351.000000
885.333333 348.333333
885.666667 345.666667
886.333333 343.000000
886.666667 340.000000
887.333333 337.000000
888.333333 333.333333
890.333333 329.000000
893.000000 323.333333
896.000000 317.333333
899.000000 311.333333
902.000000 305.333333
905.000000 299.666667
908.000000 293.333333
911.333333 286.666667
914.333333 279.666667
918.000000 272.666667
921.666667 266.000000
926.000000 259.666667
930.333333 253.000000
934.666667 246.666667
939.333333 240.000000
944.000000 234.000000
949.000000 227.666667
953.666667 221.666667
958.333333 215.666667
963.333333 210.333333
969.000000 204.666667
974.666667 199.000000
980.333333 193.333333
985.666667 188.000000
991.000000 183.000000
996.000000 178.000000
1000.666667 173.333333
1005.333333 169.000000
1010.000000 165.000000
1015.000000 161.000000
1020.000000 157.333333
1025.333333 153.666667
1030.666667 150.333333
1036.000000 147.000000
1040.666667 144.333333
1045.333333 142.000000
1049.666667 140.000000
1054.666667 137.666667
1059.666667 135.333333
1065.333333 133.333333
1071.000000 131.666667
1076.666667 130.000000
1082.000000 128.333333
1087.000000 127.000000
1091.666667 126.000000
1096.000000 125.000000
1101.666667 124.000000
1107.666667 123.000000
1114.000000 122.000000
1123.666667 121.666667
1133.000000 122.000000
1142.333333 123.000000
1146.666667 124.333333
1151.333333 126.000000
1156.000000 128.000000
1161.333333 130.000000
1166.666667 132.000000
1172.000000 134.000000
1177.000000 136.000000
1182.000000 138.000000
1186.666667 140.000000
1191.000000 142.000000
1195.000000 144.333333
1199.000000 146.666667
1203.000000 149.000000
1207.000000 151.333333
1210.666667 154.000000
1214.666667 157.000000
1218.333333 160.333333
1222.333333 163.666667
1226.000000 167.333333
1230.000000 171.333333
1233.666667 175.666667
1237.000000 179.666667
1240.000000 183.333333
1242.666667 187.000000
1245.333333 191.333333
1248.666667 197.666667
1252.000000 204.666667
1255.000000 211.666667
1256.666667 217.333333
1258.333333 222.666667
1260.000000 228.000000
1261.666667 233.000000
1263.333333 238.000000
1265.000000 243.333333
1266.666667 248.666667
1268.333333 254.333333
1270.000000 260.333333
1271.666667 266.666667
1273.000000 273.000000
1274.000000 279.000000
1274.666667 285.000000
1275.333333 291.333333
1275.666667 297.666667
1276.000000 304.333333
1276.000000 310.666667
1276.000000 317.000000
1276.000000 322.666667
1275.666667 328.333333
1275.000000 334.000000
1274.000000 340.000000
1272.666667 346.000000
1271.333333 352.333333
1269.666667 358.666667
1267.666667 365.000000
1265.333333 371.333333
1262.666667 377.666667
1260.000000 384.000000
1257.333333 390.666667
1254.666667 397.666667
1252.000000 405.000000
1249.333333 412.333333
1246.666667 420.000000
1244.000000 427.666667
1241.000000 435.333333
1237.666667 442.666667
1234.333333 449.666667
1230.666667 456.333333
1226.666667 462.666667
1222.333333 469.333333
1217.666667 475.333333
1213.000000 481.666667
1208.333333 488.000000
1203.666667 495.000000
1199.000000 502.000000
1194.333333 509.000000
1189.333333 515.666667
1184.333333 522.333333
1179.000000 528.666667
1174.000000 535.333333
1169.000000 542.000000
1164.000000 549.000000
1159.000000 556.000000
1154.333333 562.666667
1149.333333 569.000000
1144.000000 575.333333
1137.666667 582.000000
1131.333333 589.000000
1124.666667 596.333333
1118.000000 603.666667
1111.000000 611.000000
1104.000000 618.000000
1097.000000 625.000000
1089.666667 632.333333
1082.333333 640.000000
1075.333333 648.000000
1069.000000 655.666667
1063.000000 663.333333
1057.000000 671.000000
1051.000000 679.000000
1044.666667 687.333333
1038.333333 695.666667
1031.666667 704.000000
1025.333333 711.666667
1019.000000 719.333333
1012.666667 726.666667
1006.000000 734.333333
999.000000 741.666667
991.666667 749.000000
984.000000 755.666667
977.000000 761.333333
971.333333 766.000000
967.000000 769.666667
963.666667 772.666667
961.000000 775.333333
959.000000 778.000000
957.333333 780.666667
956.000000 783.000000
955.333333 784.666667
955.000000 786.000000
955.000000 787.000000
955.000000 787.333333
