682.333333 371.333333
682.000000 368.000000
682.000000 364.333333
682.000000 360.333333
682.000000 356.000000
682.000000 351.000000
681.666667 345.666667
681.333333 339.666667
680.666667 333.000000
680.000000 326.000000
678.666667 318.666667
677.333333 311.666667
676.000000 304.666667
674.666667 298.000000
673.000000 291.000000
670.666667 284.000000
668.000000 277.333333
665.000000 270.666667
661.666667 264.333333
657.666667 258.000000
652.666667 252.000000
647.333333 246.000000
642.000000 240.000000
637.000000 234.333333
631.666667 228.666667
626.000000 223.333333
619.666667 217.666667
612.666667 212.333333
605.333333 207.333333
598.333333 203.000000
591.666667 199.333333
585.333333 196.000000
578.666667 193.000000
572.000000 190.333333
564.666667 188.000000
557.666667 186.000000
550.666667 184.333333
544.333333 183.000000
538.000000 182.000000
531.666667 181.000000
525.000000 180.000000
518.000000 179.666667
506.333333 180.000000
495.000000 181.000000
482.000000 182.333333
474.000000 183.666667
466.000000 185.333333
460.333333 187.000000
454.666667 189.333333
449.333333 192.333333
444.333333 195.666667
439.666667 199.333333
435.333333 203.333333
430.666667 208.333333
426.333333 213.666667
422.333333 219.333333
419.000000 225.333333
416.333333 231.666667
414.333333 238.333333
413.000000 245.000000
412.000000 252.333333
411.333333 259.666667
411.000000 267.333333
411.333333 274.666667
411.666667 282.333333
412.333333 289.666667
413.000000 297.333333
414.333333 304.666667
415.666667 312.000000
417.666667 319.000000
419.666667 326.000000
422.000000 333.333333
424.333333 341.000000
426.666667 349.333333
429.666667 358.000000
432.666667 367.000000
435.666667 375.666667
438.333333 384.000000
440.666667 392.000000
443.333333 400.000000
446.000000 408.000000
449.000000 416.000000
452.000000 423.666667
455.333333 431.333333
459.000000 439.333333
463.000000 447.666667
467.333333 456.000000
472.000000 464.333333
477.000000 472.666667
482.333333 481.000000
488.333333 489.000000
495.000000 497.000000
502.000000 505.000000
509.333333 513.000000
516.666667 521.333333
524.666667 530.333333
533.333333 540.333333
542.666667 550.666667
552.000000 561.000000
560.666667 571.000000
569.333333 581.000000
578.000000 590.666667
586.333333 599.333333
594.333333 607.333333
601.666667 614.666667
608.666667 621.666667
615.000000 628.333333
621.000000 635.000000
626.666667 641.666667
632.333333 648.333333
638.000000 654.666667
643.666667 661.000000
649.000000 666.666667
653.666667 672.000000
658.000000 677.333333
662.000000 682.666667
666.000000 688.000000
669.666667 692.666667
673.333333 697.666667
677.000000 702.666667
681.000000 707.666667
685.000000 712.333333
689.000000 717.000000
693.000000 721.666667
697.000000 726.000000
701.000000 730.000000
705.000000 733.666667
709.000000 737.000000
712.666667 740.000000
716.333333 743.000000
719.666667 745.666667
723.000000 748.333333
725.666667 750.333333
727.666667 752.333333
729.333333 754.000000
730.666667 755.666667
732.000000 757.000000
733.000000 758.000000
