698.000000 349.000000
698.666667 347.333333
699.000000 345.666667
699.000000 343.333333
698.666667 341.000000
698.000000 338.000000
697.000000 335.000000
695.666667 331.666667
694.000000 328.000000
691.666667 323.666667
689.000000 319.000000
686.333333 314.000000
683.666667 309.333333
681.333333 304.666667
678.666667 300.333333
676.333333 296.000000
673.666667 292.000000
671.333333 288.000000
668.666667 283.666667
666.000000 279.333333
663.000000 275.000000
660.000000 271.000000
656.666667 267.000000
653.333333 263.333333
650.000000 259.666667
647.000000 256.333333
644.000000 253.000000
641.333333 250.000000
638.666667 247.333333
636.333333 244.666667
633.666667 242.333333
631.333333 239.666667
628.666667 237.000000
626.000000 234.000000
623.000000 231.000000
619.666667 227.666667
616.000000 224.333333
612.000000 220.666667
608.000000 217.000000
603.666667 213.333333
599.333333 210.000000
594.666667 207.000000
590.333333 204.000000
586.000000 201.333333
582.000000 199.000000
578.333333 197.000000
574.666667 195.000000
571.000000 193.333333
567.000000 191.666667
563.000000 190.333333
559.000000 189.000000
553.666667 188.000000
548.666667 187.000000
530.000000 186.666667
512.333333 187.000000
494.333333 188.000000
489.666667 189.000000
485.000000 190.000000
480.000000 191.000000
475.000000 192.333333
470.000000 193.666667
464.666667 195.333333
459.666667 197.000000
454.666667 198.666667
450.333333 200.333333
446.333333 201.666667
443.000000 203.333333
440.000000 205.000000
437.333333 206.666667
435.000000 208.333333
433.000000 210.000000
431.000000 212.000000
429.000000 214.333333
427.000000 216.666667
425.000000 219.333333
423.000000 222.000000
421.000000 224.666667
419.333333 227.000000
417.666667 229.000000
416.333333 231.000000
415.000000 233.000000
414.000000 235.000000
413.000000 237.000000
411.666667 239.000000
410.333333 241.333333
408.666667 244.333333
407.333333 247.666667
405.666667 251.000000
404.333333 254.333333
403.000000 257.666667
402.000000 261.000000
401.000000 264.333333
400.333333 267.666667
399.666667 271.000000
399.000000 273.666667
398.333333 276.333333
398.000000 279.000000
397.666667 282.333333
397.333333 285.666667
397.000000 289.333333
397.000000 292.666667
397.000000 296.333333
397.333333 300.333333
397.666667 304.666667
398.333333 309.000000
398.666667 313.000000
399.333333 317.333333
400.000000 322.000000
401.000000 327.000000
402.000000 331.666667
403.000000 336.333333
404.000000 341.000000
405.333333 346.000000
407.333333 351.333333
410.000000 356.666667
413.000000 362.666667
416.000000 368.333333
419.000000 374.000000
422.000000 379.333333
425.000000 384.333333
428.000000 389.000000
430.666667 392.666667
433.666667 396.000000
436.666667 399.333333
440.666667 403.333333
445.000000 407.666667
450.333333 412.666667
456.000000 417.333333
461.666667 422.333333
467.000000 426.666667
471.666667 431.333333
476.000000 436.000000
480.333333 441.000000
484.666667 446.000000
489.000000 451.000000
493.333333 456.000000
498.000000 461.666667
503.000000 467.666667
508.000000 474.000000
513.000000 480.666667
517.666667 488.000000
522.000000 496.000000
526.000000 504.000000
529.666667 511.333333
533.000000 518.333333
536.000000 525.000000
539.000000 532.000000
542.333333 539.000000
546.000000 546.000000
550.000000 552.666667
554.000000 559.000000
558.000000 565.000000
562.333333 571.000000
566.666667 577.333333
571.333333 584.000000
576.000000 591.333333
581.000000 599.000000
586.000000 607.000000
591.000000 614.333333
596.000000 621.333333
601.000000 628.000000
605.666667 634.666667
610.333333 641.000000
614.666667 647.000000
619.333333 653.000000
624.000000 659.000000
629.333333 664.666667
635.000000 670.333333
641.000000 676.000000
647.000000 682.000000
652.666667 688.333333
658.000000 694.333333
663.333333 700.333333
668.666667 706.000000
673.666667 711.666667
678.666667 717.000000
683.666667 721.666667
689.333333 726.000000
694.666667 730.000000
700.000000 734.000000
705.000000 738.000000
709.666667 742.333333
714.000000 746.666667
718.000000 750.666667
721.666667 754.000000
724.666667 756.666667
727.000000 759.000000
729.000000 760.666667
730.666667 762.333333
732.333333 763.666667
733.666667 765.000000
