731.666667 432.666667
729.000000 431.000000
728.000000 428.666667
727.000000 426.000000
726.333333 422.666667
725.666667 419.000000
725.333333 414.666667
725.000000 410.000000
725.333333 405.000000
726.000000 399.666667
727.000000 394.000000
728.000000 387.666667
729.666667 380.666667
732.000000 373.000000
735.333333 365.333333
739.000000 357.666667
743.333333 349.666667
748.000000 340.666667
753.000000 331.333333
757.666667 322.000000
762.333333 313.000000
767.666667 303.666667
774.000000 294.333333
781.333333 285.000000
788.666667 276.333333
796.000000 268.000000
802.666667 260.666667
809.666667 253.333333
817.333333 246.333333
826.000000 239.000000
834.666667 232.333333
843.000000 226.000000
850.666667 220.333333
858.666667 214.666667
867.333333 209.333333
877.000000 204.333333
886.666667 200.333333
895.666667 196.666667
905.000000 193.000000
915.000000 189.333333
925.666667 186.000000
935.666667 183.000000
945.000000 179.666667
954.666667 176.333333
965.000000 173.000000
975.666667 170.333333
985.333333 168.000000
994.333333 166.333333
1003.000000 164.666667
1012.333333 163.333333
1021.666667 162.000000
1030.666667 161.000000
1052.000000 160.666667
1072.333333 161.000000
1091.666667 162.000000
1097.000000 163.333333
1102.333333 165.000000
1108.333333 167.333333
1115.000000 170.000000
1121.666667 173.000000
1128.333333 176.333333
1134.333333 179.666667
1140.000000 183.000000
1144.666667 186.000000
1149.000000 189.333333
1153.000000 193.000000
1157.666667 197.000000
1162.333333 201.000000
1167.333333 205.000000
1172.000000 209.333333
1176.666667 214.000000
1181.000000 218.666667
1184.666667 223.000000
1188.000000 227.000000
1191.000000 231.000000
1193.666667 235.000000
1196.000000 238.666667
1198.000000 242.666667
1200.000000 247.000000
1201.666667 252.000000
1203.333333 257.333333
1204.666667 263.000000
1206.333333 269.000000
1207.666667 274.666667
1209.333333 280.333333
1211.000000 286.000000
1213.000000 292.000000
1214.666667 298.333333
1216.333333 305.000000
1217.666667 312.000000
1219.000000 318.666667
1220.000000 325.000000
1220.666667 331.000000
1221.333333 336.666667
1221.666667 342.333333
1222.000000 348.000000
1222.000000 354.000000
1221.666667 359.666667
1221.333333 365.333333
1221.000000 370.666667
1220.666667 376.000000
1220.000000 380.666667
1218.666667 385.000000
1217.000000 389.333333
1215.000000 394.000000
1213.000000 399.333333
1210.666667 405.000000
1208.333333 411.000000
1206.000000 417.000000
1203.666667 423.000000
1201.000000 429.000000
1197.666667 435.000000
1193.666667 441.666667
1188.666667 448.666667
1182.666667 456.333333
1176.333333 463.333333
1170.000000 470.666667
1164.000000 477.333333
1158.000000 484.666667
1151.333333 492.333333
1143.666667 501.000000
1135.333333 509.666667
1127.000000 518.000000
1119.333333 526.333333
1111.666667 535.000000
1103.666667 544.333333
1094.666667 553.333333
1085.666667 562.000000
1077.333333 570.000000
1070.000000 577.666667
1063.000000 585.333333
1055.666667 593.000000
1047.666667 601.333333
1039.333333 609.333333
1031.333333 616.666667
1022.000000 625.333333
1013.000000 634.000000
1004.000000 643.000000
996.333333 650.333333
988.666667 657.333333
981.000000 664.000000
974.333333 670.000000
968.000000 676.333333
962.000000 682.666667
955.000000 689.666667
947.000000 696.666667
938.666667 703.666667
931.000000 710.333333
924.333333 716.666667
917.666667 723.000000
911.000000 729.000000
903.333333 735.000000
895.666667 741.000000
888.333333 746.666667
882.000000 752.333333
876.333333 757.666667
871.000000 763.000000
865.666667 767.666667
859.666667 772.666667
853.000000 777.666667
846.000000 782.666667
839.333333 787.000000
833.333333 791.000000
828.333333 795.000000
823.666667 799.000000
819.333333 803.000000
815.333333 807.000000
811.666667 810.666667
807.666667 814.000000
802.666667 817.000000
797.666667 819.666667
793.333333 821.666667
790.333333 823.000000
787.333333 824.000000
784.666667 824.333333
782.666667 824.000000
783.000000 822.333333
785.333333 820.000000
