688.333333 383.000000
766.333333 380.666667
766.000000 378.000000
766.333333 374.666667
766.666667 371.000000
767.000000 367.000000
767.000000 362.666667
767.000000 358.333333
767.000000 354.000000
767.333333 348.333333
768.000000 342.333333
768.666667 335.666667
769.333333 330.000000
769.666667 324.000000
770.666667 318.000000
771.333333 312.333333
772.666667 307.000000
773.666667 302.000000
775.333333 296.666667
777.333333 291.333333
780.000000 285.666667
783.000000 280.000000
786.333333 274.000000
790.000000 268.333333
794.000000 263.000000
798.000000 258.000000
802.000000 253.000000
806.333333 247.666667
811.000000 242.000000
816.000000 236.333333
821.000000 230.333333
826.666667 224.666667
832.666667 218.666667
839.000000 213.000000
845.000000 207.666667
851.000000 203.000000
856.666667 198.666667
862.666667 194.333333
869.000000 189.666667
875.666667 185.333333
882.333333 181.000000
888.666667 177.000000
895.000000 173.333333
900.666667 169.666667
906.666667 166.333333
912.666667 163.000000
919.000000 160.333333
925.000000 157.666667
931.333333 155.666667
937.333333 153.666667
943.333333 152.333333
948.666667 151.000000
954.000000 150.000000
959.000000 149.000000
964.333333 148.000000
971.666667 147.000000
979.333333 146.000000
988.000000 145.000000
1001.000000 144.666667
1015.666667 145.000000
1029.000000 146.000000
1037.333333 147.000000
1043.333333 148.333333
1050.333333 150.000000
1055.666667 152.000000
1061.000000 153.666667
1065.333333 155.666667
1069.666667 157.666667
1074.000000 160.000000
1078.000000 162.666667
1082.000000 165.666667
1086.000000 169.333333
1090.000000 173.333333
1093.666667 177.666667
1097.000000 182.333333
1100.000000 186.666667
1103.000000 191.666667
1105.666667 196.666667
1108.000000 202.666667
1110.000000 208.666667
1112.333333 215.000000
1114.333333 221.000000
1116.333333 226.666667
1117.666667 232.000000
1119.333333 237.000000
1120.333333 242.000000
1121.333333 247.333333
1122.000000 253.000000
1122.666667 259.000000
1123.000000 265.000000
1123.000000 271.000000
1123.000000 277.000000
1122.666667 283.333333
1122.000000 289.666667
1121.333333 296.333333
1120.666667 303.000000
1120.000000 310.000000
1119.000000 316.666667
1117.666667 323.000000
1116.333333 328.666667
1115.000000 334.333333
1113.666667 340.000000
1112.333333 346.000000
1111.000000 352.000000
1109.666667 358.000000
1108.333333 364.000000
1106.666667 370.000000
1105.333333 375.666667
1103.666667 381.333333
1102.000000 387.000000
1100.333333 393.000000
1098.666667 399.000000
1097.000000 405.000000
1095.000000 411.000000
1093.000000 417.000000
1090.666667 422.666667
1088.000000 428.000000
1085.000000 433.000000
1081.666667 438.333333
1078.000000 444.000000
1074.000000 450.000000
1070.000000 456.000000
1066.000000 462.000000
1062.000000 467.666667
1058.333333 473.333333
1055.000000 478.666667
1051.333333 484.000000
1047.000000 489.333333
1041.666667 495.000000
1036.000000 501.000000
1030.333333 507.000000
1025.000000 512.666667
1020.000000 518.000000
1015.000000 523.333333
1010.000000 528.666667
1004.333333 534.333333
998.000000 539.666667
991.000000 545.333333
984.333333 550.666667
978.333333 556.000000
973.000000 561.000000
968.000000 565.666667
963.000000 570.333333
957.666667 574.666667
952.000000 579.333333
945.666667 584.333333
939.000000 589.666667
932.666667 595.333333
926.666667 601.000000
921.333333 607.000000
916.000000 612.666667
911.333333 618.000000
906.333333 623.000000
900.666667 628.000000
894.666667 633.000000
888.666667 638.333333
883.333333 643.666667
878.000000 649.000000
873.333333 654.000000
868.666667 659.000000
864.333333 663.666667
859.666667 668.333333
854.333333 673.000000
848.333333 677.333333
842.333333 681.333333
837.000000 685.000000
832.333333 688.666667
828.000000 692.333333
824.333333 696.000000
821.000000 699.666667
818.333333 703.000000
816.333333 705.666667
814.666667 708.000000
813.333333 710.000000
812.333333 712.000000
811.666667 713.666667
811.333333 715.000000
810.666667 716.000000
810.333333 717.000000
810.000000 718.000000
810.000000 718.333333
810.333333 717.666667
