693.333333 401.000000
694.666667 399.000000
696.000000 396.666667
697.000000 394.000000
698.000000 391.000000
699.000000 388.000000
699.666667 385.000000
700.000000 381.666667
700.333333 378.000000
700.333333 374.333333
700.333333 370.666667
700.000000 366.666667
699.666667 362.333333
699.000000 357.666667
698.000000 353.333333
697.000000 348.333333
695.666667 343.333333
694.000000 337.666667
692.000000 331.666667
690.000000 325.333333
688.000000 318.666667
685.666667 312.333333
683.333333 305.666667
680.666667 299.333333
678.000000 292.666667
675.333333 286.000000
672.666667 279.333333
670.000000 273.000000
667.000000 267.333333
664.000000 261.666667
661.000000 256.666667
657.666667 252.000000
654.333333 248.000000
650.666667 244.000000
647.333333 240.333333
643.666667 236.666667
640.000000 233.333333
636.333333 229.666667
632.666667 226.000000
629.333333 222.333333
625.666667 218.666667
622.000000 215.333333
618.000000 212.000000
614.333333 209.333333
610.666667 206.666667
607.000000 204.333333
603.333333 202.000000
599.666667 200.000000
596.000000 198.000000
592.333333 196.333333
589.000000 194.666667
586.000000 193.333333
583.000000 191.666667
580.000000 190.333333
577.000000 189.000000
574.000000 188.000000
571.000000 187.000000
568.000000 185.666667
564.666667 184.333333
561.333333 183.000000
558.000000 182.000000
554.666667 181.000000
551.333333 180.000000
546.666667 179.000000
542.666667 178.000000
535.666667 177.000000
525.000000 176.666667
511.333333 177.000000
499.333333 178.000000
492.333333 179.000000
486.666667 180.000000
482.333333 181.000000
478.000000 182.000000
474.666667 183.000000
471.333333 184.333333
467.666667 186.000000
464.333333 187.666667
461.000000 189.333333
458.000000 190.666667
455.000000 192.333333
452.333333 193.666667
449.666667 195.333333
447.333333 197.000000
445.000000 198.666667
443.000000 200.666667
440.666667 203.000000
438.666667 205.666667
436.666667 208.333333
435.000000 211.333333
433.333333 214.666667
431.666667 217.666667
430.333333 220.333333
429.000000 223.000000
428.000000 225.666667
427.000000 228.333333
425.666667 231.333333
424.333333 234.666667
423.000000 238.000000
422.000000 241.333333
421.000000 244.333333
420.000000 247.333333
419.000000 250.000000
418.000000 252.666667
417.000000 254.666667
416.000000 256.666667
415.333333 258.333333
414.666667 260.666667
414.333333 262.666667
413.666667 265.333333
413.333333 268.000000
413.000000 271.333333
412.666667 275.000000
412.666667 279.000000
412.666667 283.000000
413.000000 287.000000
413.000000 291.000000
413.000000 295.000000
413.000000 299.000000
413.333333 302.666667
413.666667 306.333333
414.000000 309.666667
414.333333 313.333333
414.666667 316.666667
415.333333 320.000000
415.666667 323.333333
416.333333 326.333333
417.000000 329.666667
418.000000 333.000000
419.333333 337.333333
420.666667 342.000000
422.333333 346.666667
424.000000 351.666667
426.000000 356.666667
428.000000 362.666667
430.000000 368.333333
432.000000 374.000000
434.000000 379.000000
436.333333 383.666667
439.000000 388.333333
442.333333 392.666667
445.666667 397.333333
449.666667 402.000000
453.666667 407.000000
458.000000 412.333333
462.333333 417.666667
466.333333 423.333333
470.666667 428.666667
474.666667 434.333333
479.000000 440.000000
483.000000 446.000000
487.000000 452.000000
490.666667 457.666667
494.333333 463.000000
498.000000 468.000000
502.000000 473.000000
506.333333 478.000000
510.666667 483.333333
515.000000 489.000000
519.333333 495.000000
524.000000 501.000000
528.666667 507.000000
533.666667 512.666667
539.000000 518.333333
545.333333 524.000000
551.666667 529.666667
557.666667 535.333333
563.333333 541.000000
569.333333 547.000000
575.666667 553.666667
582.333333 560.666667
589.000000 568.000000
596.000000 575.666667
602.666667 583.666667
609.000000 592.000000
615.000000 600.000000
620.666667 607.333333
626.333333 614.000000
632.000000 620.000000
638.333333 626.000000
644.666667 632.000000
651.000000 637.666667
657.000000 643.000000
663.333333 648.000000
669.666667 653.000000
676.333333 657.666667
682.666667 662.333333
689.000000 666.666667
694.666667 671.333333
700.000000 676.000000
705.000000 681.333333
709.666667 687.333333
714.000000 693.666667
717.666667 700.000000
721.000000 706.000000
724.000000 712.000000
726.666667 717.666667
729.000000 723.000000
731.000000 727.333333
732.666667 731.000000
734.000000 733.666667
735.000000 735.666667
735.666667 737.000000
736.333333 738.000000
736.666667 739.000000
