528.000000 388.000000
528.666667 385.000000
529.333333 381.666667
529.666667 377.666667
530.000000 373.000000
530.333333 367.333333
530.666667 361.666667
531.000000 355.666667
531.000000 350.333333
531.000000 345.000000
531.333333 340.000000
531.333333 334.666667
531.333333 329.000000
531.000000 323.333333
531.000000 317.666667
531.000000 312.333333
530.666667 307.000000
530.333333 301.333333
530.000000 295.666667
529.666667 289.333333
529.000000 283.333333
528.000000 276.666667
527.000000 270.000000
526.000000 263.333333
524.666667 257.000000
523.000000 250.666667
521.000000 244.000000
518.666667 237.000000
515.333333 230.000000
511.000000 223.000000
506.000000 216.333333
501.000000 210.000000
496.000000 204.333333
491.333333 198.666667
486.666667 193.333333
482.333333 188.000000
477.666667 183.333333
473.000000 178.333333
467.333333 173.666667
461.333333 169.000000
455.000000 165.333333
449.333333 162.000000
444.000000 159.333333
439.333333 157.000000
434.666667 155.000000
430.333333 153.333333
425.666667 152.000000
419.000000 151.666667
410.000000 152.333333
401.000000 154.000000
394.333333 156.000000
390.000000 158.000000
385.666667 160.333333
381.333333 163.000000
376.666667 166.666667
371.666667 171.000000
366.333333 176.000000
361.000000 181.333333
356.000000 187.000000
351.000000 193.333333
346.666667 200.333333
343.000000 208.333333
340.000000 216.333333
337.666667 224.000000
335.666667 230.666667
334.333333 236.666667
333.000000 241.666667
332.333333 246.000000
332.000000 249.666667
331.666667 253.666667
331.333333 257.666667
331.000000 262.000000
331.000000 267.000000
331.000000 272.333333
331.000000 278.000000
331.000000 283.333333
331.333333 289.333333
331.666667 296.333333
332.000000 304.333333
332.000000 312.666667
332.000000 320.666667
332.333333 328.000000
332.666667 334.666667
333.000000 341.666667
333.333333 348.333333
333.666667 355.000000
334.333333 361.333333
335.000000 367.666667
336.000000 373.666667
337.000000 379.333333
338.000000 385.000000
339.333333 391.666667
341.000000 399.000000
343.000000 407.000000
344.666667 414.666667
346.333333 421.666667
347.666667 427.333333
348.666667 432.000000
349.333333 435.333333
349.666667 438.333333
350.333333 441.333333
350.666667 445.000000
351.666667 449.666667
353.000000 455.000000
355.333333 461.333333
358.333333 468.000000
362.000000 475.666667
366.000000 484.333333
370.000000 494.000000
373.666667 503.666667
377.000000 512.666667
380.333333 521.333333
383.666667 530.000000
387.666667 539.000000
391.666667 547.333333
396.666667 555.333333
402.000000 562.333333
408.000000 569.333333
414.000000 575.666667
420.666667 582.666667
428.333333 590.333333
437.333333 599.000000
447.000000 607.666667
456.666667 615.666667
465.666667 623.666667
474.666667 632.333333
484.000000 642.000000
493.666667 651.666667
502.666667 660.666667
511.000000 668.666667
520.000000 677.000000
529.666667 685.666667
539.666667 695.000000
549.000000 703.666667
558.000000 711.666667
567.333333 719.000000
577.000000 726.000000
587.000000 733.000000
596.666667 740.000000
605.666667 747.000000
614.000000 754.333333
622.666667 761.666667
632.000000 769.000000
641.000000 775.666667
648.666667 781.666667
654.333333 786.666667
659.000000 791.333333
662.666667 795.666667
665.666667 800.000000
667.666667 803.666667
668.666667 806.666667
669.333333 808.666667
669.666667 810.000000
670.000000 811.000000
669.666667 811.333333
669.333333 810.666667
669.000000 808.666667
669.000000 806.333333
669.000000 803.000000
