848.000000 320.666667
848.000000 318.666667
776.000000 316.000000
704.000000 312.666667
632.000000 309.333333
632.000000 305.666667
631.666667 302.333333
631.333333 298.666667
631.000000 295.333333
631.000000 292.000000
631.000000 289.000000
631.000000 286.000000
631.000000 283.000000
630.666667 280.000000
630.000000 276.666667
629.333333 273.666667
628.666667 270.666667
628.333333 267.666667
627.666667 264.000000
627.000000 260.333333
626.000000 257.000000
625.000000 254.000000
624.000000 251.000000
623.000000 247.666667
622.000000 244.333333
620.666667 241.000000
619.333333 237.666667
617.666667 234.000000
616.333333 230.333333
614.666667 226.666667
613.000000 223.333333
611.000000 220.000000
609.000000 216.666667
606.666667 213.333333
604.000000 209.666667
601.000000 206.333333
598.000000 203.000000
594.666667 200.000000
591.666667 197.000000
588.666667 194.333333
586.000000 191.666667
583.000000 189.000000
580.000000 186.333333
577.000000 183.666667
574.000000 181.000000
570.666667 178.000000
567.333333 175.333333
563.666667 173.000000
560.000000 171.000000
556.000000 169.000000
552.000000 167.000000
548.333333 165.333333
544.666667 164.000000
541.333333 163.000000
537.666667 161.666667
534.333333 160.333333
531.000000 159.000000
527.333333 157.666667
523.000000 156.333333
517.666667 155.000000
512.000000 154.000000
506.333333 153.000000
501.000000 152.000000
494.333333 151.000000
487.666667 150.000000
479.000000 149.000000
469.666667 148.000000
457.666667 147.000000
441.000000 146.666667
424.000000 147.000000
409.333333 148.000000
401.333333 149.000000
396.000000 150.000000
391.333333 151.000000
386.666667 152.333333
382.000000 154.000000
377.000000 156.333333
372.000000 159.000000
367.000000 162.000000
361.666667 165.333333
356.666667 169.000000
351.666667 173.000000
347.666667 177.000000
343.666667 181.000000
340.333333 185.000000
336.666667 189.000000
333.333333 193.333333
330.000000 198.000000
326.666667 203.333333
323.666667 209.000000
320.666667 215.000000
318.333333 221.000000
316.333333 227.000000
315.000000 232.666667
313.666667 238.333333
312.333333 244.000000
311.333333 250.000000
311.000000 256.333333
311.000000 262.666667
311.000000 269.000000
311.000000 275.000000
311.333333 281.000000
312.000000 287.000000
313.000000 293.333333
314.333333 299.666667
315.666667 306.666667
317.333333 313.666667
319.333333 321.000000
321.666667 328.333333
324.333333 336.000000
326.666667 344.333333
329.333333 352.666667
332.000000 361.333333
334.666667 369.333333
337.666667 377.000000
340.666667 384.000000
344.333333 391.000000
348.000000 398.000000
352.333333 404.666667
357.000000 411.333333
362.333333 418.000000
367.666667 425.000000
373.333333 432.666667
379.000000 440.666667
385.000000 449.000000
390.666667 457.000000
396.333333 464.666667
402.000000 471.666667
407.666667 478.333333
413.333333 484.666667
418.333333 491.333333
423.333333 498.000000
428.000000 505.000000
432.666667 511.666667
437.666667 518.333333
443.000000 525.000000
449.666667 532.333333
456.666667 540.333333
463.666667 549.000000
470.333333 557.666667
477.000000 566.000000
484.000000 574.000000
491.333333 581.666667
498.666667 589.666667
506.000000 597.666667
512.666667 605.666667
519.000000 613.333333
525.666667 621.333333
533.000000 630.333333
541.000000 640.666667
549.000000 651.333333
557.000000 663.000000
564.666667 674.666667
572.666667 687.333333
580.666667 699.666667
589.333333 712.333333
597.666667 724.666667
605.666667 737.000000
613.000000 748.333333
620.333333 759.000000
627.666667 768.666667
635.000000 778.333333
642.000000 787.666667
649.000000 796.666667
655.666667 805.000000
661.666667 812.333333
667.000000 819.333333
671.666667 825.333333
675.666667 831.000000
679.000000 835.666667
681.666667 839.666667
684.333333 843.000000
686.333333 845.666667
688.333333 847.666667
689.666667 849.333333
691.000000 850.666667
692.333333 852.000000
693.666667 853.000000
695.000000 854.000000
696.000000 854.333333
