718.666667 335.000000
717.666667 331.666667
716.333333 328.000000
714.666667 324.000000
712.666667 320.000000
710.000000 316.000000
706.666667 311.333333
703.000000 306.333333
698.666667 301.000000
694.000000 295.666667
688.666667 289.666667
682.666667 283.333333
676.000000 276.666667
668.666667 270.000000
661.000000 263.000000
653.333333 256.000000
646.000000 249.333333
639.000000 243.000000
631.666667 236.666667
623.666667 230.000000
615.333333 223.333333
607.000000 217.000000
599.000000 211.000000
591.333333 205.000000
583.666667 199.000000
576.000000 193.333333
568.000000 188.000000
560.000000 183.333333
552.666667 179.333333
545.666667 176.000000
539.333333 173.000000
533.000000 170.666667
527.000000 168.666667
520.666667 167.000000
514.000000 165.000000
507.000000 163.333333
500.333333 162.000000
494.000000 161.000000
487.666667 160.000000
477.333333 159.666667
467.333333 160.000000
457.666667 161.000000
452.333333 162.333333
447.333333 164.000000
443.333333 166.000000
439.666667 168.000000
436.333333 170.333333
433.000000 172.666667
430.000000 175.333333
427.000000 178.333333
424.000000 181.666667
421.333333 185.333333
418.666667 189.333333
416.333333 194.333333
414.333333 200.000000
413.000000 206.000000
412.000000 212.333333
411.333333 218.333333
411.000000 224.333333
411.000000 230.000000
410.666667 235.666667
410.333333 241.333333
410.333333 247.000000
410.666667 252.666667
411.333333 258.333333
412.000000 264.000000
413.000000 269.666667
414.000000 275.333333
415.000000 281.000000
416.333333 287.000000
418.000000 293.000000
419.666667 298.666667
421.333333 304.666667
423.000000 310.666667
425.000000 316.666667
427.000000 322.333333
429.333333 328.333333
431.666667 334.666667
434.333333 341.000000
437.000000 347.000000
440.333333 353.000000
444.000000 359.333333
448.000000 365.666667
452.000000 372.000000
456.000000 378.000000
460.000000 383.666667
464.000000 389.333333
468.333333 395.000000
472.666667 401.000000
477.333333 407.000000
481.666667 413.333333
486.666667 420.333333
492.000000 427.333333
498.333333 434.666667
504.666667 441.666667
511.333333 449.333333
517.666667 456.333333
524.666667 463.666667
532.000000 471.000000
540.333333 479.333333
548.666667 488.000000
557.000000 497.000000
564.666667 506.000000
572.333333 515.333333
580.000000 524.666667
588.000000 534.333333
595.666667 543.666667
603.000000 553.333333
610.000000 562.666667
616.666667 571.666667
623.000000 580.333333
628.666667 588.666667
634.333333 597.333333
639.666667 605.333333
645.000000 613.333333
650.333333 620.666667
655.666667 628.333333
661.000000 636.333333
666.000000 644.666667
671.333333 653.000000
676.666667 660.666667
682.000000 668.000000
687.000000 675.000000
692.333333 681.666667
697.666667 687.666667
702.666667 693.000000
707.000000 697.333333
710.666667 701.000000
713.666667 703.666667
716.000000 705.666667
717.666667 707.666667
719.000000 709.333333
720.000000 711.000000
720.666667 712.000000
721.333333 713.000000
