666.666667 407.000000
614.333333 405.666667
562.333333 403.666667
563.000000 401.333333
563.666667 398.666667
564.333333 396.000000
565.000000 392.666667
566.000000 389.000000
566.666667 384.666667
567.333333 380.333333
568.000000 375.666667
568.666667 371.333333
569.000000 366.666667
569.333333 362.333333
569.666667 357.666667
570.000000 353.333333
570.000000 348.666667
570.000000 344.333333
569.666667 339.333333
569.000000 334.000000
568.000000 328.000000
567.000000 322.000000
565.666667 316.000000
564.000000 310.000000
562.000000 304.000000
559.666667 298.000000
557.333333 292.000000
554.666667 285.666667
551.666667 279.000000
548.000000 272.000000
544.333333 265.000000
540.666667 258.333333
537.333333 251.666667
533.666667 245.333333
530.000000 238.333333
526.000000 231.666667
522.000000 225.333333
518.000000 219.666667
513.666667 214.333333
509.000000 209.333333
504.333333 204.666667
499.666667 200.666667
495.333333 197.000000
490.666667 194.000000
486.333333 190.666667
481.666667 187.333333
477.000000 183.666667
472.000000 180.333333
466.666667 177.000000
461.333333 174.333333
456.000000 171.666667
451.333333 169.333333
447.000000 167.000000
443.333333 164.666667
439.666667 162.666667
436.333333 160.666667
433.000000 159.000000
430.000000 157.333333
426.333333 155.666667
422.333333 154.000000
417.666667 152.333333
412.666667 151.000000
407.333333 150.000000
401.666667 149.000000
392.333333 148.000000
382.333333 147.666667
370.333333 148.000000
360.666667 149.000000
350.333333 150.000000
343.000000 151.000000
337.666667 152.000000
334.000000 153.000000
330.000000 154.000000
326.000000 155.333333
322.000000 157.000000
318.000000 159.000000
314.000000 161.000000
310.000000 163.666667
306.333333 166.666667
303.000000 170.333333
300.000000 174.000000
297.000000 178.000000
294.333333 182.000000
292.000000 185.666667
290.333333 189.333333
289.000000 192.666667
288.000000 196.333333
287.000000 199.666667
286.000000 203.333333
285.000000 207.000000
284.333333 211.333333
284.000000 216.000000
284.000000 221.000000
283.666667 226.000000
283.333333 231.000000
283.000000 236.333333
283.000000 242.000000
283.333333 248.000000
283.666667 254.333333
284.000000 260.666667
284.333333 267.000000
284.666667 273.000000
285.000000 279.000000
285.333333 285.000000
285.666667 291.000000
286.333333 297.333333
287.000000 303.666667
288.000000 310.000000
289.000000 316.000000
290.000000 322.000000
291.000000 328.333333
292.000000 335.000000
293.333333 342.000000
295.000000 349.000000
297.000000 356.333333
299.333333 364.000000
302.000000 371.666667
305.000000 379.000000
308.333333 386.000000
312.000000 393.000000
316.000000 400.000000
320.000000 406.333333
323.666667 412.333333
327.000000 417.666667
329.666667 422.666667
332.333333 427.333333
335.000000 431.666667
337.666667 436.333333
340.333333 440.666667
343.333333 445.333333
346.666667 450.000000
350.333333 455.333333
354.333333 460.666667
359.000000 466.333333
363.666667 471.666667
368.333333 477.333333
372.666667 482.666667
377.000000 488.000000
381.000000 493.000000
385.000000 497.666667
389.000000 502.333333
393.333333 507.000000
398.000000 512.000000
403.000000 517.333333
408.333333 523.000000
413.666667 529.000000
419.333333 535.666667
424.666667 542.666667
430.333333 550.000000
436.000000 557.000000
442.000000 563.666667
447.666667 570.000000
453.666667 576.000000
459.333333 581.666667
465.333333 587.333333
471.000000 593.333333
477.000000 599.666667
483.000000 606.000000
489.000000 612.000000
495.333333 618.000000
501.333333 623.666667
507.000000 629.333333
512.333333 635.000000
517.333333 640.666667
522.000000 646.333333
526.000000 652.000000
530.000000 657.666667
534.000000 663.333333
538.000000 668.666667
542.000000 674.000000
546.000000 679.000000
549.666667 683.666667
553.333333 688.000000
556.666667 692.000000
560.333333 696.000000
563.666667 700.000000
567.000000 704.000000
570.000000 707.666667
572.666667 711.333333
575.333333 715.000000
578.000000 718.666667
581.000000 722.333333
584.000000 726.000000
587.000000 729.666667
590.000000 733.000000
593.000000 736.000000
596.000000 739.333333
599.000000 742.666667
602.000000 746.000000
604.666667 749.000000
606.666667 751.333333
608.333333 753.333333
609.666667 754.666667
611.000000 756.333333
612.000000 757.666667
612.666667 759.333333
613.333333 760.666667
613.666667 762.000000
614.000000 763.333333
614.000000 765.000000
614.000000 766.666667
613.666667 768.333333
613.333333 769.666667
613.000000 771.000000
613.000000 772.000000
613.000000 773.000000
612.666667 774.000000
613.000000 772.666667
613.333333 770.000000
