810.000000 412.000000
810.666667 411.000000
811.000000 410.000000
811.000000 409.000000
811.000000 407.666667
810.666667 406.333333
810.333333 404.666667
810.000000 403.333333
809.666667 401.666667
809.333333 400.333333
809.000000 398.666667
809.000000 397.333333
808.666667 395.666667
808.333333 394.000000
807.666667 392.333333
807.000000 390.666667
806.333333 389.000000
805.666667 387.000000
805.000000 385.000000
804.000000 382.666667
803.333333 380.333333
803.000000 378.000000
803.000000 375.666667
802.666667 373.000000
802.333333 370.000000
802.333333 366.666667
803.000000 363.333333
804.000000 360.000000
805.000000 356.666667
806.000000 353.666667
807.000000 350.666667
808.000000 348.000000
809.000000 345.000000
810.000000 342.000000
811.000000 338.666667
812.333333 335.000000
813.666667 330.666667
815.333333 326.000000
817.000000 321.000000
819.333333 316.000000
822.000000 311.000000
825.000000 306.333333
828.333333 302.000000
832.000000 298.333333
836.000000 294.333333
840.000000 290.666667
844.333333 286.333333
848.666667 282.666667
853.000000 278.000000
856.666667 273.666667
860.666667 268.666667
864.666667 264.333333
869.333333 259.666667
874.333333 255.333333
880.333333 251.000000
886.666667 247.000000
892.666667 243.333333
898.000000 240.000000
903.000000 237.000000
908.333333 233.333333
914.333333 229.333333
921.333333 225.000000
928.666667 221.333333
936.000000 218.000000
942.666667 215.000000
948.666667 212.000000
955.000000 209.000000
961.333333 206.333333
968.666667 203.666667
976.000000 201.333333
983.666667 199.333333
990.666667 198.000000
996.666667 197.000000
1002.333333 195.666667
1008.000000 194.333333
1014.000000 193.000000
1020.333333 192.000000
1026.666667 191.000000
1033.000000 190.000000
1047.000000 189.666667
1063.333333 190.000000
1079.333333 191.000000
1087.333333 192.000000
1092.666667 193.000000
1098.000000 194.000000
1103.333333 195.333333
1109.000000 196.666667
1115.000000 198.333333
1121.000000 199.666667
1127.333333 201.333333
1133.333333 203.000000
1139.000000 205.000000
1143.666667 206.666667
1148.333333 208.666667
1153.000000 210.666667
1158.000000 213.000000
1163.333333 215.333333
1169.000000 218.333333
1174.666667 221.666667
1180.000000 225.333333
1184.666667 228.666667
1189.000000 232.000000
1192.666667 235.000000
1196.000000 238.000000
1199.000000 241.333333
1201.666667 244.666667
1204.333333 248.000000
1206.666667 251.333333
1209.333333 254.666667
1212.000000 258.333333
1215.000000 262.333333
1218.000000 266.666667
1220.666667 271.333333
1223.333333 275.666667
1225.666667 279.666667
1228.000000 283.333333
1229.666667 287.000000
1231.333333 291.333333
1233.000000 296.000000
1235.000000 301.333333
1236.666667 307.000000
1238.000000 313.000000
1238.666667 319.000000
1239.333333 325.000000
1239.666667 331.000000
1240.000000 337.333333
1240.000000 344.333333
1239.333333 351.666667
1238.333333 359.000000
1236.666667 366.000000
1235.333333 372.666667
1234.000000 379.000000
1232.666667 385.000000
1231.333333 390.666667
1229.666667 396.333333
1228.333333 401.666667
1227.000000 406.666667
1225.666667 411.333333
1224.333333 416.000000
1222.333333 420.666667
1220.333333 425.000000
1217.666667 429.333333
1215.000000 434.000000
1212.000000 439.000000
1209.000000 444.666667
1206.333333 450.666667
1203.666667 457.000000
1201.333333 462.666667
1199.000000 468.333333
1197.000000 473.666667
1194.666667 479.000000
1192.000000 483.666667
1189.000000 488.333333
1185.666667 493.000000
1182.000000 498.000000
1177.666667 503.333333
1173.000000 509.000000
1168.333333 514.666667
1163.666667 520.333333
1159.333333 525.666667
1155.000000 531.666667
1150.333333 537.666667
1145.333333 544.333333
1140.000000 551.000000
1134.666667 557.666667
1129.000000 564.000000
1123.333333 569.666667
1118.333333 575.000000
1114.000000 580.333333
1110.000000 585.666667
1106.000000 591.333333
1101.666667 597.000000
1096.666667 603.000000
1090.666667 609.000000
1084.333333 614.666667
1078.333333 619.666667
1073.000000 624.333333
1068.333333 628.666667
1064.000000 633.333333
1060.333333 638.333333
1056.666667 643.666667
1053.333333 648.666667
1049.000000 653.666667
1044.666667 658.666667
1039.333333 664.000000
1034.333333 668.666667
1029.000000 673.000000
1024.333333 676.666667
1019.666667 680.666667
1015.333333 685.000000
1010.666667 690.000000
1005.666667 695.000000
999.666667 700.333333
993.000000 705.666667
986.333333 711.000000
980.333333 715.666667
974.666667 720.333333
969.333333 724.666667
964.000000 729.333333
958.666667 734.333333
952.333333 739.666667
945.333333 745.000000
938.333333 749.666667
932.000000 754.333333
926.333333 758.666667
921.000000 762.666667
916.333333 766.000000
912.000000 768.666667
908.333333 771.000000
904.666667 773.000000
901.333333 774.666667
898.333333 776.000000
895.666667 777.000000
892.333333 778.000000
887.333333 779.000000
881.333333 779.333333
