767.000000 358.333333
754.666667 356.000000
742.000000 352.666667
729.333333 348.666667
728.666667 343.333333
728.000000 337.333333
726.666667 330.333333
725.000000 322.666667
723.000000 314.333333
721.000000 305.666667
718.333333 297.000000
715.333333 288.000000
711.333333 279.000000
707.000000 270.333333
702.000000 262.000000
696.333333 254.000000
690.333333 246.000000
683.666667 238.000000
676.666667 230.333333
668.666667 222.666667
660.333333 215.333333
652.000000 208.333333
644.333333 202.333333
636.666667 197.000000
629.333333 192.000000
621.666667 187.333333
613.666667 183.000000
605.333333 179.333333
597.000000 176.000000
588.666667 173.000000
579.666667 170.333333
569.666667 168.000000
559.333333 166.000000
548.666667 164.333333
538.000000 163.000000
523.000000 163.000000
508.333333 164.000000
493.666667 166.000000
483.333333 168.666667
473.000000 172.000000
463.666667 176.333333
455.000000 181.000000
447.333333 185.666667
440.333333 190.333333
434.333333 195.000000
429.000000 200.333333
424.666667 205.666667
421.000000 211.666667
418.333333 217.666667
416.333333 224.333333
415.333333 231.000000
415.000000 238.000000
415.333333 245.333333
416.333333 253.333333
418.000000 262.000000
420.000000 271.000000
422.000000 280.333333
424.000000 290.333333
426.333333 300.666667
429.000000 311.000000
432.666667 321.666667
436.666667 332.666667
441.333333 344.000000
446.333333 354.666667
452.000000 364.666667
458.000000 373.666667
464.333333 382.333333
470.666667 390.666667
477.666667 399.666667
485.333333 409.000000
493.666667 419.333333
502.333333 430.000000
510.666667 441.333333
519.333333 453.000000
528.333333 465.000000
538.000000 477.333333
547.666667 489.666667
557.000000 501.666667
566.000000 513.000000
575.333333 523.666667
585.000000 534.333333
594.666667 545.000000
604.333333 556.000000
614.000000 567.000000
624.666667 578.666667
635.666667 590.666667
647.000000 603.000000
658.000000 615.000000
669.333333 627.333333
680.666667 639.000000
692.000000 650.000000
702.666667 659.333333
713.000000 667.666667
723.000000 674.666667
732.333333 680.666667
741.000000 686.000000
748.666667 690.666667
755.666667 694.666667
761.666667 698.000000
766.666667 701.000000
770.333333 703.666667
773.333333 706.000000
775.333333 707.666667
776.666667 709.000000
777.666667 710.000000
778.333333 711.000000
