525.666667 367.000000
528.000000 366.000000
529.666667 365.000000
531.333333 363.666667
532.666667 361.666667
533.666667 359.000000
534.333333 356.000000
534.666667 353.000000
535.333333 350.000000
535.666667 347.333333
536.000000 344.666667
536.333333 342.333333
536.666667 340.000000
537.000000 338.000000
537.000000 335.666667
537.000000 333.000000
537.000000 330.000000
537.000000 326.333333
536.666667 322.000000
536.333333 317.000000
535.666667 312.000000
535.000000 307.000000
534.000000 302.000000
532.666667 296.666667
531.333333 291.000000
529.333333 284.666667
527.333333 278.333333
524.666667 272.000000
522.000000 266.000000
519.000000 260.333333
515.666667 254.666667
512.000000 249.333333
507.666667 243.666667
503.000000 238.333333
498.333333 232.666667
493.666667 227.333333
489.000000 221.666667
484.000000 216.333333
479.000000 210.666667
473.333333 205.333333
467.333333 200.000000
460.666667 195.000000
454.333333 190.000000
448.000000 185.000000
442.000000 180.333333
436.000000 175.666667
429.666667 171.333333
423.000000 167.000000
416.000000 163.000000
409.000000 159.333333
402.000000 155.666667
395.333333 152.333333
388.666667 149.333333
381.666667 147.000000
374.333333 145.000000
366.666667 143.000000
359.666667 141.000000
352.666667 139.333333
346.000000 137.666667
339.333333 136.000000
332.666667 134.333333
326.000000 133.000000
319.333333 132.000000
308.666667 131.666667
298.666667 132.000000
288.666667 133.000000
283.000000 134.666667
276.666667 136.666667
270.333333 139.000000
264.333333 141.000000
259.000000 143.000000
254.000000 145.333333
249.000000 147.666667
244.333333 150.333333
239.666667 153.000000
235.000000 155.666667
230.333333 158.333333
225.666667 161.333333
221.333333 164.666667
216.666667 168.000000
212.666667 171.333333
208.666667 175.000000
205.000000 179.000000
201.333333 183.333333
197.666667 188.000000
194.666667 192.666667
191.666667 197.666667
189.333333 202.666667
187.000000 208.000000
185.000000 213.333333
183.000000 218.666667
181.333333 224.333333
180.000000 230.000000
179.333333 236.000000
178.666667 242.333333
178.333333 248.333333
178.000000 254.333333
178.000000 260.000000
178.000000 265.666667
178.000000 271.000000
178.333333 276.000000
178.666667 281.000000
179.333333 286.000000
179.666667 291.333333
180.333333 297.000000
181.000000 303.000000
181.666667 309.000000
182.666667 315.333333
183.666667 321.666667
185.333333 328.333333
186.666667 335.333333
188.666667 343.000000
190.666667 351.000000
193.333333 359.000000
196.333333 367.000000
199.666667 374.666667
203.666667 382.666667
207.666667 390.666667
212.333333 399.000000
216.666667 407.000000
221.333333 415.000000
226.000000 423.333333
231.000000 432.000000
235.666667 441.000000
240.333333 450.000000
245.000000 459.000000
250.333333 468.000000
255.666667 477.333333
261.333333 486.666667
267.000000 496.333333
273.333333 505.333333
279.666667 514.000000
286.333333 522.333333
292.666667 530.666667
299.666667 539.333333
306.666667 548.000000
314.333333 556.666667
321.333333 565.333333
328.333333 574.333333
335.000000 584.000000
342.333333 594.000000
349.666667 604.000000
357.333333 613.666667
364.333333 623.666667
371.333333 634.000000
378.000000 644.333333
385.000000 654.000000
392.333333 663.000000
399.666667 671.666667
407.000000 680.000000
414.333333 687.666667
422.333333 695.333333
431.000000 703.000000
440.000000 710.666667
448.666667 718.333333
457.000000 725.666667
465.000000 733.333333
472.666667 741.000000
479.666667 748.666667
486.333333 755.666667
492.666667 762.000000
498.666667 767.666667
504.000000 773.000000
508.666667 777.666667
513.000000 782.000000
516.666667 786.000000
520.000000 789.666667
523.000000 793.333333
526.000000 796.666667
528.666667 800.333333
531.000000 803.666667
532.666667 807.000000
534.333333 810.000000
535.666667 812.666667
536.666667 814.666667
537.333333 816.333333
538.000000 817.666667
