866.333333 396.000000
865.666667 395.000000
865.333333 394.000000
865.000000 393.000000
865.000000 392.000000
865.000000 391.000000
864.666667 389.666667
864.333333 388.000000
864.333333 386.000000
864.666667 383.666667
865.000000 381.666667
865.000000 379.333333
865.333333 377.000000
865.666667 374.000000
866.333333 370.666667
866.666667 367.666667
867.333333 364.333333
868.000000 361.333333
868.666667 358.000000
869.333333 355.000000
869.666667 352.333333
870.333333 349.666667
871.000000 347.333333
872.333333 344.666667
873.666667 342.333333
874.666667 340.000000
875.333333 338.000000
876.000000 335.666667
877.000000 333.000000
878.000000 330.333333
879.000000 328.000000
880.000000 326.000000
881.000000 324.000000
882.333333 322.000000
884.000000 320.000000
886.000000 317.666667
888.000000 315.000000
890.000000 312.000000
892.000000 309.000000
894.000000 306.000000
896.000000 303.333333
898.000000 300.666667
900.000000 298.000000
902.000000 295.333333
903.666667 293.000000
905.333333 290.333333
907.000000 287.000000
909.333333 283.333333
911.666667 279.333333
914.000000 276.000000
916.000000 272.333333
918.333333 269.000000
921.000000 265.333333
924.000000 261.666667
927.333333 258.333333
931.000000 255.333333
934.666667 252.666667
938.333333 250.333333
941.333333 248.000000
944.333333 246.000000
947.000000 244.000000
949.666667 242.000000
952.000000 240.000000
954.000000 238.000000
956.333333 235.333333
958.666667 232.333333
961.000000 229.000000
963.000000 226.666667
965.333333 224.333333
968.000000 222.333333
971.000000 220.000000
974.000000 218.000000
977.000000 215.666667
980.000000 213.333333
983.000000 211.000000
986.333333 209.000000
989.333333 207.333333
992.333333 205.666667
995.000000 204.333333
997.666667 203.000000
1000.666667 202.000000
1003.000000 201.000000
1005.333333 200.000000
1006.666667 199.000000
1008.333333 198.000000
1010.333333 197.000000
1012.666667 195.666667
1016.333333 194.333333
1020.000000 192.666667
1024.333333 191.333333
1028.000000 190.000000
1032.333333 189.000000
1036.333333 188.000000
1041.333333 187.000000
1045.666667 186.000000
1050.000000 185.000000
1053.000000 184.000000
1055.666667 183.000000
1059.333333 182.000000
1063.333333 181.000000
1067.666667 180.000000
1071.000000 179.000000
1081.666667 178.666667
1093.333333 179.000000
1105.000000 180.000000
1110.000000 181.000000
1114.000000 182.000000
1118.000000 183.000000
1122.333333 184.000000
1126.666667 185.000000
1131.000000 186.000000
1134.000000 187.000000
1137.666667 188.000000
1141.000000 189.000000
1144.333333 190.000000
1147.333333 191.000000
1150.666667 192.000000
1154.000000 193.000000
1157.000000 194.333333
1160.333333 195.666667
1163.666667 197.000000
1167.333333 198.333333
1171.000000 199.666667
1174.666667 201.333333
1178.000000 202.666667
1181.000000 204.333333
1184.000000 206.000000
1186.666667 208.000000
1189.333333 210.000000
1191.666667 212.000000
1194.000000 214.333333
1196.000000 216.666667
1198.333333 219.333333
1200.666667 222.000000
1203.333333 225.333333
1205.666667 228.666667
1208.333333 232.000000
1211.000000 235.000000
1214.000000 237.666667
1216.666667 240.333333
1219.333333 242.666667
1221.666667 245.333333
1224.000000 247.666667
1226.000000 250.333333
1227.666667 252.666667
1229.333333 255.333333
1230.666667 257.666667
1232.333333 260.333333
1233.666667 263.333333
1235.000000 266.666667
1236.000000 270.333333
1237.000000 274.000000
1237.666667 277.666667
1238.333333 281.333333
1239.000000 284.666667
1239.666667 288.000000
1240.333333 291.333333
1240.666667 295.000000
1241.000000 298.666667
1241.333333 302.333333
1241.666667 305.666667
1242.000000 309.333333
1241.666667 313.000000
1241.333333 316.666667
1241.000000 320.000000
1241.000000 323.333333
1241.000000 327.000000
1241.000000 331.000000
1241.000000 335.000000
1240.666667 339.000000
1240.333333 343.000000
1240.000000 347.666667
1240.000000 352.666667
1239.666667 357.666667
1239.333333 362.000000
1239.000000 366.000000
1239.000000 370.000000
1239.000000 373.666667
1239.000000 376.666667
1238.666667 379.333333
1238.333333 382.000000
1238.000000 385.000000
1237.666667 388.333333
1237.000000 392.000000
1236.000000 396.000000
1235.333333 400.000000
1234.666667 404.000000
1234.000000 408.333333
1233.333333 413.000000
1232.666667 418.000000
1232.000000 422.666667
1231.333333 426.666667
1230.666667 430.000000
1230.000000 433.333333
1229.000000 436.333333
1228.333333 439.333333
1227.666667 442.000000
1227.000000 445.000000
1225.666667 448.333333
1224.333333 452.333333
1222.666667 456.666667
1221.000000 461.333333
1219.000000 466.000000
1217.333333 471.000000
1215.666667 475.666667
1214.000000 480.000000
1212.000000 484.333333
1210.000000 489.000000
1208.333333 494.000000
1206.666667 499.000000
1205.000000 504.000000
1203.000000 509.000000
1201.000000 514.000000
1199.000000 519.000000
1196.666667 524.000000
1194.000000 529.000000
1190.666667 534.333333
1187.000000 540.000000
1183.000000 546.000000
1179.000000 551.666667
1175.333333 557.000000
1171.666667 562.000000
1168.333333 566.666667
1165.000000 571.000000
1162.000000 575.000000
1159.000000 578.666667
1156.000000 582.000000
1153.333333 585.000000
1150.333333 588.333333
1147.000000 591.666667
1142.666667 595.333333
1138.000000 598.666667
1133.000000 602.000000
1128.333333 605.000000
1123.666667 608.333333
1119.333333 611.666667
1115.000000 615.000000
1111.333333 618.000000
1107.333333 621.000000
1103.000000 624.000000
1098.000000 627.000000
1092.666667 630.000000
1087.000000 633.333333
1081.000000 636.666667
1075.000000 640.333333
1069.333333 644.000000
1063.666667 648.333333
1057.666667 653.000000
1051.333333 658.000000
1044.666667 663.000000
1038.333333 668.000000
1032.000000 672.666667
1026.333333 676.666667
1021.333333 680.000000
1017.000000 683.000000
1013.333333 686.000000
1010.000000 688.666667
1007.000000 691.666667
1003.666667 694.666667
1000.000000 698.333333
996.000000 702.000000
992.000000 706.000000
987.666667 710.000000
983.333333 714.000000
978.666667 718.000000
974.666667 721.666667
970.666667 725.000000
967.333333 727.666667
964.000000 730.333333
961.000000 732.666667
958.000000 735.333333
954.666667 738.000000
951.000000 741.000000
947.000000 744.333333
942.666667 748.333333
938.000000 753.000000
933.333333 758.000000
928.666667 763.000000
924.333333 767.666667
920.000000 772.333333
915.666667 777.000000
911.666667 781.666667
907.666667 786.666667
904.000000 791.333333
900.000000 796.000000
896.000000 800.333333
892.333333 804.666667
889.000000 808.666667
886.333333 812.000000
884.000000 814.333333
882.333333 816.333333
881.000000 817.666667
880.000000 819.000000
879.333333 820.000000
878.666667 821.000000
878.000000 822.000000
