894.000000 378.000000
893.666667 376.666667
893.333333 375.333333
893.000000 373.666667
893.333333 372.000000
894.000000 369.333333
895.000000 366.000000
896.000000 362.666667
897.333333 359.333333
898.333333 356.333333
899.333333 353.000000
900.333333 349.666667
901.333333 346.333333
902.666667 342.666667
903.666667 339.000000
904.666667 335.000000
905.333333 330.666667
906.000000 326.333333
907.000000 321.666667
908.333333 317.333333
910.000000 312.666667
912.000000 308.333333
913.666667 304.000000
915.666667 299.333333
918.000000 294.666667
921.333333 289.000000
925.000000 283.333333
928.666667 277.666667
932.333333 272.000000
936.000000 266.666667
939.666667 261.333333
943.333333 256.666667
947.333333 251.666667
951.333333 246.333333
955.333333 241.333333
959.000000 236.000000
962.666667 230.666667
966.333333 225.000000
970.000000 220.333333
973.666667 216.000000
977.666667 212.333333
981.666667 209.000000
986.000000 206.000000
989.666667 203.000000
993.666667 200.000000
997.666667 197.000000
1002.333333 193.666667
1007.000000 190.333333
1012.000000 186.666667
1017.333333 183.333333
1023.000000 180.000000
1029.000000 176.666667
1034.666667 173.333333
1040.000000 170.333333
1045.000000 167.666667
1050.333333 165.000000
1056.000000 162.333333
1062.000000 159.666667
1068.333333 157.666667
1074.666667 155.666667
1081.333333 154.000000
1087.666667 152.333333
1093.666667 151.000000
1099.333333 150.000000
1113.333333 149.666667
1129.333333 150.000000
1145.000000 151.000000
1152.333333 152.000000
1157.666667 153.000000
1163.000000 154.000000
1168.000000 155.000000
1173.000000 156.000000
1178.000000 157.000000
1182.666667 158.000000
1187.000000 159.333333
1191.000000 161.000000
1195.000000 163.000000
1199.000000 165.000000
1203.000000 167.000000
1207.000000 169.333333
1211.000000 172.000000
1215.333333 175.333333
1219.666667 178.666667
1224.000000 182.000000
1228.000000 185.000000
1232.000000 188.000000
1235.666667 190.666667
1239.000000 193.666667
1242.000000 196.666667
1245.000000 199.666667
1248.000000 202.666667
1251.333333 206.000000
1254.666667 210.000000
1258.000000 214.000000
1261.333333 218.000000
1264.666667 222.000000
1268.000000 226.000000
1270.666667 229.666667
1273.333333 233.000000
1275.666667 236.000000
1278.000000 239.000000
1280.000000 242.000000
1282.000000 245.000000
1283.666667 248.000000
1285.333333 251.666667
1286.666667 255.666667
1288.000000 260.333333
1289.000000 265.000000
1290.000000 270.000000
1291.000000 274.666667
1292.000000 279.333333
1292.666667 283.666667
1293.333333 288.000000
1293.666667 292.333333
1294.000000 297.000000
1294.000000 302.333333
1294.000000 307.666667
1294.000000 313.666667
1294.000000 319.333333
1293.666667 325.000000
1293.000000 330.000000
1292.333333 335.000000
1291.666667 340.000000
1290.666667 345.000000
1289.333333 350.333333
1287.666667 356.333333
1286.000000 362.666667
1284.000000 369.333333
1282.000000 375.666667
1279.666667 382.333333
1277.333333 389.333333
1274.666667 397.000000
1272.000000 405.000000
1269.000000 413.333333
1266.000000 421.333333
1263.000000 429.333333
1260.000000 437.000000
1257.333333 444.666667
1254.666667 452.333333
1252.333333 459.666667
1249.666667 466.666667
1247.000000 473.333333
1244.000000 480.000000
1241.000000 487.333333
1237.666667 494.666667
1234.000000 502.666667
1230.000000 510.666667
1225.666667 518.666667
1221.333333 526.333333
1216.666667 534.000000
1212.333333 542.000000
1208.333333 549.666667
1204.333333 557.333333
1200.666667 564.666667
1196.333333 571.666667
1192.000000 578.333333
1187.000000 585.000000
1182.000000 592.333333
1176.666667 599.666667
1171.333333 606.666667
1166.000000 613.333333
1161.000000 620.000000
1155.666667 627.333333
1150.000000 634.666667
1144.000000 642.333333
1138.000000 649.666667
1131.666667 656.666667
1125.000000 663.333333
1118.333333 669.666667
1111.333333 676.333333
1103.666667 683.000000
1095.000000 690.000000
1086.333333 697.333333
1077.666667 704.666667
1069.000000 712.000000
1060.000000 719.000000
1051.000000 726.000000
1042.000000 733.333333
1033.333333 741.000000
1025.000000 748.666667
1016.666667 756.000000
1008.333333 763.000000
999.333333 770.333333
990.666667 777.666667
981.666667 785.333333
973.000000 793.000000
964.000000 800.666667
955.333333 807.666667
948.000000 813.333333
942.000000 818.000000
937.333333 822.000000
933.333333 825.666667
930.000000 829.000000
927.333333 832.000000
925.333333 834.333333
924.000000 836.333333
923.000000 837.666667
922.333333 839.000000
922.000000 839.333333
