667.666667 371.666667
668.333333 370.333333
668.666667 368.333333
669.333333 366.333333
669.666667 363.333333
669.666667 360.333333
669.333333 356.666667
668.666667 352.666667
668.000000 348.000000
666.666667 342.666667
665.000000 337.000000
663.000000 330.333333
661.000000 323.666667
658.666667 316.333333
656.000000 309.333333
652.666667 301.666667
649.000000 293.666667
645.333333 285.333333
641.666667 276.666667
638.333333 268.666667
634.666667 260.666667
631.333333 253.333333
628.333333 246.333333
625.666667 240.000000
623.000000 233.666667
620.000000 227.666667
617.333333 222.000000
614.666667 216.666667
612.333333 211.666667
609.666667 207.000000
607.000000 203.000000
603.666667 199.000000
600.000000 194.666667
596.000000 190.000000
591.666667 185.000000
587.333333 180.000000
583.000000 175.000000
579.000000 170.000000
575.000000 165.333333
571.000000 161.000000
566.666667 157.000000
562.000000 153.000000
557.000000 149.000000
552.000000 145.333333
547.000000 141.666667
541.666667 138.333333
536.333333 134.666667
531.000000 131.333333
525.666667 127.666667
520.000000 124.333333
513.666667 121.333333
507.333333 118.666667
501.000000 116.333333
495.000000 114.000000
489.000000 112.000000
483.333333 110.333333
477.333333 108.666667
471.333333 107.333333
464.666667 106.000000
458.333333 105.000000
452.000000 104.000000
444.666667 103.000000
428.333333 102.666667
412.333333 103.000000
398.333333 104.000000
394.000000 105.333333
390.333333 106.666667
386.666667 108.333333
383.333333 110.333333
380.000000 112.666667
377.000000 115.333333
374.000000 118.000000
370.666667 121.000000
367.333333 124.333333
364.000000 127.666667
361.333333 131.333333
358.666667 134.333333
356.000000 137.666667
353.000000 140.666667
350.333333 144.333333
347.666667 148.333333
345.000000 152.333333
342.000000 156.666667
339.333333 161.000000
337.000000 165.666667
334.666667 170.333333
332.333333 174.666667
330.000000 179.000000
328.000000 183.000000
325.666667 187.000000
323.333333 191.000000
320.666667 195.333333
318.000000 200.000000
315.333333 205.333333
312.666667 211.000000
310.333333 217.000000
308.000000 223.000000
306.000000 229.000000
304.333333 235.000000
303.000000 240.666667
302.000000 246.666667
301.000000 252.666667
300.000000 259.333333
299.333333 265.666667
299.000000 272.000000
299.000000 278.000000
299.000000 284.000000
299.000000 290.000000
299.000000 296.000000
299.000000 302.333333
299.000000 309.000000
299.000000 316.000000
299.333333 322.666667
300.000000 329.666667
301.000000 336.666667
301.666667 344.333333
302.666667 352.000000
303.666667 359.666667
305.000000 367.000000
306.333333 373.666667
307.666667 380.000000
309.333333 385.666667
311.000000 391.000000
313.000000 396.333333
315.333333 401.666667
317.666667 407.666667
320.333333 413.666667
323.000000 420.000000
326.333333 426.666667
330.000000 434.000000
334.000000 442.333333
338.000000 450.666667
342.000000 459.000000
346.000000 466.333333
350.000000 473.333333
354.333333 479.666667
358.333333 486.000000
362.333333 492.000000
366.333333 498.000000
370.333333 503.666667
374.333333 509.000000
378.000000 514.000000
382.000000 518.666667
386.666667 523.333333
391.333333 527.666667
396.666667 532.000000
401.666667 536.000000
407.000000 540.333333
412.000000 545.000000
416.666667 550.000000
421.333333 555.000000
425.666667 560.333333
430.000000 566.000000
434.333333 571.666667
439.333333 577.666667
445.000000 584.000000
451.333333 591.000000
458.000000 598.333333
465.000000 605.666667
471.666667 613.000000
478.333333 619.666667
484.666667 626.333333
491.333333 632.666667
498.000000 639.000000
504.666667 645.000000
511.333333 651.000000
517.666667 657.666667
524.333333 664.666667
531.000000 672.666667
538.333333 681.333333
546.000000 691.000000
553.666667 701.000000
561.000000 711.000000
568.000000 721.333333
574.666667 731.666667
581.333333 741.666667
587.666667 750.666667
594.000000 759.000000
600.333333 767.000000
606.666667 775.333333
612.666667 784.000000
618.333333 793.000000
623.666667 801.666667
629.333333 810.000000
635.000000 817.666667
641.000000 825.000000
646.666667 832.000000
652.000000 838.666667
656.666667 844.666667
660.666667 849.666667
664.000000 854.000000
667.000000 858.000000
669.333333 861.000000
671.333333 863.333333
672.666667 864.666667
673.666667 866.000000
674.333333 867.000000
675.000000 868.000000
