577.333333 375.333333
499.666667 375.000000
499.000000 373.666667
498.666667 372.333333
498.333333 370.333333
498.000000 368.333333
498.000000 365.666667
498.000000 363.000000
498.333333 359.666667
498.666667 356.333333
499.000000 352.666667
499.333333 349.000000
500.333333 345.000000
501.666667 341.000000
503.333333 337.000000
504.666667 332.666667
505.666667 328.333333
506.333333 324.000000
506.666667 320.000000
507.000000 316.000000
507.000000 312.333333
506.666667 309.000000
506.333333 306.000000
506.000000 303.000000
505.666667 300.333333
505.000000 297.666667
504.000000 295.333333
503.000000 292.666667
502.000000 290.000000
501.000000 287.333333
499.666667 284.666667
498.333333 282.000000
496.666667 279.000000
495.000000 276.000000
493.000000 273.000000
491.000000 270.333333
489.333333 267.666667
487.333333 264.666667
485.666667 261.666667
483.666667 259.000000
482.000000 257.000000
480.000000 254.666667
478.000000 252.333333
476.000000 250.000000
473.666667 247.666667
470.666667 245.333333
467.333333 242.666667
463.666667 240.000000
460.000000 237.333333
456.000000 235.000000
452.000000 232.666667
448.000000 230.333333
444.333333 228.000000
441.000000 225.666667
437.666667 223.000000
434.333333 220.333333
431.000000 218.000000
428.000000 216.000000
425.000000 214.333333
421.666667 212.666667
418.333333 211.333333
415.333333 209.666667
412.666667 208.333333
409.000000 207.000000
405.000000 205.666667
401.333333 204.333333
398.000000 203.000000
394.666667 202.000000
391.333333 201.000000
388.000000 200.000000
384.666667 199.000000
381.000000 198.000000
378.000000 197.000000
373.666667 196.000000
368.333333 195.000000
360.333333 194.666667
352.000000 195.000000
343.000000 196.000000
335.333333 197.000000
329.333333 198.000000
323.333333 199.000000
318.333333 200.000000
313.000000 201.000000
309.000000 202.000000
304.333333 203.000000
300.000000 204.000000
296.000000 205.000000
293.000000 206.000000
290.000000 207.000000
287.333333 208.000000
284.666667 209.000000
282.333333 210.000000
280.000000 211.333333
277.666667 212.666667
275.333333 214.000000
273.000000 215.333333
271.000000 216.666667
269.000000 218.333333
267.333333 219.666667
265.666667 221.333333
263.666667 223.333333
261.333333 225.666667
259.000000 228.333333
257.000000 231.000000
254.666667 234.000000
252.333333 237.000000
250.333333 240.000000
248.666667 242.666667
247.333333 245.333333
245.666667 248.000000
244.333333 251.333333
243.000000 255.000000
241.666667 259.000000
240.333333 263.000000
239.000000 267.000000
238.000000 271.000000
237.333333 275.000000
236.666667 278.666667
236.333333 282.333333
235.666667 285.333333
235.333333 288.333333
235.000000 291.000000
235.000000 294.000000
234.666667 297.000000
234.333333 300.000000
234.000000 303.333333
234.000000 307.000000
234.000000 311.000000
234.333333 315.333333
235.000000 320.333333
236.333333 326.333333
237.666667 333.333333
239.000000 341.333333
240.333333 349.666667
241.666667 358.333333
243.000000 366.666667
244.000000 374.666667
245.333333 382.000000
246.666667 388.666667
248.333333 395.000000
250.000000 401.000000
252.333333 407.333333
255.000000 413.666667
258.000000 420.333333
261.000000 426.666667
264.000000 433.000000
266.666667 439.000000
269.333333 444.666667
271.666667 450.000000
274.333333 454.666667
276.666667 459.000000
279.333333 463.000000
282.000000 467.000000
285.000000 471.333333
288.666667 476.000000
292.666667 481.000000
297.000000 486.000000
301.000000 490.666667
305.000000 495.333333
309.000000 499.666667
313.000000 504.333333
317.000000 509.000000
320.666667 513.666667
324.666667 518.666667
328.666667 523.666667
333.333333 529.333333
338.000000 535.000000
342.666667 541.000000
347.333333 547.000000
351.666667 552.333333
356.333333 557.666667
360.666667 562.333333
365.000000 567.333333
369.333333 572.000000
373.666667 576.666667
378.000000 581.333333
382.000000 586.000000
386.333333 591.000000
390.666667 596.000000
395.666667 601.333333
400.666667 607.000000
405.666667 612.666667
410.333333 617.666667
414.666667 622.333333
419.000000 627.000000
423.000000 632.333333
427.000000 637.666667
430.666667 643.000000
434.000000 647.666667
437.333333 652.000000
441.000000 656.000000
445.000000 660.333333
449.333333 664.666667
454.000000 669.000000
458.666667 673.000000
463.000000 676.666667
467.333333 680.333333
471.666667 684.000000
476.333333 688.000000
481.000000 692.666667
486.000000 698.000000
491.333333 704.000000
497.000000 710.000000
503.000000 716.333333
509.000000 722.666667
515.000000 729.000000
520.333333 735.000000
525.333333 740.333333
529.666667 745.000000
534.000000 749.000000
538.000000 753.000000
542.000000 756.666667
546.000000 760.000000
550.000000 763.000000
554.000000 765.666667
557.666667 768.000000
561.333333 770.333333
564.666667 772.666667
567.666667 775.000000
570.000000 776.666667
571.666667 778.000000
573.000000 779.000000
574.000000 780.000000
575.000000 781.000000
576.000000 782.000000
576.666667 783.000000
577.000000 784.000000
577.000000 785.000000
