723.666667 364.666667
723.333333 363.333333
723.000000 361.333333
723.000000 359.000000
723.000000 356.000000
723.333333 353.000000
723.666667 350.000000
724.000000 347.000000
724.333333 343.666667
724.666667 340.333333
725.333333 337.000000
726.000000 334.000000
727.000000 330.666667
728.000000 327.000000
729.333333 323.000000
730.666667 319.000000
732.333333 315.000000
734.000000 311.333333
735.666667 307.666667
737.666667 304.333333
739.666667 301.000000
742.333333 297.666667
745.000000 294.000000
748.000000 290.333333
751.000000 286.666667
754.000000 283.000000
757.000000 279.000000
760.000000 275.000000
763.000000 271.000000
766.000000 266.666667
769.000000 262.666667
772.000000 258.666667
775.333333 255.333333
779.000000 251.666667
783.333333 248.000000
787.666667 244.333333
792.333333 240.666667
797.000000 237.000000
801.666667 233.333333
806.000000 230.000000
810.000000 226.666667
814.000000 223.000000
818.333333 219.000000
822.666667 215.000000
827.333333 211.333333
832.000000 208.000000
837.000000 205.000000
841.666667 202.000000
846.000000 199.333333
850.000000 197.000000
853.666667 194.666667
857.000000 192.333333
860.000000 190.000000
863.333333 188.000000
867.000000 186.000000
870.666667 184.333333
874.333333 182.666667
878.000000 181.333333
882.000000 180.000000
886.000000 178.666667
890.333333 177.333333
896.000000 176.000000
901.666667 175.000000
911.666667 174.000000
927.333333 173.666667
945.000000 174.000000
958.666667 175.000000
965.666667 176.000000
971.333333 177.000000
976.666667 178.000000
982.333333 179.333333
987.333333 181.000000
992.333333 183.000000
996.666667 185.000000
1001.000000 186.666667
1004.666667 188.333333
1008.333333 190.000000
1012.000000 192.000000
1016.000000 194.333333
1020.000000 197.000000
1023.666667 199.666667
1027.333333 202.333333
1030.666667 204.666667
1034.333333 207.666667
1037.666667 211.000000
1041.000000 215.000000
1044.000000 219.000000
1047.000000 223.000000
1049.333333 226.333333
1051.333333 229.333333
1053.000000 232.000000
1054.666667 235.000000
1056.333333 238.000000
1057.666667 241.000000
1059.333333 244.000000
1060.666667 247.000000
1062.000000 250.000000
1063.333333 253.333333
1065.000000 257.000000
1066.666667 261.333333
1068.333333 266.000000
1070.000000 271.000000
1071.666667 276.000000
1073.000000 281.000000
1074.666667 287.666667
1076.333333 294.333333
1078.000000 301.000000
1078.666667 306.333333
1079.000000 311.666667
1079.000000 317.000000
1079.000000 322.000000
1078.666667 326.666667
1078.000000 331.333333
1077.000000 335.666667
1075.666667 340.333333
1074.333333 345.000000
1072.666667 349.666667
1071.000000 354.333333
1068.666667 359.000000
1066.333333 364.333333
1063.666667 369.333333
1061.333333 374.000000
1058.666667 378.000000
1055.000000 383.666667
1051.000000 389.333333
1046.666667 395.333333
1043.333333 400.000000
1039.666667 405.000000
1036.000000 410.000000
1032.000000 414.666667
1028.000000 419.333333
1024.000000 423.666667
1020.000000 428.000000
1016.000000 432.666667
1012.000000 437.333333
1008.000000 442.333333
1003.666667 447.333333
999.000000 452.666667
994.000000 458.000000
989.333333 463.000000
984.666667 468.000000
980.000000 473.000000
975.333333 477.666667
971.000000 482.333333
967.000000 486.666667
963.000000 491.333333
958.666667 496.333333
954.000000 502.000000
949.000000 507.666667
944.000000 513.333333
939.000000 519.000000
933.666667 525.000000
926.333333 533.333333
919.333333 541.666667
912.333333 550.333333
907.333333 557.000000
902.000000 563.333333
896.666667 569.333333
891.333333 575.000000
886.000000 581.000000
881.000000 586.666667
876.000000 592.333333
871.000000 598.000000
865.666667 604.000000
860.000000 610.000000
853.666667 616.000000
846.666667 622.000000
839.666667 628.000000
833.000000 634.333333
826.666667 640.333333
820.333333 646.666667
814.000000 652.333333
807.666667 658.333333
801.333333 663.666667
795.333333 668.666667
789.666667 673.000000
784.333333 676.666667
779.333333 680.333333
774.666667 684.000000
770.333333 688.333333
766.000000 692.666667
761.666667 697.000000
757.666667 701.000000
753.666667 704.666667
750.000000 708.000000
746.666667 710.666667
744.000000 713.000000
742.000000 714.666667
740.666667 716.000000
739.666667 717.000000
739.000000 718.000000
