863.000000 322.333333
864.000000 317.666667
865.000000 313.000000
866.333333 308.333333
868.000000 303.666667
870.666667 299.000000
874.000000 293.666667
878.333333 288.000000
883.666667 281.333333
889.666667 274.000000
896.333333 266.000000
903.333333 258.000000
911.333333 250.000000
920.000000 241.666667
929.000000 233.333333
937.333333 225.666667
945.333333 218.666667
953.000000 212.000000
961.000000 205.666667
969.333333 199.666667
977.666667 194.333333
985.666667 189.000000
993.333333 184.333333
1001.000000 180.000000
1009.333333 176.000000
1017.666667 171.666667
1026.000000 167.666667
1034.000000 164.000000
1041.666667 161.333333
1049.000000 159.000000
1056.000000 157.000000
1063.000000 155.000000
1070.333333 153.333333
1082.000000 152.666667
1093.666667 153.000000
1108.000000 154.333333
1118.000000 156.000000
1128.000000 158.000000
1135.000000 160.333333
1141.666667 163.000000
1148.000000 166.333333
1154.333333 169.666667
1160.666667 173.333333
1167.000000 177.000000
1173.000000 180.666667
1178.666667 184.333333
1183.666667 187.666667
1188.000000 191.333333
1191.666667 194.666667
1195.333333 198.000000
1199.000000 201.666667
1202.666667 205.666667
1206.000000 210.333333
1209.000000 215.333333
1212.000000 220.666667
1215.000000 226.000000
1217.666667 231.000000
1220.000000 236.000000
1222.000000 241.333333
1223.666667 247.333333
1225.000000 253.666667
1226.000000 260.000000
1226.666667 266.333333
1227.000000 272.666667
1226.666667 279.000000
1226.000000 285.000000
1224.666667 291.666667
1223.000000 299.000000
1220.666667 307.000000
1218.333333 315.000000
1215.666667 322.666667
1213.000000 330.333333
1210.000000 338.000000
1207.000000 346.000000
1204.000000 353.666667
1200.666667 361.000000
1197.333333 367.666667
1193.666667 374.000000
1189.333333 380.000000
1184.333333 386.000000
1178.666667 392.666667
1173.333333 399.333333
1167.666667 406.333333
1162.333333 412.666667
1157.333333 419.333333
1153.000000 425.666667
1148.666667 432.000000
1144.000000 438.333333
1138.666667 445.000000
1133.333333 452.000000
1128.000000 458.666667
1123.333333 465.000000
1118.666667 470.666667
1114.000000 476.333333
1107.666667 484.333333
1101.000000 492.666667
1093.666667 501.333333
1087.333333 508.000000
1080.666667 514.666667
1074.333333 521.333333
1067.666667 528.333333
1061.333333 536.000000
1054.333333 544.000000
1047.333333 552.000000
1040.000000 559.666667
1033.000000 567.333333
1026.000000 575.000000
1019.000000 583.333333
1012.000000 592.000000
1004.666667 601.000000
997.000000 610.000000
988.666667 618.666667
980.333333 627.666667
971.666667 636.666667
963.000000 646.000000
954.000000 655.000000
944.666667 663.666667
935.333333 672.333333
926.333333 681.000000
917.666667 690.000000
908.666667 698.666667
899.333333 706.666667
890.333333 714.000000
882.333333 721.000000
875.000000 727.333333
869.000000 732.666667
864.000000 737.000000
860.666667 740.333333
858.000000 743.000000
856.333333 745.000000
855.000000 746.666667
854.000000 748.000000
853.333333 749.000000
853.000000 750.000000
853.000000 751.000000
