729.666667 368.666667
728.666667 367.000000
727.666667 365.000000
727.333333 363.000000
727.333333 360.666667
727.666667 358.000000
728.000000 355.000000
728.333333 352.000000
729.000000 348.666667
730.000000 345.333333
731.333333 341.333333
733.000000 337.333333
735.000000 332.666667
737.333333 327.666667
740.000000 322.000000
743.000000 316.333333
746.333333 310.666667
749.666667 305.000000
753.333333 299.333333
757.000000 293.666667
760.666667 287.666667
764.333333 281.333333
768.000000 275.000000
771.666667 269.000000
775.333333 263.333333
779.000000 258.333333
783.000000 254.000000
787.333333 250.000000
792.000000 246.000000
796.666667 242.333333
800.666667 239.000000
804.333333 236.000000
807.666667 233.333333
811.333333 231.000000
814.333333 228.666667
817.666667 226.333333
820.666667 224.000000
824.666667 221.666667
828.666667 219.333333
833.333333 217.000000
838.000000 214.666667
842.666667 212.666667
847.000000 210.666667
851.000000 209.000000
855.333333 207.333333
859.333333 205.666667
863.333333 204.333333
867.333333 203.000000
872.000000 202.000000
877.333333 201.000000
883.000000 200.000000
888.333333 199.000000
893.666667 198.000000
898.333333 197.000000
910.333333 196.666667
922.000000 197.000000
934.000000 198.333333
939.000000 199.666667
943.666667 201.333333
948.000000 202.666667
951.666667 204.000000
955.666667 205.666667
959.333333 208.000000
963.333333 210.666667
967.333333 213.333333
971.666667 216.000000
976.333333 219.000000
981.000000 222.333333
985.666667 226.000000
990.333333 229.666667
994.333333 233.000000
998.333333 235.666667
1001.666667 238.000000
1006.000000 241.000000
1009.666667 244.333333
1013.333333 248.000000
1015.666667 251.333333
1018.333333 255.000000
1021.000000 259.000000
1023.666667 263.000000
1026.333333 267.000000
1029.000000 271.000000
1031.666667 275.000000
1034.333333 279.000000
1037.000000 283.333333
1039.666667 288.000000
1042.000000 292.666667
1044.000000 297.333333
1046.000000 302.000000
1048.000000 307.000000
1049.666667 312.000000
1051.000000 316.666667
1052.000000 321.333333
1053.000000 326.000000
1054.000000 330.333333
1055.000000 336.333333
1056.000000 342.333333
1056.666667 349.333333
1057.000000 355.000000
1057.000000 361.000000
1057.333333 367.000000
1057.666667 373.000000
1057.666667 378.666667
1057.333333 384.000000
1057.000000 389.333333
1056.666667 395.000000
1056.000000 401.000000
1055.333333 407.333333
1054.666667 413.333333
1054.000000 419.333333
1053.000000 425.000000
1052.000000 431.000000
1050.666667 437.000000
1049.000000 443.000000
1047.000000 449.333333
1044.666667 455.666667
1042.000000 462.333333
1039.000000 468.333333
1036.000000 474.000000
1032.666667 479.333333
1029.000000 485.000000
1025.000000 491.000000
1021.000000 497.333333
1017.333333 504.000000
1013.666667 510.666667
1010.000000 517.000000
1006.333333 523.000000
1002.666667 529.000000
998.666667 535.333333
994.000000 542.000000
989.000000 549.000000
984.000000 556.000000
979.000000 562.666667
974.333333 568.666667
970.000000 574.333333
966.000000 580.000000
962.000000 585.666667
958.000000 591.000000
953.666667 596.333333
949.000000 601.666667
944.000000 607.333333
938.666667 612.666667
933.000000 618.000000
927.333333 623.333333
921.666667 629.333333
916.333333 636.000000
910.666667 643.333333
904.666667 650.666667
898.666667 658.000000
892.333333 665.000000
886.666667 671.666667
880.666667 678.333333
875.333333 685.000000
870.000000 692.000000
865.000000 698.666667
860.000000 705.000000
855.000000 711.000000
849.333333 717.000000
843.333333 723.000000
837.000000 729.000000
831.000000 735.333333
825.000000 742.000000
819.000000 749.000000
812.666667 755.666667
806.333333 761.666667
799.666667 767.333333
793.666667 772.666667
787.666667 778.000000
782.666667 783.000000
778.000000 788.000000
774.333333 792.333333
771.333333 796.000000
769.333333 798.666667
768.000000 800.666667
767.000000 802.000000
766.333333 803.000000
