1062.000000 420.000000
1061.333333 416.666667
1061.000000 413.000000
1061.000000 408.666667
1061.333333 404.333333
1061.666667 399.333333
1062.333333 394.333333
1062.666667 389.000000
1063.333333 383.333333
1064.000000 377.333333
1065.000000 371.000000
1066.000000 365.000000
1067.666667 359.000000
1070.000000 353.000000
1073.333333 346.666667
1077.000000 340.333333
1081.000000 333.666667
1085.333333 327.000000
1089.666667 320.333333
1093.666667 314.000000
1097.333333 308.000000
1101.000000 302.333333
1105.333333 296.666667
1110.000000 291.000000
1115.333333 284.666667
1121.333333 278.333333
1127.333333 272.333333
1133.333333 266.666667
1139.000000 261.333333
1144.666667 256.333333
1150.666667 251.666667
1157.000000 247.333333
1164.333333 243.000000
1171.666667 239.333333
1178.666667 236.000000
1185.000000 232.666667
1191.333333 229.333333
1198.333333 225.666667
1206.000000 222.333333
1214.000000 219.000000
1221.666667 216.000000
1229.000000 213.333333
1235.666667 211.000000
1242.333333 209.000000
1249.333333 207.000000
1257.000000 205.333333
1264.666667 204.000000
1274.333333 203.000000
1286.000000 202.666667
1297.666667 203.333333
1307.666667 205.000000
1315.333333 207.000000
1322.666667 209.000000
1328.666667 211.333333
1334.333333 214.000000
1339.666667 217.000000
1345.000000 220.333333
1350.333333 224.000000
1356.333333 227.666667
1362.333333 231.000000
1368.333333 234.000000
1373.333333 237.333333
1378.000000 240.666667
1381.666667 244.000000
1385.333333 247.333333
1389.000000 251.333333
1392.666667 256.000000
1396.000000 261.000000
1399.000000 266.000000
1401.666667 271.000000
1404.333333 276.000000
1407.000000 280.666667
1410.333333 285.000000
1413.666667 289.333333
1417.000000 293.666667
1419.666667 298.333333
1422.333333 302.666667
1424.666667 307.333333
1426.666667 312.333333
1428.333333 317.666667
1429.666667 323.000000
1431.000000 327.666667
1432.000000 332.333333
1432.666667 337.000000
1433.333333 342.000000
1433.666667 347.333333
1434.000000 353.000000
1434.000000 359.333333
1434.000000 365.666667
1434.000000 372.000000
1433.666667 378.000000
1433.000000 384.333333
1432.000000 391.000000
1431.000000 398.000000
1430.000000 405.333333
1429.000000 413.000000
1427.666667 421.000000
1425.666667 429.000000
1422.666667 437.333333
1419.000000 446.000000
1415.000000 454.666667
1411.000000 462.666667
1407.000000 470.000000
1403.000000 477.333333
1399.333333 484.666667
1396.000000 492.333333
1392.666667 499.666667
1389.666667 507.000000
1386.333333 514.000000
1383.000000 520.333333
1378.666667 526.666667
1373.666667 533.000000
1368.333333 540.000000
1363.000000 547.333333
1358.000000 554.666667
1353.333333 561.666667
1348.666667 568.333333
1344.000000 575.000000
1338.666667 582.000000
1332.666667 589.000000
1326.000000 596.333333
1319.333333 603.666667
1313.000000 610.666667
1307.333333 617.000000
1301.666667 623.333333
1295.333333 630.000000
1287.666667 637.333333
1279.333333 645.000000
1271.000000 652.666667
1263.333333 660.000000
1256.000000 667.000000
1248.000000 674.000000
1239.000000 681.000000
1230.000000 688.000000
1222.000000 695.000000
1215.000000 702.000000
1207.666667 709.000000
1200.333333 716.000000
1192.333333 723.333333
1184.000000 731.000000
1175.333333 739.000000
1167.333333 746.666667
1159.333333 754.333333
1150.333333 761.666667
1140.333333 768.666667
1130.666667 775.000000
1122.333333 780.666667
1115.666667 785.666667
1110.333333 789.666667
1106.333333 792.666667
1103.333333 795.000000
1101.333333 796.666667
1100.000000 798.333333
1099.000000 799.666667
1098.000000 801.000000
1097.666667 801.333333
1098.000000 800.333333
1099.000000 798.333333
1099.666667 795.666667
1100.333333 793.000000
