705.000000 324.000000
706.666667 323.000000
708.333333 321.666667
709.333333 320.333333
710.333333 318.666667
711.000000 317.000000
711.666667 315.000000
712.000000 313.000000
711.666667 310.666667
711.333333 308.333333
710.666667 305.666667
710.333333 303.333333
709.666667 300.666667
709.000000 298.333333
708.000000 295.666667
707.000000 293.000000
706.000000 290.333333
705.000000 287.666667
704.000000 285.000000
702.666667 282.000000
701.333333 279.333333
700.000000 276.666667
698.666667 274.000000
697.000000 271.000000
695.000000 267.666667
693.000000 264.333333
691.000000 260.666667
688.666667 257.333333
686.333333 253.666667
683.666667 250.333333
681.000000 247.000000
678.000000 244.000000
675.333333 240.666667
672.666667 237.333333
670.000000 233.666667
667.000000 230.000000
663.666667 226.000000
660.333333 222.333333
656.666667 218.666667
653.333333 215.000000
649.666667 211.333333
645.666667 207.666667
641.666667 204.333333
637.333333 201.000000
633.666667 198.000000
629.333333 195.000000
625.333333 192.000000
620.666667 189.000000
616.000000 186.000000
611.000000 183.333333
606.000000 180.666667
601.000000 178.000000
595.666667 175.333333
590.666667 172.666667
585.666667 170.333333
581.000000 167.666667
576.333333 165.333333
571.333333 163.000000
566.333333 161.000000
561.000000 159.000000
555.666667 157.000000
550.000000 155.000000
544.333333 153.333333
539.000000 151.666667
534.000000 150.333333
529.000000 148.666667
524.000000 147.333333
517.666667 146.000000
510.333333 145.000000
501.333333 144.666667
492.666667 145.000000
485.000000 146.000000
478.666667 147.000000
474.000000 148.000000
469.666667 149.000000
466.000000 150.333333
462.000000 152.000000
458.000000 154.000000
454.000000 156.000000
450.000000 157.666667
446.333333 159.666667
443.000000 161.666667
440.000000 164.000000
437.000000 166.333333
434.000000 168.666667
431.000000 171.333333
427.666667 174.333333
424.333333 178.000000
421.000000 182.000000
418.333333 186.000000
415.666667 189.666667
413.000000 193.666667
410.000000 197.666667
407.000000 202.333333
404.000000 207.000000
401.333333 212.333333
398.666667 217.666667
396.333333 223.000000
394.000000 227.666667
392.000000 232.000000
390.333333 236.000000
389.000000 239.666667
387.666667 243.333333
386.666667 247.000000
385.666667 251.000000
385.000000 255.333333
384.000000 260.000000
383.333333 265.333333
383.000000 270.666667
383.000000 276.000000
383.000000 281.000000
383.333333 286.000000
383.666667 291.333333
384.000000 297.000000
384.333333 303.000000
384.666667 308.666667
385.333333 314.666667
386.000000 320.333333
387.000000 326.333333
388.000000 332.333333
389.333333 338.666667
390.666667 345.333333
392.000000 352.000000
393.333333 359.333333
395.000000 366.666667
397.000000 374.000000
399.333333 381.000000
401.666667 387.666667
404.333333 394.333333
407.000000 400.666667
410.000000 407.333333
413.333333 413.666667
416.666667 420.000000
420.000000 426.000000
423.000000 432.000000
426.000000 438.333333
429.333333 445.000000
433.000000 451.666667
437.000000 458.333333
441.000000 464.666667
445.000000 471.000000
449.000000 477.000000
453.333333 483.333333
457.666667 489.666667
462.333333 496.000000
466.666667 502.333333
471.333333 508.666667
476.000000 515.000000
481.666667 521.333333
488.000000 528.333333
495.000000 535.333333
502.000000 542.666667
508.666667 549.333333
514.666667 556.333333
520.333333 562.666667
526.000000 569.000000
532.000000 575.333333
538.000000 581.666667
544.333333 588.000000
550.666667 594.333333
557.666667 601.000000
564.666667 608.000000
572.666667 615.000000
581.000000 622.000000
590.000000 629.333333
599.000000 636.666667
607.333333 644.000000
615.333333 651.000000
622.666667 658.000000
630.333333 664.666667
637.666667 671.000000
645.333333 677.333333
652.666667 683.666667
660.000000 690.666667
667.000000 697.666667
674.000000 705.000000
681.000000 711.666667
688.000000 718.333333
694.666667 724.666667
701.333333 731.666667
708.000000 738.666667
715.000000 746.333333
722.000000 754.000000
729.000000 761.666667
736.333333 769.000000
743.666667 776.000000
750.666667 783.000000
757.000000 789.666667
763.333333 796.000000
769.333333 802.000000
775.333333 807.333333
781.000000 812.333333
786.666667 816.333333
791.666667 820.000000
795.666667 822.666667
798.333333 825.000000
800.333333 827.000000
802.000000 829.333333
803.666667 831.666667
804.666667 833.666667
805.333333 835.333333
805.666667 836.666667
806.000000 838.000000
806.000000 838.333333
805.666667 837.333333
805.000000 834.333333
