714.000000 416.000000
714.333333 415.000000
714.666667 413.666667
715.000000 412.333333
715.000000 411.000000
715.333333 409.666667
715.666667 408.000000
716.000000 406.000000
716.000000 403.666667
716.000000 401.000000
716.000000 397.666667
715.666667 394.000000
715.333333 389.666667
714.333333 384.333333
713.333333 378.333333
711.666667 371.333333
710.000000 364.000000
707.666667 356.333333
704.666667 348.666667
701.333333 341.000000
697.666667 333.000000
694.000000 325.000000
690.333333 317.000000
686.666667 309.333333
683.333333 301.666667
680.333333 294.333333
677.666667 286.666667
675.000000 279.000000
672.000000 271.333333
669.000000 264.000000
665.666667 257.000000
661.666667 250.333333
657.000000 243.666667
652.000000 237.333333
647.000000 231.000000
642.333333 225.000000
637.666667 219.666667
633.666667 214.666667
629.666667 210.333333
626.333333 205.666667
623.000000 201.666667
619.000000 197.333333
614.333333 193.333333
608.333333 189.000000
602.333333 185.000000
596.000000 181.000000
590.000000 177.333333
584.333333 173.666667
578.666667 170.666667
572.666667 167.666667
566.000000 165.000000
558.666667 162.333333
551.666667 160.333333
544.666667 159.000000
538.333333 158.000000
531.666667 157.000000
514.666667 156.666667
497.666667 157.000000
481.000000 158.000000
474.666667 159.000000
468.000000 160.000000
461.000000 161.333333
454.333333 162.666667
448.333333 164.333333
443.000000 166.000000
438.333333 168.000000
434.000000 170.333333
429.666667 173.000000
425.000000 176.333333
419.333333 180.333333
413.666667 184.666667
408.333333 189.666667
403.666667 195.333333
399.333333 202.000000
395.000000 209.333333
391.666667 216.666667
388.666667 224.000000
386.666667 231.000000
384.666667 238.333333
383.333333 245.666667
382.000000 253.333333
381.000000 260.666667
380.333333 268.000000
380.000000 275.000000
380.000000 281.666667
380.333333 288.333333
380.666667 295.000000
381.333333 302.000000
382.000000 309.000000
383.000000 316.000000
383.666667 322.666667
384.333333 329.000000
385.000000 335.000000
386.000000 341.000000
387.000000 347.333333
388.000000 354.333333
389.000000 361.333333
390.000000 368.333333
391.333333 374.666667
392.666667 381.333333
394.333333 388.000000
396.000000 394.666667
398.333333 401.333333
401.000000 407.666667
404.333333 414.000000
407.666667 419.333333
410.666667 424.333333
413.333333 428.666667
416.000000 433.333333
419.333333 438.000000
422.666667 443.000000
426.000000 448.333333
429.333333 454.000000
432.666667 460.000000
436.000000 465.666667
439.000000 470.666667
442.666667 475.333333
447.000000 480.000000
452.000000 485.000000
457.000000 490.000000
461.666667 494.666667
466.333333 499.666667
471.000000 504.666667
475.666667 510.000000
481.000000 515.333333
487.333333 520.666667
494.666667 526.000000
502.333333 531.333333
509.666667 537.333333
517.666667 544.333333
526.666667 552.000000
536.666667 559.666667
546.666667 567.000000
555.666667 574.000000
564.000000 581.000000
573.333333 588.000000
583.333333 595.333333
593.333333 602.666667
602.000000 609.666667
610.333333 616.333333
619.666667 623.000000
629.666667 630.000000
639.333333 637.000000
648.000000 644.333333
655.666667 651.666667
663.000000 658.666667
670.666667 665.000000
679.000000 671.000000
687.666667 677.000000
695.666667 683.000000
703.000000 689.000000
709.666667 695.000000
716.333333 701.333333
723.333333 707.666667
730.666667 713.333333
737.666667 718.000000
743.666667 721.666667
749.000000 725.000000
753.333333 727.666667
756.666667 729.666667
759.000000 731.000000
761.000000 732.000000
762.666667 733.000000
764.333333 733.333333
