830.000000 437.000000
830.000000 436.000000
830.333333 435.000000
830.666667 433.333333
831.333333 431.666667
831.666667 429.333333
832.333333 427.333333
832.666667 425.000000
833.333333 422.333333
834.000000 419.333333
835.000000 416.000000
835.666667 413.000000
836.333333 409.666667
837.000000 406.333333
838.000000 403.000000
839.000000 399.666667
840.333333 396.333333
841.666667 392.666667
843.333333 389.000000
845.000000 385.000000
847.333333 380.666667
849.333333 376.333333
851.666667 371.666667
853.333333 367.000000
855.333333 362.333333
857.000000 358.000000
858.666667 354.000000
860.333333 350.000000
861.666667 346.000000
863.333333 342.000000
864.666667 337.666667
866.333333 333.333333
868.000000 329.000000
870.000000 324.666667
872.333333 320.333333
875.333333 315.666667
879.000000 311.333333
883.666667 307.000000
888.666667 303.000000
894.000000 299.000000
898.666667 295.333333
903.000000 292.000000
907.000000 288.666667
911.333333 285.000000
916.333333 281.333333
922.000000 277.666667
928.333333 274.000000
934.666667 270.333333
941.000000 267.000000
946.666667 263.666667
952.000000 260.666667
957.666667 257.333333
964.333333 254.666667
971.666667 252.000000
979.000000 250.000000
986.000000 248.333333
992.333333 246.666667
1000.000000 245.333333
1007.666667 243.666667
1016.000000 242.333333
1023.333333 241.000000
1030.333333 240.000000
1037.333333 239.000000
1043.666667 238.000000
1050.000000 237.000000
1056.666667 236.000000
1064.000000 235.000000
1082.000000 234.666667
1099.666667 235.000000
1119.333333 236.000000
1128.333333 237.333333
1137.000000 238.666667
1142.666667 240.333333
1148.000000 242.000000
1153.333333 244.000000
1159.333333 246.333333
1165.333333 249.000000
1171.333333 252.333333
1177.000000 256.000000
1182.333333 260.000000
1187.000000 264.333333
1191.000000 268.666667
1195.000000 273.000000
1198.333333 277.000000
1201.333333 281.000000
1204.000000 285.000000
1207.000000 289.000000
1210.000000 292.666667
1213.333333 296.666667
1217.000000 300.666667
1220.666667 305.333333
1224.333333 310.000000
1228.000000 315.000000
1231.666667 319.666667
1235.000000 324.333333
1237.666667 328.666667
1240.000000 333.000000
1242.000000 337.000000
1244.000000 341.333333
1245.666667 346.000000
1247.000000 351.333333
1248.000000 356.666667
1249.000000 362.333333
1250.000000 367.666667
1250.666667 373.000000
1251.333333 378.000000
1252.000000 383.000000
1252.666667 388.000000
1253.000000 392.666667
1253.000000 397.333333
1253.000000 402.000000
1253.000000 407.000000
1253.000000 412.000000
1253.000000 417.000000
1252.666667 422.000000
1252.333333 426.666667
1251.666667 431.333333
1251.000000 436.000000
1250.000000 441.000000
1249.000000 446.333333
1248.000000 452.000000
1247.000000 458.000000
1246.000000 464.333333
1245.000000 470.333333
1243.666667 476.333333
1242.000000 482.000000
1239.666667 488.333333
1236.666667 495.000000
1233.000000 501.666667
1228.666667 508.666667
1224.000000 515.333333
1219.000000 522.000000
1214.333333 528.333333
1210.000000 534.666667
1206.333333 541.333333
1203.000000 547.666667
1199.666667 554.000000
1196.333333 560.000000
1192.666667 565.666667
1189.000000 571.000000
1184.333333 576.333333
1179.000000 581.666667
1173.333333 587.666667
1168.000000 594.000000
1163.000000 600.666667
1158.333333 607.333333
1154.000000 613.666667
1149.666667 619.666667
1144.666667 625.333333
1138.666667 631.000000
1132.333333 637.000000
1126.333333 642.666667
1120.666667 648.666667
1115.666667 654.666667
1110.666667 660.666667
1106.000000 666.000000
1100.666667 671.333333
1094.333333 677.333333
1087.666667 683.333333
1080.666667 689.333333
1074.333333 695.333333
1068.333333 701.666667
1063.000000 707.666667
1058.000000 713.000000
1052.666667 718.000000
1047.000000 722.666667
1040.666667 727.000000
1034.333333 731.000000
1028.333333 734.666667
1023.000000 738.333333
1018.333333 741.666667
1014.000000 745.333333
1009.666667 749.000000
1005.333333 752.666667
1000.333333 756.333333
995.000000 760.000000
989.000000 763.666667
983.666667 766.666667
978.666667 769.000000
974.666667 771.333333
970.666667 773.333333
967.333333 775.333333
964.000000 777.000000
961.000000 779.333333
957.666667 781.666667
954.000000 784.333333
950.000000 786.666667
946.000000 789.000000
941.333333 791.333333
936.666667 794.000000
932.000000 796.666667
928.333333 799.000000
925.333333 800.666667
923.000000 802.333333
921.333333 803.666667
919.666667 805.000000
918.333333 806.000000
