784.000000 372.000000
818.000000 368.666667
818.333333 365.000000
818.666667 361.000000
819.333333 357.000000
820.000000 352.666667
821.000000 348.000000
822.666667 342.333333
824.666667 336.333333
827.333333 329.666667
830.000000 323.000000
833.000000 316.333333
836.000000 310.333333
839.333333 304.666667
842.666667 299.333333
846.333333 293.333333
850.000000 287.666667
853.666667 281.333333
857.000000 275.333333
860.000000 269.000000
863.000000 263.000000
866.000000 257.333333
869.333333 252.000000
873.000000 246.666667
877.000000 240.666667
881.000000 234.000000
885.000000 227.333333
889.000000 221.000000
893.000000 215.666667
897.000000 210.333333
901.000000 205.666667
904.666667 201.000000
908.333333 196.666667
912.000000 192.333333
916.333333 187.666667
920.666667 183.333333
925.333333 178.333333
930.000000 173.666667
935.000000 169.000000
939.666667 165.333333
944.000000 161.666667
948.333333 158.000000
952.666667 154.000000
957.333333 150.333333
962.333333 147.000000
967.666667 144.333333
973.333333 142.333333
979.000000 140.666667
984.666667 139.333333
990.333333 138.000000
995.666667 136.666667
1001.000000 135.333333
1006.000000 134.000000
1011.000000 133.000000
1016.333333 132.000000
1024.000000 131.000000
1037.333333 130.000000
1052.000000 129.000000
1066.000000 128.666667
1077.666667 129.000000
1087.333333 130.333333
1095.333333 131.666667
1099.666667 133.000000
1104.333333 134.000000
1108.666667 135.000000
1113.333333 136.333333
1118.000000 137.666667
1123.000000 139.333333
1128.000000 140.666667
1133.000000 142.333333
1137.666667 143.666667
1142.000000 145.333333
1146.000000 147.000000
1150.333333 149.000000
1155.000000 151.333333
1160.000000 154.000000
1165.333333 157.000000
1170.666667 160.333333
1176.000000 164.000000
1180.666667 167.666667
1185.000000 171.333333
1188.666667 175.000000
1192.000000 178.666667
1195.333333 182.333333
1198.666667 186.000000
1202.000000 189.666667
1205.000000 193.333333
1208.000000 197.000000
1211.333333 201.000000
1214.666667 205.666667
1218.333333 210.666667
1221.666667 216.333333
1225.000000 221.666667
1228.000000 227.000000
1231.000000 232.000000
1233.666667 237.000000
1236.333333 242.666667
1238.666667 248.333333
1240.666667 254.333333
1242.333333 260.000000
1243.666667 265.666667
1245.000000 271.000000
1246.000000 276.000000
1246.666667 281.000000
1247.333333 286.000000
1247.666667 291.000000
1248.333333 296.333333
1248.666667 302.333333
1249.000000 309.000000
1249.333333 315.666667
1249.333333 322.000000
1249.333333 328.333333
1249.000000 334.666667
1249.000000 341.333333
1248.666667 348.000000
1248.000000 355.333333
1247.000000 362.333333
1246.000000 369.333333
1245.000000 375.666667
1243.333333 382.000000
1241.000000 388.333333
1238.000000 394.666667
1235.000000 401.000000
1231.666667 407.333333
1228.000000 413.666667
1223.666667 420.000000
1219.333333 426.000000
1215.000000 432.000000
1210.666667 438.333333
1206.333333 444.666667
1202.000000 451.000000
1197.666667 457.333333
1193.000000 463.666667
1188.000000 470.000000
1182.333333 476.000000
1176.333333 482.000000
1170.000000 488.333333
1164.000000 495.000000
1158.000000 502.000000
1151.666667 509.000000
1145.000000 515.666667
1138.000000 521.666667
1131.000000 527.333333
1124.333333 532.666667
1118.000000 538.333333
1112.000000 544.000000
1106.000000 550.333333
1099.666667 557.000000
1093.000000 564.000000
1086.000000 570.666667
1079.333333 577.000000
1072.666667 583.333333
1066.000000 590.000000
1059.333333 597.333333
1052.333333 604.333333
1045.333333 611.333333
1038.000000 617.666667
1031.000000 624.000000
1024.333333 629.666667
1018.000000 635.666667
1012.000000 642.000000
1006.000000 648.666667
1000.000000 655.333333
993.666667 661.666667
987.000000 668.333333
980.333333 675.000000
974.000000 682.333333
968.000000 690.333333
962.000000 698.666667
956.000000 707.000000
950.000000 715.000000
943.666667 723.000000
937.000000 731.000000
930.333333 739.333333
924.333333 747.666667
919.000000 755.666667
913.666667 763.333333
908.000000 770.666667
902.333333 778.000000
896.666667 785.333333
891.000000 792.666667
885.000000 800.000000
879.333333 806.666667
874.333333 813.000000
870.000000 818.666667
866.000000 823.666667
862.333333 828.000000
858.666667 832.000000
855.000000 836.000000
851.000000 840.333333
847.333333 844.666667
844.000000 848.666667
841.333333 851.666667
839.333333 854.000000
837.666667 855.666667
836.666667 857.000000
835.666667 858.000000
835.333333 858.333333
