488.333333 406.333333
487.666667 404.666667
487.333333 403.000000
486.666667 400.666667
486.333333 398.000000
486.000000 395.000000
485.666667 391.666667
485.333333 387.333333
485.000000 382.000000
484.666667 376.000000
484.333333 369.666667
483.666667 362.666667
483.333333 355.333333
482.666667 348.000000
482.000000 341.000000
481.000000 333.666667
480.000000 326.000000
479.000000 318.333333
477.666667 311.000000
476.333333 304.333333
474.666667 297.666667
473.000000 291.333333
470.666667 284.333333
468.333333 277.333333
465.666667 270.333333
463.000000 264.000000
460.000000 258.000000
457.000000 252.333333
454.000000 247.000000
451.000000 242.333333
448.000000 238.000000
445.000000 234.000000
442.000000 230.000000
439.000000 226.000000
436.000000 222.000000
432.666667 218.333333
429.000000 214.666667
425.000000 211.000000
420.666667 207.000000
416.333333 203.333333
411.666667 200.333333
407.333333 197.666667
403.000000 195.333333
399.000000 193.000000
395.000000 191.000000
391.000000 189.333333
387.333333 187.666667
383.666667 186.333333
379.666667 184.666667
375.333333 183.000000
370.666667 181.333333
366.000000 179.666667
360.666667 178.333333
355.333333 176.666667
350.333333 175.333333
345.666667 174.000000
341.333333 173.000000
336.666667 172.000000
332.000000 171.000000
322.666667 170.000000
313.666667 169.666667
302.000000 170.000000
295.333333 171.000000
288.666667 172.000000
285.333333 173.333333
281.666667 175.000000
278.333333 177.000000
274.666667 179.333333
271.333333 182.000000
267.666667 185.000000
264.333333 187.666667
261.333333 190.333333
258.666667 193.000000
256.333333 196.000000
253.666667 198.666667
251.666667 201.333333
249.666667 204.000000
247.666667 207.000000
245.333333 210.333333
243.000000 213.666667
240.666667 217.333333
238.000000 221.333333
235.333333 225.666667
232.666667 230.000000
230.000000 234.000000
227.000000 238.000000
224.000000 242.000000
221.000000 246.000000
218.000000 250.333333
215.000000 254.666667
211.666667 259.333333
208.666667 263.666667
205.666667 268.333333
203.000000 273.000000
200.333333 278.000000
198.000000 283.333333
196.000000 288.666667
194.000000 294.333333
192.333333 299.666667
191.000000 305.000000
190.000000 310.333333
189.333333 316.000000
188.666667 322.000000
188.333333 328.000000
188.000000 334.333333
188.333333 341.000000
189.000000 348.333333
189.666667 355.666667
190.333333 363.000000
191.000000 370.000000
192.000000 377.000000
193.333333 384.000000
195.000000 391.333333
197.000000 399.000000
199.333333 407.000000
202.333333 415.333333
205.666667 424.000000
209.333333 433.000000
213.000000 441.666667
217.000000 449.666667
221.000000 457.333333
224.666667 464.333333
228.000000 471.333333
231.333333 477.333333
234.666667 483.333333
238.666667 489.000000
243.000000 495.000000
248.000000 501.333333
253.666667 508.000000
260.000000 515.000000
266.666667 522.000000
273.000000 529.000000
278.666667 536.000000
284.000000 542.666667
289.000000 549.333333
294.000000 555.666667
298.666667 561.666667
303.333333 567.000000
308.000000 571.666667
313.333333 576.000000
319.000000 580.000000
325.000000 584.333333
331.333333 589.000000
338.333333 594.333333
346.333333 600.333333
355.000000 607.000000
363.333333 614.000000
371.666667 621.333333
379.666667 629.000000
388.333333 637.000000
396.666667 645.333333
404.666667 653.333333
412.000000 661.666667
419.666667 670.333333
427.666667 680.333333
436.333333 691.000000
444.666667 702.333333
453.000000 713.666667
461.000000 725.000000
468.666667 735.666667
476.333333 745.666667
483.666667 754.666667
491.333333 762.666667
498.333333 769.666667
505.000000 775.666667
510.666667 780.666667
515.666667 784.333333
519.666667 787.000000
522.666667 789.000000
524.666667 790.666667
526.000000 792.000000
527.000000 793.000000
528.000000 794.000000
528.666667 795.333333
529.333333 796.666667
529.666667 798.000000
530.000000 799.000000
530.000000 798.666667
