764.000000 465.666667
764.000000 462.666667
764.000000 459.333333
796.666667 455.666667
829.333333 452.000000
862.000000 448.333333
861.666667 444.333333
861.333333 440.333333
860.666667 435.333333
860.333333 430.333333
859.666667 424.666667
858.666667 419.000000
857.333333 412.666667
856.000000 406.333333
854.666667 399.666667
852.666667 393.333333
850.000000 386.333333
846.666667 379.333333
843.333333 372.000000
839.666667 364.666667
836.000000 357.333333
832.333333 350.000000
828.666667 342.666667
825.000000 335.000000
821.333333 327.000000
817.666667 319.333333
814.000000 312.000000
809.666667 305.000000
804.666667 298.000000
798.666667 291.000000
792.333333 284.000000
786.000000 277.333333
780.333333 271.000000
774.666667 265.333333
769.000000 259.666667
762.666667 254.333333
756.000000 249.333333
749.000000 245.000000
742.333333 241.000000
736.333333 237.333333
731.000000 234.000000
726.000000 230.666667
721.000000 227.333333
715.666667 223.666667
709.333333 220.000000
702.666667 216.666667
695.666667 213.666667
689.666667 211.333333
684.000000 209.000000
679.000000 207.000000
673.666667 205.000000
667.000000 203.333333
659.333333 202.000000
651.000000 201.000000
643.333333 200.000000
633.333333 199.000000
612.666667 198.666667
590.333333 199.000000
570.000000 200.000000
560.666667 201.000000
553.000000 202.333333
546.666667 204.333333
540.666667 207.333333
535.333333 211.000000
529.666667 215.333333
524.000000 220.333333
518.333333 226.000000
512.666667 232.000000
507.333333 238.000000
502.000000 244.000000
497.333333 249.666667
493.000000 254.666667
489.666667 259.000000
486.666667 263.000000
484.333333 267.000000
482.333333 270.666667
480.666667 274.000000
479.666667 277.333333
478.666667 281.000000
478.333333 285.000000
478.000000 289.333333
478.000000 294.666667
478.333333 300.333333
479.000000 306.666667
479.666667 312.333333
480.333333 318.333333
481.000000 323.666667
482.000000 328.666667
483.333333 333.333333
484.666667 337.666667
486.333333 342.333333
488.000000 347.000000
490.666667 352.333333
493.666667 358.333333
497.000000 365.000000
500.333333 371.666667
503.666667 377.666667
507.000000 383.333333
509.666667 388.666667
512.333333 394.000000
514.333333 398.666667
516.333333 402.666667
517.666667 406.000000
519.000000 409.000000
520.000000 412.333333
521.000000 415.666667
522.333333 419.333333
523.666667 422.666667
525.000000 426.333333
526.000000 430.333333
527.000000 435.000000
528.000000 440.000000
529.333333 445.000000
530.666667 450.333333
532.333333 455.666667
533.666667 461.333333
535.333333 466.333333
537.000000 471.000000
539.333333 475.000000
542.333333 479.000000
546.333333 483.333333
550.666667 488.000000
555.333333 493.000000
559.666667 498.666667
564.333333 504.666667
568.666667 511.000000
573.333333 517.666667
578.333333 524.666667
584.666667 532.666667
591.666667 541.333333
599.333333 550.666667
606.666667 559.333333
614.000000 567.333333
621.666667 575.000000
629.666667 583.000000
638.000000 590.666667
645.666667 598.000000
652.666667 605.000000
659.000000 611.666667
665.000000 617.666667
671.666667 623.333333
679.333333 629.333333
687.333333 635.666667
695.000000 642.666667
702.000000 649.666667
709.000000 657.000000
716.000000 663.666667
723.333333 670.000000
730.666667 676.333333
738.000000 682.666667
745.000000 689.000000
751.333333 694.666667
757.333333 700.666667
763.000000 706.666667
770.333333 713.666667
778.666667 720.666667
787.333333 728.333333
795.333333 736.000000
803.000000 744.000000
810.666667 751.666667
818.333333 759.000000
826.000000 765.666667
833.666667 772.000000
840.666667 777.666667
847.000000 783.000000
852.666667 788.000000
858.333333 793.333333
863.666667 799.000000
869.333333 805.000000
874.666667 810.666667
880.333333 816.000000
886.000000 820.666667
891.333333 824.666667
896.000000 827.666667
899.333333 829.666667
902.000000 831.000000
904.000000 832.000000
905.666667 833.000000
907.333333 833.000000
