738.000000 368.666667
679.333333 364.666667
679.333333 360.000000
679.000000 355.000000
679.000000 350.000000
679.000000 344.666667
678.666667 339.333333
678.000000 334.000000
677.333333 329.000000
676.666667 324.333333
676.000000 319.666667
674.666667 315.000000
673.333333 310.333333
671.666667 305.666667
670.000000 301.333333
668.000000 297.000000
665.666667 293.000000
663.333333 289.333333
660.333333 285.333333
657.333333 281.333333
653.666667 277.000000
650.000000 272.666667
646.000000 268.333333
642.000000 263.666667
637.666667 259.000000
633.000000 254.000000
627.666667 249.000000
622.000000 244.000000
616.000000 238.666667
609.666667 233.333333
603.333333 228.000000
597.000000 223.000000
591.000000 218.000000
584.666667 213.333333
578.000000 208.666667
571.000000 204.333333
563.666667 200.000000
556.333333 196.000000
549.000000 192.000000
541.666667 188.000000
534.333333 184.000000
526.666667 180.333333
519.333333 176.666667
511.666667 173.333333
504.333333 169.666667
497.000000 166.333333
490.000000 163.333333
483.000000 161.000000
476.000000 159.000000
468.666667 157.000000
461.333333 155.333333
454.000000 154.000000
439.333333 153.666667
425.333333 154.333333
412.000000 156.000000
407.000000 158.000000
402.333333 160.333333
398.000000 163.000000
394.000000 166.000000
390.000000 169.000000
386.000000 172.333333
382.000000 176.000000
378.000000 179.666667
374.333333 183.000000
370.666667 186.333333
367.333333 190.000000
364.000000 193.666667
361.000000 197.666667
358.000000 201.666667
355.333333 206.333333
352.666667 211.333333
350.000000 216.666667
347.333333 222.666667
345.333333 228.666667
343.666667 235.000000
342.333333 241.000000
341.333333 247.333333
340.666667 253.666667
340.333333 260.333333
340.000000 266.666667
340.333333 273.333333
340.666667 280.333333
341.333333 287.666667
342.000000 295.333333
343.000000 303.000000
344.000000 311.000000
345.333333 319.000000
346.666667 327.000000
348.333333 335.000000
350.333333 343.000000
352.666667 350.666667
355.333333 358.000000
358.333333 365.000000
361.666667 372.000000
365.333333 379.000000
369.000000 386.333333
373.000000 393.666667
377.000000 401.000000
381.000000 408.000000
385.000000 415.333333
389.333333 423.333333
394.333333 432.000000
399.666667 441.000000
405.333333 450.000000
411.000000 458.666667
416.666667 467.000000
422.333333 475.333333
428.000000 484.000000
434.333333 493.000000
441.333333 502.333333
449.000000 511.666667
457.000000 522.000000
465.333333 532.666667
474.000000 544.000000
483.333333 554.666667
493.000000 565.000000
503.000000 575.000000
513.666667 585.333333
524.666667 596.000000
536.333333 606.666667
547.666667 617.333333
559.000000 628.000000
570.000000 639.333333
581.333333 650.666667
592.666667 662.333333
603.666667 674.000000
614.000000 686.000000
623.666667 697.666667
633.000000 708.666667
642.000000 719.000000
650.666667 728.666667
658.666667 738.333333
665.666667 747.333333
672.333333 756.333333
679.000000 764.666667
685.666667 773.000000
692.333333 780.666667
698.333333 788.000000
704.333333 794.666667
709.666667 801.000000
714.666667 806.666667
719.000000 811.666667
722.666667 816.000000
727.333333 820.666667
731.333333 824.666667
735.333333 828.000000
737.333333 829.666667
739.333333 831.000000
740.666667 832.000000
742.000000 833.000000
743.000000 834.000000
744.333333 835.000000
