996.000000 421.333333
1040.000000 420.000000
1040.000000 418.666667
1040.333333 416.666667
1041.333333 414.333333
1042.666667 411.666667
1044.333333 408.666667
1046.000000 405.333333
1047.666667 401.333333
1049.000000 397.333333
1050.000000 392.666667
1051.000000 387.666667
1052.000000 381.666667
1053.000000 375.000000
1053.666667 368.333333
1054.333333 361.666667
1055.000000 355.333333
1056.000000 349.000000
1057.000000 342.666667
1058.000000 336.000000
1059.333333 329.333333
1061.000000 323.000000
1063.333333 316.666667
1066.000000 310.666667
1069.000000 304.666667
1072.333333 299.333333
1075.666667 294.000000
1079.666667 288.666667
1083.666667 283.000000
1088.000000 277.000000
1092.000000 271.000000
1095.666667 265.333333
1099.333333 260.000000
1103.000000 255.333333
1107.000000 250.666667
1111.333333 246.333333
1116.000000 241.666667
1121.000000 237.333333
1126.333333 232.666667
1131.666667 228.333333
1137.000000 224.000000
1141.666667 220.000000
1146.666667 215.666667
1152.000000 211.333333
1158.000000 207.333333
1164.000000 204.000000
1170.333333 201.000000
1176.666667 198.333333
1183.000000 195.666667
1188.666667 193.333333
1194.333333 191.000000
1200.000000 189.000000
1206.333333 186.666667
1213.000000 184.666667
1219.666667 182.666667
1226.000000 181.333333
1232.000000 179.666667
1237.666667 178.333333
1243.000000 177.000000
1248.333333 175.666667
1253.666667 174.333333
1265.000000 173.666667
1275.666667 174.000000
1286.000000 175.000000
1290.000000 176.000000
1294.000000 177.000000
1298.666667 178.333333
1303.666667 180.000000
1309.000000 181.666667
1314.333333 183.333333
1319.666667 184.666667
1325.000000 186.000000
1329.666667 187.000000
1334.000000 188.333333
1337.666667 190.000000
1341.333333 191.666667
1344.666667 193.333333
1348.333333 195.000000
1352.333333 197.000000
1356.666667 199.000000
1361.333333 201.333333
1365.666667 204.333333
1370.000000 208.000000
1374.000000 212.000000
1377.666667 216.000000
1381.000000 220.333333
1383.666667 224.666667
1386.000000 229.000000
1388.000000 233.000000
1389.666667 236.666667
1391.000000 240.000000
1392.000000 243.000000
1393.000000 246.333333
1393.666667 250.333333
1394.333333 254.666667
1395.000000 259.333333
1395.666667 264.000000
1396.333333 269.000000
1396.666667 274.000000
1397.333333 278.666667
1398.000000 283.666667
1398.666667 288.333333
1399.333333 293.333333
1399.666667 298.333333
1400.000000 303.666667
1400.000000 309.333333
1400.000000 315.000000
1400.000000 320.666667
1400.000000 326.000000
1399.666667 331.333333
1399.333333 337.000000
1398.666667 343.000000
1398.000000 349.333333
1397.333333 355.666667
1396.666667 362.333333
1396.000000 368.666667
1395.000000 375.000000
1394.000000 381.000000
1392.666667 387.000000
1391.000000 393.333333
1389.333333 400.000000
1387.333333 407.000000
1385.333333 414.000000
1382.333333 420.666667
1379.000000 427.000000
1374.666667 433.333333
1370.000000 439.666667
1365.000000 446.333333
1360.333333 453.000000
1355.666667 459.666667
1351.333333 466.000000
1347.000000 472.000000
1343.000000 478.000000
1338.333333 484.333333
1332.333333 491.000000
1325.666667 498.000000
1318.666667 505.333333
1312.666667 512.333333
1306.666667 519.000000
1301.333333 525.000000
1296.000000 531.333333
1290.666667 537.666667
1284.666667 544.333333
1278.333333 551.000000
1272.000000 557.666667
1266.333333 564.000000
1261.000000 569.666667
1254.666667 577.000000
1248.000000 584.333333
1241.000000 592.000000
1234.666667 598.000000
1228.333333 604.000000
1222.000000 609.666667
1216.333333 615.000000
1211.000000 620.333333
1206.333333 625.666667
1201.666667 631.000000
1196.333333 636.666667
1190.000000 643.000000
1183.000000 649.666667
1176.333333 656.333333
1170.000000 662.666667
1164.333333 669.000000
1159.000000 674.666667
1154.000000 680.666667
1148.666667 686.666667
1143.333333 693.000000
1137.333333 699.000000
1131.666667 704.666667
1125.666667 710.000000
1120.333333 715.000000
1115.666667 720.000000
1111.666667 724.666667
1108.666667 728.666667
1106.000000 731.666667
1104.333333 734.000000
1103.000000 735.666667
1102.333333 737.000000
1101.666667 738.000000
1101.333333 739.000000
1101.000000 739.333333
1101.000000 739.000000
