604.333333 391.333333
610.000000 391.000000
615.333333 390.000000
618.666667 389.000000
621.000000 388.000000
622.666667 386.666667
624.000000 385.333333
624.666667 384.000000
625.333333 383.000000
625.666667 382.000000
626.000000 380.666667
626.333333 379.333333
626.666667 377.333333
627.000000 375.666667
627.000000 373.333333
627.000000 371.333333
627.000000 368.666667
627.000000 366.000000
627.000000 363.000000
627.000000 359.666667
627.000000 356.333333
627.000000 352.666667
627.000000 349.000000
627.000000 345.000000
626.666667 340.666667
626.333333 336.000000
626.000000 330.666667
625.666667 325.000000
625.000000 319.000000
624.000000 313.000000
623.000000 307.000000
621.666667 301.333333
620.000000 295.666667
618.000000 289.666667
615.666667 283.666667
612.666667 277.333333
609.000000 271.333333
604.666667 265.333333
600.333333 260.000000
595.666667 255.000000
591.666667 250.333333
587.666667 246.000000
584.000000 242.000000
580.000000 238.000000
576.000000 234.000000
572.000000 230.000000
566.666667 225.666667
560.666667 221.333333
554.333333 217.333333
548.666667 213.666667
543.666667 210.333333
538.333333 207.000000
533.333333 204.000000
528.000000 201.000000
523.333333 198.333333
518.000000 195.666667
512.000000 193.333333
505.333333 190.666667
499.333333 188.333333
494.000000 186.000000
489.333333 184.000000
484.666667 182.000000
480.000000 180.000000
474.666667 178.000000
468.666667 176.000000
462.333333 174.000000
455.666667 172.333333
449.666667 171.000000
444.000000 170.000000
439.000000 169.000000
434.000000 168.000000
429.000000 167.000000
421.000000 166.000000
411.333333 165.000000
400.333333 164.666667
391.666667 165.000000
384.000000 166.000000
378.333333 167.000000
372.666667 168.000000
367.666667 169.000000
362.333333 170.000000
358.000000 171.000000
354.000000 172.000000
350.333333 173.000000
347.000000 174.000000
344.000000 175.333333
341.333333 176.666667
338.666667 178.000000
336.333333 179.333333
334.000000 181.000000
332.000000 183.000000
329.666667 185.000000
327.000000 187.333333
324.333333 190.333333
321.333333 194.000000
318.333333 197.666667
314.666667 201.333333
311.666667 205.000000
309.000000 209.000000
307.000000 213.000000
305.000000 217.333333
303.333333 222.000000
302.000000 227.333333
301.333333 233.000000
301.333333 239.666667
302.333333 247.333333
304.000000 256.000000
306.000000 265.000000
308.000000 274.000000
310.000000 283.000000
312.333333 291.666667
315.000000 299.666667
317.666667 306.666667
320.333333 313.000000
322.666667 318.666667
325.000000 323.666667
327.000000 328.000000
329.000000 332.333333
331.000000 336.666667
333.333333 341.666667
335.666667 346.666667
338.333333 352.666667
341.000000 358.666667
344.333333 365.000000
347.666667 371.000000
351.333333 377.000000
355.000000 383.000000
359.000000 388.666667
363.000000 394.000000
367.000000 399.000000
370.666667 404.000000
374.333333 409.000000
377.666667 414.000000
381.333333 419.000000
385.000000 424.000000
389.000000 429.000000
394.000000 434.333333
399.666667 440.000000
406.000000 445.666667
412.000000 451.666667
417.666667 457.666667
423.000000 464.000000
428.000000 469.666667
432.666667 475.333333
437.666667 480.666667
443.000000 486.333333
449.000000 492.000000
454.666667 497.666667
459.666667 503.000000
464.333333 508.000000
468.666667 513.000000
473.000000 518.000000
477.000000 523.000000
480.666667 527.666667
484.666667 532.333333
489.000000 537.000000
493.333333 541.666667
498.000000 546.333333
502.333333 550.666667
507.000000 555.333333
511.000000 559.333333
514.666667 563.333333
518.000000 566.666667
520.666667 569.666667
523.333333 572.333333
526.333333 575.000000
530.333333 578.333333
535.000000 582.000000
540.666667 586.666667
547.000000 591.666667
553.666667 597.000000
559.666667 602.000000
565.000000 607.000000
570.333333 612.333333
576.000000 617.666667
582.000000 622.666667
588.000000 627.333333
594.333333 632.000000
600.666667 637.333333
606.666667 642.666667
612.000000 648.000000
617.000000 653.000000
622.000000 657.666667
627.333333 662.333333
633.333333 666.333333
639.666667 670.333333
646.000000 673.666667
652.000000 677.000000
657.333333 680.000000
662.333333 683.000000
669.333333 687.666667
676.666667 692.666667
684.666667 698.333333
690.666667 703.000000
697.000000 708.000000
702.333333 712.666667
707.000000 717.000000
710.666667 720.666667
713.666667 724.000000
716.000000 726.666667
718.000000 728.666667
719.666667 730.000000
721.000000 731.000000
724.666667 731.333333
