766.000000 409.000000
766.000000 407.666667
766.000000 406.333333
805.666667 404.666667
845.666667 403.000000
886.333333 401.333333
887.666667 399.666667
889.333333 398.000000
890.666667 396.000000
892.000000 394.333333
893.000000 392.333333
894.000000 390.333333
895.000000 387.666667
895.666667 385.000000
896.000000 381.666667
895.666667 378.000000
895.333333 374.000000
894.666667 370.000000
894.000000 365.666667
892.666667 361.000000
891.333333 356.000000
889.333333 351.333333
887.333333 346.333333
884.666667 341.333333
882.000000 335.666667
879.000000 330.000000
876.000000 324.000000
873.333333 317.666667
870.666667 311.333333
867.666667 304.666667
864.333333 298.000000
860.666667 290.666667
856.666667 283.333333
852.000000 275.666667
847.000000 268.666667
841.666667 261.666667
836.333333 255.000000
831.333333 248.333333
826.666667 241.666667
822.000000 235.000000
817.333333 228.333333
812.666667 221.666667
807.666667 215.666667
802.000000 209.666667
796.000000 204.000000
790.333333 198.333333
784.666667 193.000000
779.666667 188.333333
774.666667 183.666667
770.333333 179.333333
765.333333 174.666667
760.333333 170.333333
754.666667 166.333333
749.333333 163.000000
744.000000 160.000000
739.000000 157.333333
734.333333 155.333333
729.666667 154.000000
725.333333 153.000000
715.000000 152.666667
704.333333 153.000000
693.333333 154.333333
688.000000 155.666667
683.000000 157.000000
678.333333 158.333333
674.000000 160.000000
669.666667 162.000000
665.333333 164.333333
660.000000 167.333333
654.333333 170.666667
648.333333 174.333333
643.000000 178.000000
638.333333 181.666667
634.000000 185.000000
630.000000 188.333333
626.333333 191.333333
623.000000 194.333333
620.333333 196.666667
618.000000 199.000000
615.666667 201.333333
613.333333 204.000000
610.333333 207.333333
607.000000 211.000000
603.000000 215.333333
599.666667 219.666667
596.666667 224.333333
594.333333 229.000000
592.000000 233.666667
590.000000 238.333333
588.333333 243.000000
587.000000 247.666667
586.333333 252.333333
586.000000 257.000000
586.000000 262.000000
586.333333 267.000000
587.000000 272.000000
588.000000 277.000000
589.000000 282.333333
590.000000 288.333333
591.333333 295.000000
593.333333 302.000000
595.333333 309.333333
597.666667 316.666667
599.666667 323.666667
602.000000 330.000000
604.000000 336.000000
606.333333 342.000000
608.666667 348.000000
610.666667 353.666667
612.666667 359.333333
614.666667 364.666667
617.000000 370.000000
619.000000 375.000000
621.000000 380.000000
623.333333 385.000000
626.000000 390.333333
629.000000 396.000000
632.000000 402.333333
635.333333 408.666667
638.666667 415.000000
642.666667 420.666667
646.666667 426.000000
651.000000 431.333333
655.333333 437.000000
659.333333 443.000000
663.333333 449.000000
667.000000 454.666667
670.666667 460.000000
674.333333 465.000000
678.000000 470.000000
682.000000 475.000000
686.666667 480.000000
691.666667 485.333333
697.000000 490.666667
702.000000 496.000000
707.333333 501.333333
712.666667 507.333333
718.000000 513.333333
723.666667 519.333333
730.333333 525.333333
737.666667 532.000000
745.000000 538.666667
752.000000 545.666667
758.666667 552.666667
765.666667 560.333333
773.666667 567.666667
782.333333 575.000000
791.000000 582.000000
798.666667 589.333333
806.666667 597.333333
815.000000 605.666667
824.333333 613.666667
833.333333 621.000000
842.000000 628.333333
849.666667 636.333333
857.000000 644.333333
864.000000 652.333333
871.000000 659.666667
878.000000 666.666667
884.333333 672.666667
890.333333 678.000000
895.666667 683.000000
901.000000 688.333333
906.000000 694.333333
911.000000 701.666667
916.333333 710.000000
922.333333 719.666667
928.666667 729.333333
935.000000 739.333333
940.666667 748.666667
945.666667 757.000000
950.000000 764.000000
953.666667 769.666667
956.666667 774.333333
958.666667 778.000000
960.000000 780.666667
961.000000 782.666667
961.666667 784.000000
962.333333 785.000000
962.666667 785.333333
963.000000 785.000000
963.000000 784.000000
963.000000 783.000000
