706.000000 392.666667
706.000000 389.666667
706.000000 386.333333
706.000000 382.666667
706.000000 379.000000
706.000000 375.000000
705.666667 370.666667
705.000000 366.333333
704.000000 361.666667
703.000000 357.000000
701.666667 352.000000
700.000000 347.333333
698.000000 342.333333
695.666667 337.333333
693.000000 332.000000
690.000000 326.666667
687.000000 321.000000
683.666667 315.000000
680.333333 309.000000
676.666667 302.666667
672.666667 296.333333
668.000000 289.666667
663.000000 283.333333
657.666667 277.000000
652.000000 270.666667
646.000000 264.666667
640.000000 258.666667
634.000000 253.000000
627.666667 247.333333
621.000000 241.666667
614.000000 236.000000
606.666667 230.333333
599.333333 224.666667
592.333333 219.333333
585.333333 214.000000
578.333333 209.000000
570.666667 204.333333
563.000000 200.000000
555.333333 196.000000
548.000000 192.333333
541.333333 189.000000
534.666667 186.000000
528.000000 183.333333
521.000000 181.000000
514.000000 179.000000
507.000000 177.333333
500.333333 176.000000
494.000000 175.000000
486.333333 174.666667
477.000000 175.333333
468.333333 176.666667
461.666667 178.666667
457.333333 180.333333
453.000000 182.333333
449.333333 184.333333
446.000000 186.666667
443.000000 189.666667
439.666667 193.333333
436.666667 198.000000
433.666667 204.000000
431.333333 211.000000
429.333333 219.333333
427.666667 228.000000
426.333333 237.000000
425.000000 246.333333
423.666667 255.666667
422.333333 264.666667
421.000000 273.000000
420.000000 281.000000
419.000000 289.333333
418.333333 297.666667
418.000000 306.666667
418.333333 315.666667
418.666667 325.666667
419.000000 336.000000
419.333333 347.000000
419.666667 358.000000
420.000000 368.333333
420.333333 378.333333
420.666667 387.666667
421.333333 397.000000
422.000000 406.000000
423.333333 414.666667
425.000000 424.000000
427.333333 433.666667
430.000000 444.000000
433.333333 454.333333
437.666667 465.000000
443.333333 476.000000
450.333333 487.333333
458.000000 498.666667
466.333333 510.000000
475.666667 521.000000
486.000000 532.333333
497.000000 543.333333
508.000000 554.333333
519.333333 564.666667
531.000000 575.000000
542.666667 584.666667
554.000000 594.333333
565.000000 603.666667
576.000000 613.000000
587.000000 622.000000
597.333333 630.666667
606.666667 639.666667
615.000000 648.666667
622.666667 657.666667
630.000000 666.000000
636.666667 674.000000
642.666667 682.000000
648.000000 689.666667
653.000000 696.666667
658.000000 703.000000
662.666667 708.666667
667.000000 713.666667
670.666667 718.000000
674.000000 721.333333
677.000000 724.000000
679.666667 726.000000
681.666667 727.666667
683.000000 729.000000
684.000000 730.000000
685.000000 731.000000
686.000000 732.000000
