680.333333 417.000000
679.000000 416.000000
678.000000 414.666667
677.333333 412.666667
677.000000 410.000000
677.000000 407.333333
677.000000 404.333333
677.000000 401.333333
677.333333 397.333333
677.666667 393.333333
678.333333 388.666667
678.666667 384.000000
679.333333 378.666667
680.000000 373.000000
681.333333 367.333333
683.000000 361.666667
684.666667 356.000000
686.333333 350.333333
688.333333 345.000000
691.000000 339.333333
694.000000 333.333333
697.000000 326.666667
700.333333 320.000000
704.000000 313.333333
707.666667 307.000000
711.333333 301.000000
714.666667 294.666667
718.333333 288.000000
722.000000 281.000000
726.333333 274.000000
731.000000 267.333333
736.000000 261.000000
741.333333 255.000000
747.000000 249.333333
752.666667 244.000000
758.000000 238.666667
763.333333 233.000000
769.666667 226.666667
777.000000 220.666667
784.666667 214.666667
792.333333 209.333333
799.333333 204.333333
806.666667 200.000000
814.333333 196.000000
823.333333 192.000000
832.333333 188.333333
841.000000 184.666667
849.000000 181.333333
857.333333 178.000000
866.000000 175.000000
875.000000 172.000000
883.666667 169.333333
891.666667 167.333333
899.333333 166.000000
907.000000 165.000000
917.666667 164.666667
930.666667 165.000000
943.000000 166.000000
952.333333 167.333333
959.333333 169.000000
966.666667 171.000000
974.666667 173.000000
982.333333 175.333333
990.000000 177.666667
996.333333 180.333333
1002.000000 182.666667
1007.666667 185.333333
1013.333333 188.000000
1019.333333 190.666667
1024.666667 193.333333
1030.000000 196.000000
1035.000000 199.000000
1039.666667 202.000000
1043.666667 205.000000
1047.333333 208.666667
1050.666667 213.000000
1053.666667 218.000000
1056.000000 223.333333
1058.333333 228.666667
1060.666667 234.333333
1063.000000 240.000000
1065.000000 246.000000
1067.333333 252.333333
1069.666667 258.666667
1072.000000 265.000000
1074.000000 271.000000
1076.000000 276.333333
1077.666667 281.333333
1079.333333 286.000000
1080.666667 290.666667
1082.000000 295.666667
1083.000000 300.666667
1083.666667 306.333333
1084.333333 312.333333
1084.666667 318.666667
1085.333333 325.000000
1085.666667 331.333333
1086.000000 337.666667
1085.666667 344.666667
1085.333333 351.666667
1084.333333 359.000000
1083.333333 366.000000
1082.000000 372.666667
1080.666667 379.000000
1079.000000 384.666667
1076.666667 390.666667
1074.000000 397.000000
1071.000000 404.333333
1068.000000 412.000000
1064.666667 420.000000
1061.333333 428.333333
1058.000000 437.000000
1054.666667 446.333333
1050.666667 455.333333
1045.666667 464.333333
1040.000000 473.000000
1033.666667 482.000000
1027.333333 491.333333
1021.333333 500.666667
1015.666667 509.666667
1009.666667 518.333333
1002.333333 527.000000
994.000000 536.333333
985.333333 546.000000
977.000000 555.666667
968.666667 565.000000
959.000000 574.666667
949.000000 584.666667
938.666667 595.333333
929.666667 605.333333
921.000000 615.000000
912.000000 624.333333
902.333333 634.000000
892.666667 643.666667
884.000000 653.000000
876.333333 661.666667
868.333333 670.000000
859.666667 678.333333
850.666667 686.666667
842.000000 695.000000
834.333333 703.000000
827.333333 710.666667
821.000000 718.000000
814.666667 725.000000
807.333333 732.333333
799.666667 739.666667
792.000000 747.333333
785.666667 754.333333
780.333333 761.000000
776.000000 766.666667
772.666667 771.666667
770.000000 776.000000
768.000000 779.666667
766.333333 783.000000
765.000000 786.000000
764.333333 788.666667
764.000000 790.666667
764.000000 792.333333
764.000000 793.666667
764.000000 795.000000
764.000000 796.000000
764.000000 797.000000
764.000000 797.333333
