846.000000 449.666667
845.666667 448.333333
845.000000 446.666667
845.000000 445.333333
845.000000 443.333333
845.000000 441.333333
845.333333 438.666667
846.000000 435.666667
847.000000 432.000000
848.333333 428.000000
849.666667 424.000000
851.000000 419.666667
852.000000 415.000000
853.000000 410.000000
854.333333 405.333333
855.666667 400.666667
857.333333 396.000000
858.666667 391.000000
860.000000 386.000000
861.333333 380.666667
862.666667 375.000000
864.000000 369.000000
865.000000 363.333333
866.000000 358.333333
867.333333 353.666667
869.000000 349.333333
871.000000 344.666667
873.666667 339.666667
876.666667 334.000000
880.666667 328.000000
885.000000 322.000000
890.000000 315.666667
894.666667 309.666667
899.333333 303.666667
903.666667 297.666667
908.333333 291.333333
913.000000 284.666667
918.333333 278.000000
924.666667 271.000000
931.666667 264.666667
938.666667 259.000000
945.000000 254.000000
951.000000 249.000000
957.666667 244.000000
964.666667 239.000000
972.333333 234.333333
980.000000 229.666667
987.666667 225.333333
995.000000 221.000000
1002.333333 216.666667
1010.333333 212.333333
1019.000000 208.333333
1027.666667 205.000000
1036.000000 202.000000
1044.000000 199.000000
1052.666667 196.000000
1062.333333 193.000000
1072.333333 190.333333
1081.666667 188.000000
1090.000000 186.000000
1098.666667 183.666667
1108.000000 181.666667
1117.666667 179.666667
1126.666667 178.333333
1139.666667 177.000000
1152.333333 176.666667
1167.666667 177.000000
1177.333333 178.000000
1186.333333 179.333333
1191.666667 181.000000
1197.000000 182.666667
1202.333333 184.666667
1208.000000 186.666667
1214.000000 189.333333
1219.666667 191.666667
1225.333333 194.000000
1230.333333 196.333333
1235.000000 199.000000
1239.000000 202.000000
1242.666667 205.000000
1246.333333 208.666667
1249.666667 212.666667
1253.333333 217.333333
1257.000000 222.000000
1260.666667 226.666667
1264.333333 231.333333
1268.000000 236.000000
1271.666667 240.666667
1275.000000 245.333333
1278.333333 250.333333
1281.333333 255.666667
1284.000000 261.333333
1286.000000 266.666667
1288.000000 272.333333
1290.000000 277.666667
1291.666667 283.000000
1293.000000 287.666667
1293.666667 292.000000
1294.333333 296.666667
1295.000000 301.666667
1295.666667 307.333333
1296.333333 312.666667
1296.666667 318.333333
1297.333333 323.666667
1297.666667 328.666667
1298.000000 333.333333
1298.000000 338.000000
1298.000000 343.000000
1298.000000 348.333333
1298.000000 353.666667
1298.000000 359.333333
1298.000000 365.000000
1298.000000 370.666667
1298.000000 376.000000
1298.000000 380.666667
1297.666667 385.666667
1297.333333 390.666667
1296.666667 396.000000
1296.333333 401.333333
1295.666667 406.666667
1295.333333 412.333333
1294.666667 417.666667
1293.666667 422.666667
1292.333333 427.333333
1290.666667 432.000000
1289.000000 437.000000
1286.666667 442.333333
1283.666667 448.000000
1279.666667 454.333333
1275.333333 460.666667
1271.000000 466.666667
1267.000000 472.333333
1263.000000 477.666667
1259.333333 483.333333
1255.666667 489.000000
1252.333333 495.333333
1248.333333 502.000000
1244.666667 509.000000
1240.000000 515.666667
1235.000000 522.000000
1229.000000 528.333333
1223.000000 535.000000
1217.000000 542.333333
1211.333333 549.666667
1206.000000 556.666667
1201.000000 563.333333
1196.000000 569.666667
1190.000000 576.333333
1183.666667 583.000000
1176.666667 590.000000
1170.333333 597.000000
1164.333333 604.000000
1159.000000 610.666667
1154.000000 617.000000
1148.666667 623.000000
1142.666667 629.000000
1136.333333 635.000000
1130.000000 640.666667
1124.333333 646.333333
1119.000000 652.000000
1114.333333 658.000000
1110.000000 663.666667
1106.333333 669.000000
1102.666667 674.000000
1098.333333 679.333333
1092.666667 685.000000
1086.000000 691.000000
1079.333333 697.666667
1073.333333 704.333333
1067.666667 711.000000
1062.000000 717.000000
1056.000000 723.000000
1049.333333 729.333333
1042.000000 735.666667
1034.333333 742.000000
1027.000000 748.000000
1020.333333 754.000000
1013.666667 760.333333
1006.000000 766.666667
997.333333 773.000000
988.333333 779.000000
980.000000 785.000000
972.666667 791.000000
965.666667 797.333333
958.666667 803.666667
950.666667 810.000000
942.666667 815.666667
935.333333 820.666667
929.000000 825.000000
923.666667 828.666667
919.333333 832.000000
916.333333 834.666667
914.333333 836.666667
913.000000 838.000000
912.000000 839.000000
911.000000 840.000000
910.333333 840.333333
910.000000 840.000000
