745.333333 429.000000
802.666667 428.000000
860.000000 427.000000
860.000000 425.666667
860.333333 424.000000
860.666667 422.333333
861.000000 420.666667
861.333333 419.333333
861.666667 417.666667
862.333333 416.000000
862.666667 414.000000
863.000000 411.666667
863.333333 409.000000
864.000000 406.000000
864.666667 402.666667
865.333333 399.000000
866.000000 394.666667
867.333333 390.000000
868.666667 385.000000
870.333333 380.000000
872.000000 375.000000
874.000000 370.333333
876.000000 366.333333
877.666667 362.666667
879.333333 359.333333
880.666667 356.000000
882.333333 353.000000
884.000000 350.000000
886.000000 347.333333
888.000000 344.666667
890.333333 341.666667
893.000000 338.000000
896.333333 333.666667
900.000000 328.666667
904.333333 322.666667
909.333333 315.666667
915.333333 308.000000
922.000000 300.000000
929.333333 292.000000
936.666667 284.333333
943.666667 276.666667
950.000000 269.666667
956.000000 263.000000
962.000000 256.666667
968.333333 250.333333
975.000000 244.333333
982.000000 239.000000
988.666667 234.000000
994.666667 229.333333
1000.333333 225.000000
1005.666667 221.000000
1011.333333 217.333333
1017.000000 214.000000
1022.666667 210.666667
1028.666667 207.333333
1034.333333 204.000000
1040.000000 201.333333
1044.666667 199.000000
1049.333333 197.000000
1053.666667 195.000000
1058.333333 193.000000
1063.000000 191.000000
1068.000000 189.333333
1073.333333 187.666667
1079.000000 186.000000
1084.666667 184.333333
1090.000000 183.000000
1095.333333 182.000000
1100.666667 181.000000
1108.333333 180.000000
1116.000000 179.666667
1128.000000 180.000000
1139.666667 181.000000
1151.000000 182.000000
1158.333333 183.000000
1164.000000 184.000000
1170.333333 185.000000
1176.666667 186.000000
1182.666667 187.000000
1188.000000 188.333333
1193.000000 189.666667
1198.333333 191.333333
1203.666667 193.000000
1209.333333 195.000000
1215.000000 197.000000
1221.000000 199.000000
1226.666667 201.333333
1232.000000 203.666667
1236.666667 206.333333
1241.000000 208.666667
1245.333333 211.333333
1249.666667 214.000000
1254.333333 217.000000
1259.000000 220.000000
1263.666667 223.000000
1268.333333 226.000000
1272.666667 229.333333
1276.666667 232.666667
1280.000000 236.666667
1283.333333 240.666667
1286.666667 245.333333
1289.666667 250.000000
1292.000000 255.000000
1294.000000 260.000000
1295.666667 265.000000
1297.333333 270.000000
1298.666667 275.000000
1300.333333 279.666667
1301.666667 284.333333
1303.333333 289.000000
1305.000000 293.666667
1307.000000 298.666667
1308.666667 303.666667
1310.333333 309.000000
1311.666667 314.333333
1313.333333 319.666667
1314.666667 325.000000
1316.000000 330.333333
1317.000000 336.000000
1318.000000 342.000000
1318.666667 348.333333
1319.000000 354.666667
1319.000000 361.000000
1319.000000 367.333333
1319.000000 373.666667
1319.000000 380.000000
1319.000000 386.333333
1318.666667 393.333333
1318.000000 400.333333
1317.000000 407.666667
1315.666667 414.666667
1314.333333 422.000000
1313.000000 429.666667
1311.666667 437.333333
1310.333333 445.333333
1308.666667 453.000000
1307.000000 460.666667
1305.000000 468.000000
1303.333333 475.000000
1301.666667 482.000000
1300.333333 489.000000
1298.666667 496.333333
1297.000000 503.666667
1294.666667 511.000000
1292.000000 518.000000
1289.000000 525.000000
1285.666667 532.333333
1281.666667 540.000000
1277.333333 547.666667
1272.666667 555.000000
1268.333333 562.000000
1264.333333 568.666667
1260.666667 575.000000
1257.333333 581.000000
1254.000000 587.000000
1250.666667 593.000000
1247.333333 599.000000
1243.666667 604.666667
1239.666667 610.000000
1235.333333 615.000000
1230.666667 620.000000
1226.000000 625.000000
1221.000000 630.000000
1216.000000 635.333333
1210.666667 641.333333
1205.333333 647.666667
1199.666667 654.000000
1194.333333 660.000000
1188.000000 666.000000
1181.666667 671.666667
1175.000000 677.666667
1168.666667 684.000000
1162.000000 691.000000
1154.666667 697.666667
1147.000000 704.333333
1138.666667 711.000000
1130.666667 717.666667
1122.666667 724.000000
1114.666667 730.333333
1106.000000 737.333333
1097.000000 744.666667
1088.333333 752.000000
1080.000000 759.000000
1072.000000 765.666667
1063.666667 772.333333
1055.333333 779.000000
1046.666667 786.000000
1038.333333 793.333333
1030.000000 800.333333
1022.000000 807.333333
1013.666667 813.666667
1005.333333 820.000000
997.000000 825.666667
989.000000 831.333333
981.333333 836.666667
974.333333 841.666667
968.000000 846.333333
962.333333 850.333333
957.333333 854.000000
953.000000 856.666667
949.333333 859.000000
946.000000 860.666667
943.333333 862.000000
941.333333 863.000000
939.666667 864.000000
