856.000000 316.000000
855.333333 314.666667
854.666667 313.333333
854.333333 312.000000
854.000000 311.000000
854.000000 309.666667
854.000000 308.000000
854.000000 306.000000
854.000000 304.000000
854.333333 302.000000
854.666667 299.666667
855.333333 296.666667
856.000000 293.000000
857.000000 289.000000
858.000000 285.000000
859.000000 280.666667
860.000000 276.000000
861.000000 271.000000
862.000000 265.666667
863.000000 260.666667
864.000000 256.000000
865.000000 252.000000
866.000000 247.333333
867.333333 242.333333
868.666667 237.000000
870.333333 231.666667
872.000000 226.333333
873.666667 221.333333
875.333333 217.000000
877.000000 213.000000
879.000000 209.333333
881.000000 206.000000
883.000000 203.000000
885.000000 200.000000
887.333333 197.000000
890.000000 193.333333
893.000000 189.333333
896.000000 184.333333
899.000000 179.000000
902.000000 173.666667
904.666667 169.000000
907.000000 165.000000
909.000000 161.333333
911.333333 158.000000
914.000000 155.000000
916.666667 151.666667
919.333333 148.000000
922.000000 144.333333
925.333333 140.666667
929.333333 137.000000
933.666667 133.333333
938.333333 129.666667
942.333333 126.333333
946.333333 123.000000
949.666667 119.666667
953.000000 116.333333
956.333333 113.000000
960.000000 110.333333
964.333333 107.666667
968.666667 105.666667
973.000000 103.666667
977.333333 102.333333
982.000000 101.000000
986.666667 100.000000
991.000000 99.000000
995.000000 98.000000
1000.333333 97.000000
1007.333333 96.000000
1014.666667 95.000000
1023.000000 94.000000
1030.000000 93.000000
1038.666667 92.000000
1055.000000 91.666667
1072.666667 92.000000
1089.666667 93.000000
1097.666667 94.000000
1104.333333 95.000000
1111.000000 96.000000
1117.000000 97.000000
1124.666667 98.333333
1132.666667 99.666667
1140.000000 101.000000
1145.333333 102.000000
1148.666667 103.333333
1152.333333 104.666667
1156.333333 106.333333
1161.000000 108.000000
1166.000000 110.333333
1171.000000 112.666667
1176.000000 115.333333
1180.666667 118.000000
1185.000000 121.000000
1189.000000 124.000000
1192.666667 127.000000
1196.333333 130.333333
1199.666667 133.666667
1203.000000 137.000000
1206.333333 140.000000
1209.666667 143.000000
1213.333333 146.333333
1216.666667 149.666667
1220.000000 153.333333
1223.333333 157.333333
1226.666667 162.000000
1230.000000 167.000000
1233.000000 172.000000
1235.666667 176.666667
1238.000000 181.333333
1240.000000 186.000000
1242.000000 191.000000
1243.666667 196.000000
1245.333333 201.333333
1246.333333 207.000000
1247.333333 213.000000
1248.000000 218.666667
1249.000000 224.000000
1249.666667 228.666667
1250.000000 233.000000
1250.333333 237.333333
1250.666667 242.000000
1251.000000 247.333333
1250.666667 253.000000
1250.333333 259.000000
1249.666667 264.666667
1249.000000 270.333333
1247.666667 275.666667
1246.333333 281.000000
1244.666667 286.000000
1242.666667 291.333333
1239.666667 297.333333
1236.000000 303.666667
1232.000000 310.333333
1227.666667 316.666667
1223.000000 323.000000
1218.000000 329.000000
1212.666667 335.333333
1207.000000 342.333333
1201.000000 350.000000
1194.666667 357.666667
1187.666667 365.333333
1180.666667 372.333333
1173.666667 379.000000
1167.333333 385.000000
1161.000000 391.333333
1154.333333 398.333333
1147.333333 406.000000
1139.666667 413.666667
1132.333333 421.333333
1125.000000 429.000000
1118.000000 437.333333
1111.333333 446.000000
1104.666667 455.000000
1098.000000 463.666667
1090.666667 472.333333
1083.000000 481.000000
1075.333333 490.333333
1068.333333 500.000000
1061.666667 509.333333
1055.000000 518.333333
1047.333333 527.666667
1039.333333 538.000000
1031.333333 548.666667
1024.000000 558.666667
1017.333333 568.000000
1010.333333 577.666667
1003.000000 588.000000
995.000000 599.000000
987.333333 609.666667
979.666667 620.666667
972.666667 632.000000
966.000000 643.666667
960.000000 655.000000
954.000000 665.666667
947.666667 676.666667
941.333333 687.666667
935.000000 699.000000
929.000000 709.666667
923.000000 719.666667
917.333333 729.333333
912.333333 738.666667
907.666667 747.666667
903.333333 755.333333
899.000000 761.666667
895.333333 766.666667
892.000000 771.000000
889.333333 774.333333
887.000000 777.000000
885.000000 778.666667
883.333333 780.333333
882.000000 781.666667
881.000000 783.000000
880.000000 784.000000
