750.333333 372.666667
681.666667 370.000000
681.000000 367.000000
680.333333 363.666667
679.666667 360.333333
679.000000 356.666667
678.000000 353.000000
677.000000 349.333333
676.000000 346.000000
675.000000 343.000000
674.333333 339.666667
673.666667 336.333333
672.666667 332.666667
671.333333 329.000000
669.666667 325.000000
668.000000 321.000000
666.000000 317.000000
663.666667 313.000000
661.000000 308.666667
658.000000 304.333333
654.666667 300.000000
651.333333 295.666667
647.666667 291.333333
644.000000 286.666667
640.000000 282.333333
636.000000 277.333333
632.333333 272.666667
628.666667 267.666667
625.000000 263.333333
621.000000 259.000000
617.000000 255.000000
612.666667 250.666667
608.333333 246.333333
603.666667 242.000000
599.000000 238.000000
594.333333 234.333333
589.666667 230.666667
585.000000 227.000000
580.000000 223.333333
575.000000 219.666667
569.666667 216.000000
564.000000 212.333333
558.000000 208.666667
552.000000 205.333333
546.333333 202.333333
541.000000 199.666667
535.666667 197.333333
530.333333 194.666667
525.000000 192.333333
519.666667 190.333333
514.333333 188.666667
509.000000 187.333333
504.000000 186.000000
499.333333 185.000000
493.666667 184.000000
485.000000 183.666667
474.666667 184.000000
465.666667 185.333333
459.666667 187.000000
455.333333 189.000000
450.666667 191.000000
446.333333 193.333333
442.000000 196.000000
438.000000 199.000000
434.333333 202.000000
430.666667 205.000000
427.000000 208.000000
423.333333 211.000000
420.000000 214.000000
416.666667 217.000000
413.000000 220.000000
409.333333 223.333333
405.333333 227.666667
401.666667 232.666667
398.000000 238.000000
394.666667 243.333333
391.333333 249.333333
388.333333 256.000000
385.666667 262.666667
383.666667 269.000000
381.666667 275.000000
380.333333 281.000000
379.000000 286.666667
378.000000 292.000000
377.000000 296.666667
376.333333 301.000000
375.666667 305.000000
375.333333 309.000000
374.666667 313.333333
374.333333 318.000000
374.000000 323.000000
374.000000 328.333333
374.000000 334.333333
374.000000 341.000000
374.000000 348.000000
374.333333 355.000000
374.666667 361.666667
375.000000 368.333333
375.000000 374.333333
375.333333 380.000000
375.666667 384.666667
376.333333 389.333333
377.000000 394.000000
378.333333 399.000000
379.666667 404.333333
381.333333 410.000000
382.666667 415.666667
384.000000 421.333333
385.333333 426.666667
386.666667 432.333333
388.000000 438.000000
389.333333 444.000000
390.666667 449.666667
392.000000 455.000000
393.333333 460.000000
395.000000 465.000000
397.333333 470.000000
400.000000 475.000000
403.333333 480.333333
407.000000 486.000000
411.333333 492.000000
415.666667 498.333333
420.000000 504.666667
423.666667 511.000000
427.000000 517.000000
430.333333 522.666667
433.666667 528.000000
437.333333 533.333333
441.333333 538.666667
446.000000 544.333333
451.000000 549.666667
456.000000 555.666667
461.000000 561.333333
466.333333 567.666667
472.000000 574.000000
478.000000 581.000000
484.333333 588.333333
491.000000 596.000000
498.000000 603.666667
504.666667 611.333333
511.333333 618.666667
518.000000 626.333333
525.000000 633.666667
532.000000 641.333333
539.333333 648.666667
546.666667 656.000000
554.000000 662.666667
561.000000 669.333333
568.000000 675.666667
574.666667 682.000000
581.333333 688.333333
587.666667 694.333333
594.333333 700.333333
600.333333 705.666667
606.333333 711.000000
611.666667 716.000000
618.666667 723.333333
625.000000 731.000000
631.333333 739.000000
635.666667 745.000000
640.000000 751.000000
644.333333 756.666667
648.666667 762.000000
652.666667 767.000000
656.000000 772.000000
659.333333 776.666667
662.666667 781.333333
666.333333 786.333333
669.666667 791.666667
673.333333 796.666667
676.333333 801.000000
679.333333 805.000000
681.666667 808.666667
684.333333 812.333333
686.666667 815.666667
688.333333 819.000000
689.333333 822.000000
690.000000 824.666667
691.000000 827.000000
691.666667 829.000000
692.333333 830.666667
692.666667 832.333333
693.333333 833.666667
693.666667 835.000000
694.333333 836.000000
694.666667 837.000000
696.000000 838.000000
698.666667 838.000000
700.666667 836.000000
