733.000000 458.000000
733.000000 457.000000
733.000000 456.000000
733.000000 454.666667
722.000000 453.000000
711.000000 451.000000
700.333333 448.666667
701.000000 446.666667
702.333333 444.333333
703.666667 442.000000
705.333333 439.000000
706.333333 435.666667
707.333333 431.666667
708.000000 426.666667
709.000000 421.000000
710.000000 415.000000
711.000000 409.000000
712.000000 402.666667
713.333333 396.333333
714.666667 389.666667
716.000000 383.000000
717.333333 376.000000
718.666667 369.000000
720.000000 362.000000
721.333333 355.333333
723.000000 348.666667
725.000000 342.000000
727.666667 335.000000
731.000000 327.666667
735.333333 320.333333
740.000000 313.333333
745.000000 306.666667
750.000000 300.333333
755.000000 293.333333
760.000000 286.333333
764.666667 279.000000
769.666667 272.000000
775.333333 265.333333
782.000000 259.000000
789.333333 253.000000
796.333333 247.000000
803.000000 241.333333
809.666667 235.666667
817.000000 230.000000
825.333333 224.000000
834.000000 218.333333
842.333333 213.000000
850.000000 208.000000
858.000000 203.333333
867.000000 198.666667
876.666667 194.333333
886.000000 190.000000
894.333333 186.000000
902.333333 182.000000
910.666667 178.333333
919.666667 175.000000
929.000000 172.000000
937.333333 169.000000
945.000000 166.666667
951.666667 164.666667
958.666667 163.000000
966.333333 161.333333
974.666667 160.000000
987.000000 159.666667
1001.000000 160.000000
1015.000000 161.333333
1024.666667 162.666667
1032.000000 164.333333
1038.333333 166.000000
1044.000000 168.000000
1048.666667 170.000000
1053.333333 172.333333
1058.000000 175.333333
1063.000000 178.666667
1068.000000 182.333333
1073.000000 186.000000
1077.666667 190.000000
1082.333333 194.000000
1086.666667 198.000000
1091.000000 202.333333
1094.666667 207.000000
1098.000000 212.333333
1100.666667 217.666667
1103.000000 223.000000
1104.666667 228.000000
1106.333333 233.000000
1107.666667 238.000000
1109.000000 243.333333
1110.000000 249.333333
1111.000000 256.333333
1111.666667 263.666667
1112.333333 271.000000
1112.666667 278.000000
1113.000000 285.000000
1113.000000 292.333333
1113.000000 300.000000
1113.000000 308.000000
1112.666667 315.666667
1112.333333 323.333333
1111.666667 330.666667
1111.000000 338.000000
1110.000000 345.333333
1109.333333 353.000000
1108.666667 360.666667
1108.000000 368.000000
1107.000000 375.000000
1106.000000 382.000000
1105.000000 389.000000
1104.000000 396.000000
1103.000000 403.333333
1102.000000 411.000000
1101.000000 418.666667
1100.000000 426.333333
1098.666667 434.000000
1097.000000 442.000000
1095.000000 450.000000
1092.666667 458.000000
1089.666667 465.666667
1086.000000 473.000000
1081.666667 479.666667
1077.333333 486.666667
1072.666667 493.666667
1068.333333 501.333333
1064.000000 509.000000
1060.000000 516.666667
1056.000000 524.333333
1051.333333 532.000000
1046.000000 540.000000
1039.666667 548.000000
1033.666667 556.000000
1027.666667 563.333333
1022.666667 570.333333
1017.666667 576.666667
1013.000000 583.333333
1008.333333 590.000000
1003.666667 597.000000
998.333333 604.000000
992.000000 610.666667
985.333333 617.000000
979.333333 622.666667
973.666667 628.666667
968.000000 634.666667
962.000000 641.666667
955.333333 648.666667
948.000000 656.000000
940.333333 662.666667
933.333333 668.666667
927.000000 674.333333
921.333333 680.000000
915.666667 686.333333
910.333333 692.666667
904.333333 699.000000
897.666667 705.333333
890.666667 711.333333
884.000000 717.333333
878.333333 722.666667
872.333333 729.000000
865.666667 735.666667
858.000000 743.000000
850.000000 750.000000
842.333333 756.666667
835.333333 763.000000
829.000000 768.666667
823.000000 774.000000
817.000000 779.666667
810.000000 786.000000
802.666667 793.000000
795.000000 799.333333
789.000000 804.666667
784.000000 809.000000
780.333333 812.666667
777.000000 816.000000
774.333333 819.000000
772.333333 821.333333
771.333333 823.333333
770.666667 824.666667
