727.000000 525.666667
632.333333 524.333333
633.000000 522.666667
634.000000 521.000000
635.000000 519.000000
635.666667 516.666667
636.333333 514.333333
637.000000 511.666667
637.666667 509.000000
638.000000 506.000000
638.000000 502.666667
637.666667 499.333333
637.333333 496.000000
636.666667 492.666667
636.333333 489.333333
635.666667 485.333333
635.333333 481.000000
635.000000 476.333333
634.666667 471.666667
634.333333 467.000000
634.000000 462.000000
633.666667 457.000000
633.333333 451.666667
632.666667 445.666667
632.000000 439.000000
631.000000 431.333333
630.000000 423.333333
629.000000 415.000000
627.666667 406.666667
626.333333 398.000000
625.000000 389.333333
623.666667 380.666667
622.333333 372.333333
621.000000 364.333333
619.666667 357.000000
618.000000 349.666667
616.000000 342.333333
614.000000 335.000000
611.000000 327.666667
606.666667 320.333333
601.333333 313.000000
596.000000 306.333333
591.333333 299.666667
587.000000 293.333333
583.000000 286.666667
579.000000 280.000000
575.000000 273.333333
570.666667 266.666667
565.666667 260.000000
559.666667 253.333333
553.333333 246.666667
547.000000 240.333333
541.333333 234.333333
536.333333 228.666667
532.000000 223.666667
528.333333 218.666667
524.666667 214.333333
520.666667 210.000000
515.666667 205.666667
510.333333 201.666667
505.000000 198.000000
499.666667 195.000000
494.666667 192.000000
490.000000 189.000000
486.000000 186.333333
482.000000 183.666667
477.666667 181.333333
473.000000 179.000000
467.666667 177.333333
462.000000 176.000000
456.000000 175.000000
447.000000 174.666667
437.000000 175.333333
426.666667 177.000000
419.333333 179.000000
413.333333 181.333333
407.666667 183.666667
402.333333 186.000000
397.000000 188.333333
392.666667 190.666667
388.666667 193.333333
385.000000 196.000000
381.333333 199.333333
377.666667 203.333333
374.000000 208.333333
370.000000 213.666667
366.000000 219.000000
361.666667 224.000000
357.666667 228.666667
353.666667 233.000000
350.333333 237.000000
347.000000 241.000000
344.000000 245.000000
341.333333 249.333333
339.333333 254.000000
338.000000 259.000000
337.000000 264.000000
336.000000 269.000000
335.333333 274.000000
335.000000 279.333333
335.333333 285.000000
335.666667 291.000000
336.333333 297.000000
337.000000 303.333333
338.000000 310.000000
338.666667 316.666667
339.333333 323.000000
340.000000 329.000000
341.000000 335.333333
342.333333 341.666667
344.000000 348.333333
346.333333 355.333333
348.666667 362.666667
351.333333 369.666667
354.333333 376.000000
358.000000 382.333333
361.666667 389.000000
365.333333 395.666667
368.666667 402.333333
372.000000 409.000000
374.666667 416.000000
377.333333 422.666667
380.000000 430.000000
383.000000 437.666667
388.000000 449.000000
393.333333 460.000000
399.333333 470.333333
404.000000 477.000000
409.000000 483.333333
414.000000 490.000000
419.000000 497.000000
424.333333 504.333333
429.666667 511.666667
435.333333 519.000000
441.333333 526.333333
448.333333 534.333333
455.666667 543.000000
463.000000 552.000000
469.333333 560.333333
475.333333 568.000000
481.333333 575.000000
488.666667 582.000000
496.333333 588.666667
504.000000 595.333333
511.000000 602.000000
518.333333 609.333333
525.666667 616.666667
534.000000 624.333333
542.333333 632.000000
551.000000 640.000000
559.000000 648.666667
566.333333 657.333333
573.666667 666.000000
581.000000 674.000000
589.000000 682.000000
597.000000 690.000000
604.666667 698.000000
612.000000 705.666667
619.000000 713.000000
626.333333 720.000000
634.000000 726.666667
642.000000 733.000000
649.333333 738.666667
656.000000 743.666667
662.000000 748.333333
667.666667 752.666667
673.333333 757.000000
678.666667 760.666667
684.000000 764.000000
689.000000 767.000000
694.000000 769.666667
698.666667 772.000000
702.333333 773.666667
705.666667 775.000000
708.000000 776.000000
710.333333 776.333333
