930.666667 467.000000
929.000000 465.666667
928.000000 463.666667
927.000000 461.333333
926.000000 458.333333
925.333333 455.333333
925.000000 451.666667
925.000000 448.000000
925.000000 443.666667
925.000000 439.000000
925.000000 433.666667
925.333333 428.000000
926.000000 421.666667
927.333333 415.333333
929.000000 408.666667
932.333333 399.666667
936.333333 389.666667
940.666667 379.333333
944.333333 370.666667
948.000000 362.666667
951.666667 354.333333
955.333333 345.666667
958.666667 336.666667
962.333333 327.666667
966.333333 319.333333
971.000000 311.000000
976.333333 303.333333
982.333333 295.333333
988.333333 287.333333
994.000000 279.000000
999.000000 271.333333
1004.000000 264.000000
1009.333333 257.000000
1015.333333 250.000000
1022.000000 243.000000
1029.333333 236.000000
1036.000000 229.666667
1042.333333 223.666667
1048.000000 218.333333
1054.666667 212.666667
1061.666667 207.666667
1069.666667 203.000000
1077.666667 199.333333
1085.666667 196.000000
1093.333333 193.000000
1101.666667 190.000000
1111.000000 187.000000
1120.666667 184.000000
1130.000000 181.333333
1139.000000 179.000000
1148.333333 177.000000
1158.333333 175.333333
1168.333333 174.000000
1180.666667 173.000000
1196.333333 172.666667
1212.000000 173.000000
1224.666667 174.000000
1233.000000 175.000000
1241.000000 176.333333
1249.333333 178.000000
1258.333333 179.666667
1267.333333 181.333333
1275.666667 183.000000
1283.000000 185.333333
1290.333333 187.333333
1297.666667 189.666667
1305.333333 191.666667
1312.666667 193.666667
1319.666667 195.666667
1325.666667 197.666667
1331.000000 200.333333
1335.666667 202.666667
1340.000000 205.666667
1344.000000 208.666667
1348.000000 212.333333
1352.000000 216.333333
1356.333333 221.000000
1361.000000 225.666667
1365.666667 230.333333
1370.000000 234.666667
1373.666667 239.333333
1377.000000 244.000000
1379.666667 249.000000
1382.000000 254.000000
1383.666667 259.333333
1385.000000 265.000000
1386.000000 271.333333
1386.666667 277.666667
1387.333333 284.000000
1387.333333 290.333333
1387.333333 297.666667
1387.000000 305.666667
1386.666667 314.000000
1386.000000 322.000000
1385.000000 330.000000
1384.000000 338.333333
1383.000000 346.666667
1381.666667 355.000000
1380.333333 363.000000
1379.000000 370.666667
1377.666667 378.000000
1375.666667 384.666667
1373.000000 391.333333
1369.666667 398.333333
1366.333333 405.666667
1362.666667 413.333333
1359.666667 420.333333
1356.666667 427.333333
1354.000000 434.000000
1351.333333 441.333333
1348.666667 448.666667
1346.333333 456.000000
1344.000000 462.666667
1341.666667 469.000000
1338.666667 475.333333
1334.333333 481.666667
1329.000000 488.666667
1323.000000 495.333333
1317.000000 502.333333
1311.333333 509.000000
1306.000000 515.666667
1300.666667 522.000000
1294.666667 528.666667
1287.666667 535.666667
1280.000000 543.333333
1272.000000 551.000000
1264.000000 559.000000
1256.000000 567.000000
1246.666667 575.333333
1236.666667 584.000000
1226.666667 592.666667
1217.666667 601.000000
1209.333333 608.666667
1200.333333 616.000000
1191.000000 623.000000
1181.333333 630.000000
1172.333333 637.333333
1163.666667 645.000000
1154.666667 653.000000
1144.666667 661.000000
1134.666667 668.333333
1125.000000 675.666667
1115.666667 683.000000
1105.333333 691.333333
1094.666667 699.666667
1084.333333 707.333333
1075.666667 714.000000
1068.000000 719.666667
1061.000000 725.000000
1053.666667 730.333333
1045.666667 735.666667
1037.333333 740.666667
1029.666667 744.666667
1023.333333 748.000000
1018.666667 751.000000
1015.000000 753.666667
1012.333333 755.666667
1010.333333 757.000000
1009.000000 758.000000
1008.000000 758.333333
1007.666667 758.000000
1007.666667 757.000000
1008.333333 755.666667
1008.666667 754.333333
1009.000000 752.666667
1009.333333 751.333333
1010.000000 749.000000
