853.666667 376.000000
853.000000 375.000000
852.000000 374.000000
851.333333 373.000000
850.666667 372.000000
850.333333 371.000000
849.666667 370.000000
849.333333 369.000000
848.666667 367.666667
848.333333 366.000000
848.000000 364.000000
848.000000 362.000000
848.333333 360.000000
848.666667 358.000000
849.000000 355.666667
849.333333 353.333333
850.000000 351.333333
851.000000 349.333333
852.000000 347.333333
853.000000 345.000000
854.000000 343.000000
855.000000 340.666667
856.000000 338.333333
857.000000 335.333333
858.000000 332.333333
859.000000 328.666667
860.000000 325.000000
861.333333 321.000000
862.666667 316.666667
864.000000 312.333333
865.000000 308.000000
866.000000 304.333333
867.333333 300.666667
869.000000 297.333333
871.000000 293.666667
873.000000 290.333333
875.000000 286.666667
877.333333 282.666667
880.333333 278.333333
883.666667 273.666667
887.000000 269.333333
890.333333 265.000000
893.666667 261.000000
897.000000 257.000000
900.000000 253.333333
902.666667 250.000000
905.333333 247.000000
908.000000 244.000000
911.000000 240.666667
914.000000 237.333333
917.333333 234.000000
921.000000 230.666667
925.000000 227.000000
929.000000 223.333333
933.000000 219.666667
937.000000 216.333333
941.000000 213.000000
945.000000 210.000000
948.666667 207.333333
952.000000 204.666667
955.000000 202.333333
957.666667 200.000000
960.333333 198.000000
963.333333 196.000000
966.666667 194.000000
970.333333 192.000000
974.000000 190.000000
978.333333 188.000000
982.333333 186.000000
986.333333 184.000000
990.000000 182.000000
994.000000 180.000000
997.666667 178.000000
1001.000000 176.000000
1004.000000 174.000000
1007.333333 172.000000
1011.000000 170.000000
1015.000000 168.000000
1018.666667 166.333333
1022.666667 164.666667
1026.666667 163.333333
1031.000000 162.000000
1035.333333 161.000000
1039.666667 160.000000
1045.000000 159.000000
1055.666667 158.666667
1066.666667 159.000000
1078.666667 160.000000
1085.000000 161.000000
1091.333333 162.000000
1095.666667 163.000000
1100.333333 164.333333
1105.000000 165.666667
1110.000000 167.333333
1115.333333 168.666667
1121.000000 170.666667
1126.666667 172.666667
1132.000000 175.000000
1137.000000 177.333333
1141.666667 179.666667
1146.000000 182.333333
1150.000000 185.000000
1153.666667 187.666667
1157.333333 190.333333
1161.000000 193.000000
1164.666667 196.333333
1168.000000 199.666667
1171.333333 203.333333
1174.666667 207.000000
1178.000000 211.333333
1180.666667 215.666667
1183.333333 220.333333
1185.666667 225.000000
1188.000000 229.666667
1189.666667 234.333333
1191.333333 239.000000
1192.666667 244.000000
1194.000000 249.000000
1195.000000 254.333333
1196.000000 260.000000
1197.000000 265.666667
1198.000000 271.000000
1199.000000 276.000000
1200.000000 281.000000
1200.666667 286.000000
1201.333333 291.000000
1201.666667 296.000000
1202.333333 301.000000
1202.666667 306.000000
1203.000000 311.333333
1203.000000 316.666667
1203.000000 322.333333
1202.666667 327.666667
1201.666667 335.333333
1200.333333 343.333333
1198.666667 352.000000
1197.000000 359.000000
1195.000000 366.333333
1192.666667 373.333333
1189.666667 380.666667
1186.000000 387.666667
1182.000000 395.333333
1178.000000 403.000000
1173.666667 411.000000
1169.000000 419.000000
1164.333333 427.000000
1160.000000 435.000000
1156.000000 443.333333
1152.000000 451.666667
1147.666667 459.666667
1143.333333 467.000000
1138.666667 473.666667
1133.666667 480.333333
1128.333333 487.000000
1123.000000 494.000000
1118.000000 501.000000
1113.333333 507.666667
1108.666667 514.333333
1104.333333 520.333333
1099.666667 526.333333
1095.333333 532.000000
1090.333333 538.333333
1085.333333 544.666667
1080.000000 551.333333
1075.000000 558.000000
1070.000000 565.000000
1065.000000 571.666667
1060.333333 578.333333
1055.333333 585.333333
1050.333333 593.000000
1045.000000 600.666667
1039.666667 608.000000
1034.333333 615.000000
1029.000000 621.666667
1024.000000 628.000000
1019.333333 634.333333
1014.666667 640.666667
1010.333333 647.666667
1005.666667 654.333333
1001.000000 661.666667
996.000000 668.333333
990.666667 675.666667
985.000000 682.666667
979.333333 690.000000
974.000000 697.000000
969.333333 703.666667
965.000000 710.000000
961.000000 715.666667
957.000000 720.666667
953.333333 725.000000
949.000000 729.333333
944.333333 734.000000
939.000000 739.000000
934.000000 744.000000
929.000000 749.000000
924.000000 754.000000
919.333333 759.000000
915.000000 763.666667
911.333333 768.000000
907.666667 772.000000
904.000000 776.000000
900.333333 780.000000
896.666667 784.333333
893.000000 788.333333
889.333333 792.333333
886.000000 795.666667
883.333333 799.000000
880.666667 802.000000
878.333333 804.666667
876.333333 807.000000
875.000000 808.666667
874.000000 810.000000
873.000000 811.000000
872.000000 812.000000
871.333333 812.333333
871.000000 811.333333
