863.000000 394.666667
863.000000 393.000000
862.666667 391.000000
862.333333 389.000000
862.000000 386.666667
862.000000 384.000000
862.000000 381.000000
862.333333 378.000000
862.666667 375.000000
863.000000 371.666667
863.000000 368.000000
863.000000 364.000000
863.333333 359.666667
863.666667 355.333333
864.000000 351.000000
864.333333 346.666667
865.000000 342.333333
865.666667 337.333333
866.333333 332.333333
866.666667 326.666667
867.333333 321.666667
868.000000 316.666667
868.666667 312.333333
869.333333 308.000000
870.000000 304.333333
871.000000 301.000000
872.000000 297.666667
873.000000 294.000000
874.000000 290.000000
875.333333 285.666667
877.333333 281.000000
879.666667 276.000000
882.000000 271.000000
884.333333 266.333333
886.666667 262.000000
889.333333 258.000000
891.666667 254.000000
894.000000 250.333333
896.333333 246.666667
898.666667 243.333333
901.000000 240.000000
903.000000 237.000000
905.000000 233.666667
907.000000 230.000000
909.000000 226.000000
911.000000 222.333333
913.000000 218.666667
915.000000 215.000000
917.333333 211.000000
920.333333 207.333333
924.000000 204.000000
928.333333 200.666667
933.000000 197.333333
937.666667 194.000000
942.000000 191.000000
946.333333 188.000000
950.666667 184.666667
955.000000 181.000000
959.666667 177.000000
964.666667 173.000000
970.666667 169.000000
976.666667 165.000000
983.000000 161.333333
988.666667 158.000000
994.333333 155.000000
999.666667 152.333333
1005.333333 149.666667
1011.333333 147.333333
1018.000000 145.000000
1024.666667 143.333333
1031.333333 141.666667
1037.333333 140.333333
1043.000000 139.000000
1048.000000 138.000000
1053.333333 136.666667
1060.666667 135.333333
1068.333333 134.000000
1081.000000 133.666667
1091.666667 134.000000
1102.000000 135.000000
1107.333333 136.000000
1113.000000 137.333333
1119.000000 139.000000
1125.000000 141.000000
1130.666667 143.000000
1136.333333 145.333333
1141.666667 148.000000
1147.000000 151.000000
1152.000000 154.333333
1157.000000 157.666667
1162.333333 161.333333
1167.333333 165.000000
1172.666667 168.666667
1177.333333 172.333333
1182.000000 175.333333
1186.000000 178.333333
1189.666667 181.000000
1193.000000 184.000000
1196.000000 187.000000
1198.666667 189.666667
1201.333333 192.333333
1204.000000 195.000000
1206.666667 198.000000
1209.333333 201.000000
1212.000000 204.333333
1215.000000 208.000000
1217.666667 212.000000
1220.333333 216.000000
1222.666667 220.000000
1224.666667 224.000000
1226.333333 228.000000
1227.666667 231.666667
1229.000000 235.333333
1230.000000 238.666667
1230.666667 242.333333
1231.000000 246.000000
1231.333333 250.333333
1231.333333 255.000000
1231.333333 260.333333
1230.666667 265.666667
1230.000000 271.000000
1228.666667 276.333333
1227.000000 281.666667
1225.000000 287.000000
1222.666667 292.666667
1220.000000 298.666667
1217.000000 305.333333
1214.333333 311.666667
1211.666667 318.000000
1209.333333 323.666667
1206.666667 329.000000
1204.333333 334.333333
1202.000000 340.000000
1200.000000 345.666667
1198.000000 351.666667
1195.666667 357.666667
1193.333333 364.000000
1190.666667 369.666667
1188.000000 375.000000
1185.000000 380.000000
1182.000000 385.000000
1179.000000 390.000000
1176.000000 394.666667
1172.666667 399.333333
1169.333333 404.333333
1166.000000 409.666667
1163.000000 415.000000
1160.333333 420.333333
1157.666667 425.333333
1155.333333 430.333333
1153.000000 435.333333
1150.666667 440.666667
1148.000000 446.333333
1145.333333 452.000000
1142.666667 457.666667
1140.000000 463.000000
1136.666667 468.000000
1133.333333 473.000000
1129.666667 478.000000
1126.000000 483.000000
1122.000000 488.666667
1118.000000 495.000000
1114.000000 502.000000
1110.000000 508.666667
1106.333333 515.000000
1103.000000 521.000000
1099.666667 527.333333
1095.666667 533.666667
1091.333333 540.000000
1086.666667 546.333333
1082.000000 553.000000
1077.333333 559.666667
1073.000000 566.000000
1069.000000 571.666667
1065.000000 577.333333
1061.333333 582.666667
1057.666667 588.333333
1054.333333 594.333333
1051.000000 600.666667
1047.666667 607.000000
1044.000000 612.666667
1040.000000 618.000000
1036.000000 623.333333
1032.000000 629.000000
1028.000000 635.000000
1024.000000 641.333333
1020.000000 647.666667
1016.333333 654.000000
1013.000000 659.666667
1010.000000 665.000000
1007.000000 669.666667
1004.333333 674.000000
1001.666667 678.333333
999.000000 682.666667
996.000000 687.333333
993.000000 692.000000
989.666667 697.333333
986.333333 702.333333
982.666667 707.333333
979.333333 711.666667
976.000000 716.333333
973.000000 720.666667
970.000000 724.666667
967.000000 728.333333
964.000000 732.000000
961.000000 736.000000
958.000000 740.000000
954.666667 744.333333
951.333333 748.666667
948.000000 753.000000
944.666667 757.000000
941.333333 761.000000
938.000000 764.666667
935.000000 768.000000
932.333333 771.000000
929.666667 773.666667
927.000000 776.333333
924.333333 778.666667
922.000000 780.666667
920.000000 782.333333
918.333333 784.000000
916.666667 786.000000
915.000000 787.666667
913.333333 789.333333
911.666667 791.000000
910.000000 793.000000
908.333333 795.000000
907.000000 797.000000
906.000000 799.000000
905.000000 800.666667
904.000000 802.333333
903.000000 803.666667
901.666667 805.000000
900.333333 806.333333
899.000000 807.666667
898.000000 809.000000
896.666667 810.000000
895.333333 811.000000
894.000000 812.000000
893.000000 813.000000
892.333333 814.000000
890.666667 812.333333
