825.000000 386.000000
824.333333 385.000000
823.666667 383.666667
823.333333 382.000000
823.000000 379.666667
823.000000 377.333333
823.000000 374.666667
823.000000 372.000000
823.000000 368.666667
823.000000 365.666667
823.000000 362.333333
823.000000 359.333333
823.000000 356.000000
823.000000 353.000000
823.000000 350.000000
823.333333 347.000000
823.666667 343.666667
824.333333 340.000000
825.000000 335.666667
826.000000 331.000000
826.666667 325.666667
827.333333 320.000000
828.333333 314.333333
829.666667 309.000000
831.333333 303.666667
833.333333 298.333333
835.666667 292.666667
838.333333 287.333333
841.333333 281.666667
844.666667 276.000000
848.333333 270.000000
851.666667 264.333333
855.333333 259.000000
858.666667 254.000000
862.000000 249.000000
865.333333 244.000000
869.333333 239.000000
873.666667 233.666667
878.666667 228.333333
883.666667 222.666667
889.000000 217.333333
894.000000 212.333333
898.666667 207.666667
903.000000 203.666667
907.333333 199.666667
912.000000 196.000000
916.666667 192.333333
921.333333 189.000000
925.666667 186.000000
930.333333 183.000000
934.666667 180.000000
939.333333 177.000000
943.333333 174.333333
947.333333 171.666667
950.666667 169.333333
954.000000 167.000000
957.333333 164.666667
960.666667 162.333333
964.000000 160.000000
967.333333 158.333333
971.000000 156.666667
975.333333 155.000000
979.666667 153.333333
984.333333 152.000000
988.666667 151.000000
993.000000 150.000000
997.000000 149.000000
1000.666667 148.000000
1004.333333 147.000000
1010.000000 146.000000
1018.333333 145.000000
1030.333333 144.000000
1043.000000 143.666667
1056.666667 144.000000
1070.333333 145.000000
1082.666667 146.000000
1091.666667 147.000000
1098.000000 148.333333
1103.333333 149.666667
1108.333333 151.000000
1112.666667 152.333333
1117.000000 154.000000
1121.666667 156.000000
1126.333333 158.000000
1130.666667 160.333333
1135.000000 163.000000
1139.000000 166.000000
1142.333333 168.666667
1145.333333 171.333333
1148.000000 174.000000
1151.000000 177.333333
1154.000000 180.666667
1157.000000 184.000000
1160.333333 187.000000
1163.666667 189.666667
1167.333333 192.333333
1170.666667 195.000000
1174.333333 198.333333
1178.000000 201.666667
1181.666667 205.333333
1185.333333 209.333333
1188.666667 214.000000
1192.000000 219.000000
1194.666667 224.000000
1197.000000 228.666667
1198.666667 233.000000
1200.333333 237.000000
1201.666667 241.333333
1203.333333 246.000000
1204.666667 251.000000
1206.333333 255.666667
1207.666667 260.333333
1209.333333 265.000000
1211.000000 269.666667
1213.000000 274.333333
1215.000000 278.666667
1217.000000 283.000000
1219.000000 287.000000
1221.000000 291.333333
1222.666667 296.000000
1224.333333 300.666667
1225.666667 305.000000
1227.000000 309.000000
1228.000000 313.000000
1229.000000 317.000000
1229.666667 320.666667
1230.333333 324.000000
1230.666667 326.666667
1231.000000 329.333333
1231.000000 331.666667
1231.000000 333.666667
1231.000000 335.333333
1230.666667 337.000000
1230.000000 339.000000
1228.666667 341.000000
1227.333333 343.333333
1225.333333 346.000000
1223.000000 349.333333
1220.000000 353.000000
1217.000000 357.000000
1213.666667 361.333333
1210.333333 366.000000
1207.000000 371.000000
1203.666667 376.000000
1199.666667 381.000000
1194.333333 386.666667
1188.000000 393.000000
1180.666667 400.333333
1173.333333 407.666667
1166.333333 415.333333
1160.000000 423.000000
1153.333333 431.000000
1146.000000 439.333333
1138.000000 448.000000
1130.333333 456.666667
1123.000000 465.000000
1116.000000 473.666667
1108.333333 483.333333
1100.000000 493.666667
1091.000000 504.000000
1082.000000 514.000000
1073.666667 524.000000
1065.666667 534.333333
1057.666667 544.666667
1049.000000 555.000000
1040.333333 564.666667
1032.000000 574.333333
1024.666667 584.000000
1017.666667 594.000000
1011.666667 603.666667
1005.333333 613.000000
998.666667 622.333333
991.000000 632.000000
983.666667 642.000000
976.666667 651.666667
970.666667 661.333333
964.666667 670.666667
958.666667 680.333333
951.666667 690.000000
944.666667 699.666667
937.666667 708.333333
931.333333 716.333333
925.333333 723.666667
919.666667 731.333333
914.333333 739.000000
909.000000 746.666667
903.333333 754.000000
897.000000 760.666667
890.333333 767.000000
884.333333 773.000000
879.000000 779.000000
874.333333 784.666667
870.333333 790.000000
867.333333 794.666667
865.000000 799.000000
863.000000 802.333333
861.333333 805.666667
860.333333 808.333333
860.000000 811.000000
859.666667 812.666667
859.333333 814.333333
859.000000 815.666667
859.000000 817.000000
