767.000000 440.000000
767.000000 439.000000
756.000000 438.000000
745.000000 437.000000
734.333333 436.000000
735.333333 434.666667
736.666667 433.000000
738.000000 431.000000
739.000000 429.000000
740.000000 427.000000
741.333333 424.666667
742.333333 422.333333
743.333333 420.000000
743.666667 417.666667
744.333333 414.666667
744.666667 411.000000
745.000000 407.000000
744.666667 403.000000
744.333333 399.000000
744.000000 394.666667
743.333333 390.000000
742.333333 385.000000
741.000000 379.666667
739.666667 374.000000
738.000000 368.000000
736.000000 362.000000
734.000000 356.333333
732.333333 350.333333
730.666667 344.666667
729.000000 338.333333
726.666667 332.000000
724.333333 325.000000
722.000000 318.000000
719.666667 311.333333
717.000000 304.666667
714.000000 298.333333
711.000000 292.333333
707.333333 286.666667
703.000000 281.000000
698.333333 275.333333
694.000000 270.000000
690.000000 265.000000
686.000000 260.000000
682.333333 255.000000
678.666667 250.333333
675.333333 245.666667
672.000000 241.333333
669.000000 237.000000
665.666667 233.000000
661.666667 228.666667
657.000000 224.333333
652.000000 220.000000
647.333333 216.000000
643.000000 212.000000
639.000000 208.333333
635.000000 205.000000
631.333333 202.000000
628.000000 199.000000
625.000000 196.000000
622.000000 193.333333
618.666667 190.666667
614.333333 187.666667
609.000000 184.666667
603.333333 182.333333
598.000000 180.666667
593.333333 179.000000
589.000000 177.333333
585.000000 175.666667
581.000000 174.333333
577.000000 173.000000
572.666667 172.000000
567.333333 171.000000
561.000000 170.000000
544.000000 169.666667
526.666667 170.000000
509.333333 171.000000
502.000000 172.000000
495.333333 173.000000
489.000000 174.333333
483.333333 176.000000
477.666667 177.666667
471.333333 179.333333
464.333333 181.000000
457.666667 183.000000
451.666667 185.000000
446.666667 186.666667
441.666667 188.333333
437.333333 190.000000
433.000000 192.333333
429.666667 194.666667
426.333333 197.666667
423.333333 201.333333
420.333333 206.000000
417.666667 211.000000
414.666667 216.333333
411.333333 221.666667
408.333333 227.333333
406.000000 233.000000
404.000000 239.000000
402.333333 245.000000
401.000000 251.000000
400.333333 257.000000
399.666667 263.333333
399.666667 269.666667
400.000000 275.666667
400.666667 281.666667
401.666667 288.000000
403.000000 294.666667
405.000000 301.666667
407.333333 309.000000
409.666667 316.666667
412.000000 324.666667
414.333333 332.666667
416.666667 341.333333
419.000000 349.666667
421.000000 358.333333
423.000000 366.333333
424.666667 374.333333
426.333333 382.000000
427.666667 389.666667
429.333333 397.000000
431.000000 404.333333
433.000000 411.666667
435.000000 418.666667
437.000000 425.000000
439.333333 431.000000
442.000000 437.333333
445.333333 443.666667
449.000000 450.666667
453.333333 457.666667
457.666667 465.000000
462.000000 471.666667
465.666667 478.333333
469.333333 484.666667
472.666667 491.333333
476.000000 497.666667
479.000000 504.333333
482.333333 510.666667
485.666667 516.666667
489.333333 522.000000
493.333333 527.000000
498.000000 532.666667
503.333333 539.000000
508.666667 546.000000
514.000000 552.666667
518.666667 559.000000
523.333333 564.666667
528.666667 570.666667
535.666667 577.000000
543.333333 584.000000
551.333333 591.000000
558.666667 598.333333
566.333333 605.666667
574.666667 613.000000
583.666667 620.000000
593.000000 627.000000
602.000000 634.333333
610.666667 641.666667
619.333333 649.333333
628.666667 656.666667
638.333333 663.666667
648.000000 670.000000
656.666667 676.333333
665.666667 682.666667
675.333333 689.000000
685.333333 695.666667
695.333333 702.666667
704.666667 710.000000
714.333333 717.333333
724.000000 725.000000
733.666667 733.000000
742.666667 740.666667
750.333333 747.666667
757.000000 754.000000
762.333333 759.666667
767.000000 764.333333
770.666667 768.333333
774.000000 771.333333
776.666667 774.000000
778.666667 775.666667
780.000000 777.000000
781.000000 777.333333
