661.333333 338.000000
661.666667 336.666667
662.000000 335.333333
662.000000 334.000000
662.333333 332.666667
662.666667 331.000000
663.333333 329.000000
663.666667 327.000000
664.333333 324.666667
664.666667 322.333333
665.333333 319.666667
666.000000 317.000000
667.000000 313.666667
667.666667 310.333333
668.333333 306.666667
669.333333 303.333333
670.666667 299.666667
672.333333 296.000000
674.000000 291.333333
676.333333 286.333333
679.000000 280.666667
682.000000 275.333333
685.333333 269.666667
689.000000 264.333333
693.000000 259.333333
697.333333 254.666667
701.666667 250.333333
706.333333 245.666667
710.666667 241.333333
715.000000 236.666667
719.333333 232.000000
724.000000 227.000000
729.333333 222.000000
735.000000 217.333333
741.000000 213.000000
747.000000 209.000000
752.333333 205.333333
757.333333 202.000000
762.000000 199.000000
767.333333 196.000000
773.000000 193.000000
779.000000 190.000000
785.000000 187.333333
791.000000 184.666667
796.666667 182.333333
802.000000 179.666667
807.000000 177.333333
812.333333 175.000000
818.000000 173.000000
824.000000 171.000000
830.000000 169.333333
836.000000 168.000000
842.000000 167.000000
849.333333 166.000000
860.666667 165.666667
872.333333 166.000000
882.666667 167.000000
889.000000 168.000000
895.000000 169.333333
901.000000 171.000000
907.333333 173.000000
913.666667 175.000000
920.333333 177.333333
927.000000 179.666667
934.000000 182.333333
940.333333 185.000000
946.333333 188.000000
951.666667 191.000000
957.333333 194.000000
963.333333 197.000000
969.666667 200.000000
976.000000 203.666667
981.666667 208.000000
987.333333 213.000000
992.666667 218.333333
997.666667 224.333333
1002.000000 230.333333
1006.333333 236.666667
1010.666667 243.000000
1014.666667 250.000000
1018.333333 257.666667
1021.666667 265.666667
1025.000000 273.666667
1028.000000 281.333333
1030.666667 289.333333
1033.000000 298.000000
1035.000000 306.666667
1036.666667 315.000000
1038.333333 322.666667
1039.333333 330.000000
1040.333333 337.333333
1040.666667 344.666667
1041.000000 352.333333
1041.000000 360.000000
1040.666667 367.333333
1040.000000 374.333333
1038.666667 381.666667
1037.000000 389.333333
1034.666667 397.666667
1032.000000 405.666667
1029.000000 414.000000
1026.000000 422.000000
1023.000000 430.000000
1020.000000 438.000000
1017.000000 445.666667
1014.333333 453.333333
1011.666667 461.000000
1008.666667 468.666667
1005.000000 476.000000
1000.666667 483.666667
995.666667 492.000000
990.000000 501.000000
984.000000 509.666667
978.000000 518.000000
972.000000 526.333333
966.000000 535.000000
960.000000 544.000000
954.000000 552.666667
948.000000 561.333333
941.666667 569.666667
935.000000 578.000000
928.000000 586.666667
921.333333 595.666667
914.666667 605.000000
907.666667 614.000000
900.000000 623.000000
891.666667 632.333333
883.333333 642.000000
875.000000 651.666667
866.000000 661.000000
856.333333 670.000000
846.000000 679.000000
836.333333 688.000000
826.666667 697.000000
816.666667 706.000000
806.333333 715.000000
796.000000 724.000000
786.000000 733.333333
776.333333 743.000000
766.666667 752.666667
757.000000 762.000000
747.333333 770.666667
738.333333 779.333333
730.000000 788.000000
722.333333 796.333333
714.666667 804.000000
707.333333 810.666667
700.000000 816.666667
693.666667 821.666667
688.000000 825.666667
683.333333 829.000000
679.666667 831.333333
677.000000 833.000000
675.333333 834.000000
673.666667 834.333333
672.666667 833.666667
