806.666667 319.000000
863.333333 317.666667
863.000000 315.666667
863.000000 313.000000
863.333333 310.000000
864.000000 306.666667
865.000000 303.666667
866.000000 300.666667
867.000000 297.666667
868.333333 294.000000
870.000000 290.000000
872.333333 285.333333
874.666667 280.666667
877.333333 275.666667
880.000000 270.666667
883.333333 265.333333
886.666667 260.333333
889.666667 256.333333
892.666667 252.000000
895.666667 247.666667
898.666667 243.333333
901.666667 239.333333
904.333333 235.000000
907.000000 230.333333
909.000000 226.333333
911.333333 222.666667
913.666667 219.333333
916.000000 216.000000
918.666667 212.666667
922.000000 209.333333
925.666667 205.666667
929.666667 202.333333
933.666667 199.000000
937.666667 196.333333
941.333333 193.666667
944.666667 190.666667
948.000000 187.333333
951.333333 183.666667
954.666667 180.333333
958.000000 177.000000
961.333333 174.000000
964.666667 170.666667
968.333333 167.666667
972.333333 164.666667
976.333333 162.000000
980.666667 159.333333
984.666667 157.000000
989.000000 155.333333
993.000000 153.666667
997.000000 152.333333
1000.666667 150.666667
1004.333333 149.333333
1008.000000 147.666667
1012.333333 146.333333
1016.666667 144.666667
1021.333333 143.333333
1027.666667 142.000000
1037.333333 141.666667
1048.666667 142.000000
1061.333333 142.333333
1071.333333 142.666667
1082.666667 143.000000
1094.666667 144.000000
1106.333333 145.000000
1117.000000 146.000000
1124.000000 147.000000
1131.000000 148.333333
1136.333333 150.000000
1141.666667 152.000000
1147.000000 154.000000
1152.333333 156.666667
1158.000000 160.000000
1164.000000 163.666667
1170.000000 167.666667
1175.666667 171.666667
1181.000000 176.000000
1185.666667 179.666667
1189.666667 183.333333
1193.333333 187.000000
1196.666667 191.000000
1200.000000 195.000000
1203.333333 199.333333
1206.666667 204.333333
1210.000000 210.000000
1213.333333 216.000000
1216.666667 222.000000
1220.000000 228.333333
1223.000000 234.666667
1225.666667 241.000000
1228.333333 247.333333
1230.666667 254.000000
1233.000000 261.000000
1234.666667 267.666667
1236.333333 273.666667
1237.333333 279.333333
1238.333333 285.000000
1238.666667 291.000000
1239.000000 297.000000
1239.000000 303.333333
1238.666667 310.000000
1238.000000 316.666667
1237.000000 323.000000
1235.666667 329.333333
1234.000000 335.666667
1232.000000 342.666667
1229.666667 349.666667
1227.000000 357.333333
1224.000000 364.666667
1221.000000 371.666667
1217.666667 378.333333
1214.333333 385.333333
1211.000000 392.666667
1207.666667 400.666667
1204.333333 408.666667
1200.666667 416.666667
1197.000000 424.000000
1192.666667 431.333333
1187.666667 439.000000
1182.000000 447.000000
1176.000000 455.000000
1170.333333 462.666667
1165.000000 469.666667
1160.000000 476.000000
1155.000000 482.000000
1149.666667 488.333333
1144.333333 494.333333
1138.666667 500.666667
1133.000000 506.333333
1127.000000 512.333333
1121.333333 518.000000
1116.000000 523.666667
1110.666667 529.666667
1105.000000 535.666667
1098.666667 542.666667
1092.000000 549.333333
1085.000000 556.333333
1078.333333 562.666667
1072.333333 568.666667
1064.666667 576.000000
1057.000000 583.666667
1049.000000 591.666667
1042.666667 598.666667
1036.000000 605.333333
1029.333333 612.333333
1022.666667 619.333333
1016.000000 627.333333
1008.666667 636.333333
1001.333333 645.666667
993.666667 654.666667
986.000000 663.333333
978.333333 671.666667
971.333333 680.333333
964.666667 689.000000
958.333333 698.000000
951.666667 707.000000
945.000000 716.000000
938.000000 725.000000
931.000000 734.333333
924.333333 743.666667
918.333333 753.000000
912.666667 761.666667
906.666667 770.333333
900.333333 779.000000
893.666667 788.000000
887.666667 796.333333
882.000000 804.000000
877.333333 810.333333
873.333333 815.666667
870.333333 820.000000
868.000000 823.333333
866.333333 826.000000
865.000000 827.666667
864.000000 829.000000
863.333333 830.000000
