847.000000 378.000000
847.000000 376.666667
847.000000 375.333333
847.000000 373.666667
846.666667 371.666667
846.333333 369.333333
846.000000 366.666667
846.000000 364.000000
846.000000 360.666667
846.000000 357.333333
846.000000 354.000000
846.333333 351.000000
846.666667 347.666667
847.333333 344.666667
847.666667 341.333333
848.333333 337.666667
849.000000 333.333333
850.000000 329.000000
851.000000 324.666667
852.333333 319.666667
854.000000 314.333333
856.000000 309.000000
858.000000 303.666667
860.000000 298.333333
862.333333 292.333333
865.000000 286.666667
867.666667 280.333333
870.333333 274.666667
873.333333 268.666667
876.666667 263.666667
880.333333 258.333333
884.333333 253.666667
888.333333 249.333333
892.666667 245.333333
896.666667 241.333333
901.333333 236.666667
905.666667 232.333333
910.000000 227.666667
914.333333 223.000000
919.333333 218.000000
924.666667 213.333333
930.000000 209.000000
935.000000 205.000000
940.000000 201.333333
944.666667 198.000000
949.000000 195.000000
953.000000 192.000000
957.000000 189.000000
961.333333 186.000000
966.000000 183.333333
971.666667 180.333333
977.333333 177.333333
983.333333 174.333333
988.666667 172.000000
993.666667 170.000000
998.333333 168.000000
1002.666667 166.000000
1007.333333 164.000000
1012.000000 162.333333
1017.000000 161.000000
1022.333333 160.666667
1031.000000 161.000000
1039.666667 162.000000
1047.666667 163.000000
1052.333333 164.333333
1057.000000 166.000000
1062.000000 167.666667
1067.333333 169.666667
1072.666667 171.666667
1078.000000 174.000000
1083.000000 176.000000
1087.666667 178.000000
1092.000000 180.000000
1096.000000 182.000000
1099.666667 184.333333
1103.333333 186.666667
1106.666667 188.666667
1110.333333 190.666667
1114.000000 193.000000
1117.666667 195.666667
1121.333333 198.333333
1124.666667 201.000000
1128.000000 204.000000
1131.333333 207.333333
1134.666667 211.000000
1138.000000 215.000000
1140.666667 219.000000
1143.000000 223.333333
1145.000000 227.666667
1147.000000 231.666667
1148.666667 235.333333
1150.000000 239.000000
1151.333333 243.000000
1152.666667 247.000000
1154.000000 251.000000
1155.000000 255.000000
1156.000000 259.000000
1156.666667 263.333333
1157.333333 267.666667
1157.666667 272.333333
1158.000000 277.000000
1158.333333 281.666667
1158.666667 286.333333
1158.666667 291.333333
1158.333333 296.666667
1158.000000 302.666667
1158.000000 308.333333
1157.666667 314.333333
1157.333333 319.666667
1156.666667 325.000000
1156.333333 329.666667
1155.666667 334.333333
1155.333333 338.666667
1154.666667 343.000000
1154.000000 347.333333
1153.000000 352.000000
1152.000000 357.000000
1150.666667 362.000000
1149.333333 367.333333
1147.666667 372.333333
1146.000000 377.333333
1143.000000 384.000000
1140.000000 391.000000
1136.333333 398.333333
1133.666667 404.000000
1130.333333 410.000000
1127.333333 416.000000
1123.666667 421.666667
1120.333333 427.333333
1116.666667 433.000000
1113.333333 439.333333
1109.666667 446.000000
1106.333333 452.666667
1103.000000 459.000000
1099.666667 465.333333
1095.666667 471.333333
1091.333333 477.333333
1086.333333 483.000000
1081.333333 489.000000
1075.666667 495.333333
1070.333333 502.000000
1065.000000 509.000000
1060.000000 515.666667
1054.666667 522.333333
1049.000000 529.333333
1042.666667 536.666667
1036.000000 544.666667
1029.333333 552.333333
1023.333333 560.333333
1017.666667 567.666667
1012.333333 575.333333
1006.666667 583.000000
1000.666667 591.000000
994.333333 599.000000
988.000000 606.333333
981.666667 613.333333
975.333333 620.000000
969.000000 627.000000
963.000000 634.333333
956.666667 642.000000
950.000000 650.000000
943.000000 657.666667
936.333333 665.000000
929.666667 672.000000
923.333333 679.333333
917.000000 687.000000
910.666667 695.000000
904.333333 703.000000
897.666667 710.666667
891.333333 717.666667
885.000000 724.666667
879.000000 731.333333
873.333333 738.666667
868.000000 745.333333
863.000000 752.000000
858.333333 757.666667
853.666667 763.000000
849.333333 767.666667
844.666667 771.666667
840.333333 775.000000
836.666667 777.666667
834.000000 779.666667
832.000000 781.000000
