871.000000 362.666667
871.666667 359.333333
872.333333 355.666667
873.000000 352.333333
874.000000 348.666667
875.333333 345.000000
877.000000 341.000000
879.000000 336.666667
881.000000 332.000000
883.000000 327.000000
885.666667 322.000000
888.333333 317.333333
891.333333 312.666667
894.000000 308.333333
897.000000 304.000000
899.666667 300.333333
902.333333 296.666667
905.000000 293.000000
908.000000 288.666667
910.666667 284.666667
913.666667 280.333333
916.666667 276.333333
920.000000 272.000000
923.000000 268.333333
926.000000 265.000000
929.333333 262.000000
932.666667 258.666667
936.333333 255.666667
939.666667 252.666667
943.333333 250.000000
946.333333 247.000000
949.000000 244.333333
951.333333 241.666667
954.000000 239.000000
956.333333 236.333333
959.000000 233.333333
961.333333 230.000000
964.333333 226.333333
966.333333 223.333333
969.000000 220.666667
971.666667 218.333333
975.333333 215.333333
979.000000 212.666667
982.666667 209.666667
986.333333 207.333333
989.666667 205.000000
993.333333 202.666667
996.666667 200.333333
1000.000000 198.000000
1003.000000 195.666667
1006.333333 193.333333
1009.666667 190.666667
1013.000000 188.333333
1016.333333 186.000000
1020.000000 183.666667
1024.000000 181.333333
1028.000000 179.000000
1032.000000 177.000000
1036.000000 175.333333
1040.000000 173.666667
1043.666667 172.000000
1047.333333 170.000000
1050.666667 168.333333
1054.000000 167.000000
1057.000000 166.000000
1060.333333 164.666667
1064.000000 163.333333
1068.000000 162.000000
1072.000000 161.000000
1076.333333 160.000000
1089.666667 159.666667
1103.666667 160.000000
1120.000000 161.000000
1128.000000 162.000000
1135.333333 163.000000
1140.333333 164.000000
1144.666667 165.000000
1149.000000 166.000000
1153.333333 167.333333
1158.000000 169.000000
1163.000000 171.000000
1168.000000 173.000000
1173.000000 175.000000
1178.000000 177.333333
1182.666667 179.666667
1187.000000 182.333333
1190.666667 184.666667
1194.000000 187.000000
1197.000000 189.333333
1200.000000 191.666667
1203.000000 194.333333
1205.666667 197.333333
1208.333333 201.000000
1211.000000 205.000000
1213.666667 209.333333
1216.000000 213.666667
1218.000000 218.000000
1220.333333 222.333333
1222.333333 226.666667
1224.333333 230.666667
1226.000000 234.333333
1228.000000 238.000000
1229.666667 242.333333
1231.333333 246.666667
1232.666667 251.333333
1234.000000 256.000000
1235.000000 260.666667
1236.000000 265.000000
1237.000000 269.000000
1237.666667 273.000000
1238.333333 276.666667
1238.666667 280.000000
1239.333333 282.666667
1239.666667 285.333333
1240.000000 287.666667
1240.333333 290.666667
1240.666667 293.666667
1241.000000 297.333333
1241.000000 301.000000
1241.000000 305.000000
1241.000000 309.333333
1241.000000 313.666667
1241.000000 318.000000
1241.000000 322.000000
1241.000000 325.666667
1241.000000 329.000000
1241.000000 332.000000
1240.666667 335.000000
1240.333333 337.666667
1240.000000 340.333333
1239.666667 343.000000
1239.000000 346.333333
1238.333333 350.000000
1237.666667 354.000000
1237.333333 358.000000
1236.666667 362.000000
1236.000000 366.000000
1235.000000 370.000000
1234.000000 374.000000
1233.000000 378.000000
1231.666667 382.000000
1230.333333 386.000000
1228.666667 390.000000
1227.000000 394.333333
1225.000000 398.666667
1223.000000 403.333333
1221.000000 408.333333
1218.666667 413.666667
1216.000000 419.000000
1213.333333 424.333333
1210.666667 430.000000
1208.000000 436.333333
1205.333333 443.000000
1202.666667 450.333333
1200.000000 457.666667
1197.000000 465.000000
1193.666667 472.000000
1190.000000 479.000000
1185.666667 486.333333
1181.000000 494.000000
1176.000000 501.666667
1171.000000 509.000000
1166.000000 516.000000
1161.000000 523.000000
1156.000000 530.000000
1151.000000 537.333333
1145.666667 545.000000
1140.000000 552.666667
1134.000000 560.000000
1128.333333 567.000000
1122.666667 573.666667
1117.333333 580.000000
1112.000000 586.333333
1107.000000 592.333333
1102.333333 598.333333
1097.666667 603.666667
1093.000000 609.000000
1088.000000 614.000000
1083.000000 618.666667
1078.000000 623.000000
1073.333333 627.000000
1069.000000 630.666667
1065.000000 634.333333
1060.666667 638.333333
1056.333333 642.666667
1052.000000 647.333333
1047.666667 651.666667
1043.000000 656.333333
1038.333333 660.666667
1033.666667 665.000000
1029.333333 668.666667
1025.000000 672.000000
1021.000000 675.000000
1017.333333 678.333333
1012.666667 683.666667
1007.666667 689.666667
1002.333333 696.666667
997.666667 702.666667
993.000000 708.666667
987.666667 714.666667
982.333333 720.666667
977.000000 727.000000
972.000000 733.000000
967.333333 738.666667
962.666667 744.333333
958.333333 749.666667
953.666667 755.000000
949.000000 760.000000
943.666667 764.666667
938.333333 769.000000
933.000000 773.000000
928.333333 776.666667
924.333333 780.000000
920.666667 783.333333
917.666667 786.333333
915.000000 789.000000
913.000000 791.000000
911.333333 793.000000
910.000000 794.666667
909.000000 796.000000
908.333333 797.000000
908.000000 798.000000
908.000000 798.333333
907.666667 798.000000
