686.333333 378.333333
659.666667 376.666667
633.000000 375.000000
633.333333 372.666667
633.666667 370.333333
634.000000 367.333333
634.000000 364.333333
634.333333 360.666667
634.666667 357.333333
635.000000 353.666667
635.000000 350.000000
635.000000 346.333333
635.000000 342.666667
634.666667 339.333333
634.333333 335.666667
633.666667 331.666667
633.000000 326.666667
631.666667 321.333333
630.333333 316.000000
628.666667 310.666667
627.000000 305.333333
624.666667 299.666667
622.333333 294.333333
619.666667 288.666667
616.666667 283.000000
613.000000 277.000000
609.000000 271.000000
604.666667 265.333333
600.333333 259.666667
595.333333 254.000000
590.333333 248.000000
584.666667 242.000000
579.333333 236.000000
573.333333 230.333333
567.333333 224.666667
560.666667 219.333333
554.000000 214.000000
547.000000 209.000000
540.000000 204.333333
533.333333 200.000000
526.333333 196.000000
519.000000 192.000000
511.000000 188.000000
503.333333 184.333333
496.000000 181.000000
489.000000 178.000000
481.666667 175.000000
474.000000 172.000000
466.000000 169.333333
458.333333 167.000000
450.666667 165.333333
443.333333 163.666667
435.666667 162.333333
428.333333 161.000000
421.000000 160.000000
414.333333 159.000000
400.333333 158.666667
386.666667 159.000000
373.333333 160.000000
368.000000 161.333333
363.000000 163.333333
358.333333 165.666667
354.000000 168.333333
350.000000 170.666667
346.666667 173.000000
343.666667 175.000000
341.333333 177.333333
339.000000 180.000000
337.333333 183.333333
336.000000 187.000000
335.333333 191.333333
335.000000 196.000000
335.000000 201.666667
335.333333 208.000000
335.666667 215.000000
336.333333 222.333333
336.666667 229.333333
337.000000 236.666667
337.000000 244.000000
337.000000 252.000000
337.333333 259.333333
337.666667 266.333333
338.333333 272.666667
339.000000 279.000000
339.666667 285.333333
340.333333 292.000000
341.000000 299.000000
342.333333 306.000000
343.333333 313.333333
344.333333 321.000000
345.000000 329.333333
346.000000 337.666667
347.000000 345.666667
348.000000 353.000000
349.333333 360.333333
351.333333 367.333333
354.333333 374.333333
358.000000 380.666667
362.333333 387.000000
367.000000 393.333333
372.333333 400.000000
378.000000 406.666667
384.333333 413.333333
391.666667 420.666667
399.333333 428.666667
407.333333 437.000000
415.000000 445.333333
423.000000 454.000000
431.000000 463.333333
439.333333 473.000000
447.666667 482.666667
456.333333 492.333333
465.000000 501.666667
474.666667 511.333333
485.000000 520.666667
495.666667 530.333333
506.333333 539.666667
517.333333 549.000000
528.666667 558.000000
540.000000 566.666667
550.666667 575.333333
561.000000 583.666667
571.000000 592.333333
581.000000 600.666667
590.666667 609.000000
599.666667 616.666667
608.000000 624.333333
615.666667 631.666667
622.666667 639.000000
629.000000 646.333333
634.666667 653.333333
639.666667 659.666667
644.000000 665.000000
648.000000 670.000000
651.333333 674.666667
654.333333 679.000000
656.666667 683.000000
659.000000 686.666667
660.666667 689.666667
662.000000 692.000000
662.666667 693.666667
663.333333 695.000000
663.666667 696.000000
