650.000000 395.000000
650.333333 393.666667
651.000000 392.000000
651.666667 390.000000
652.333333 388.000000
653.000000 386.000000
653.666667 383.666667
654.333333 381.000000
655.000000 378.000000
656.000000 375.333333
656.666667 372.666667
657.333333 370.000000
658.000000 367.000000
659.000000 363.666667
659.666667 360.333333
660.333333 357.000000
661.000000 354.000000
662.000000 351.333333
663.000000 348.666667
664.000000 346.000000
665.000000 343.333333
665.666667 340.666667
666.333333 337.666667
667.000000 334.333333
667.666667 330.666667
668.333333 327.000000
669.000000 322.666667
670.000000 318.333333
670.666667 314.000000
671.333333 310.000000
672.000000 306.333333
673.000000 302.666667
674.333333 299.333333
675.666667 295.666667
677.666667 292.000000
679.666667 288.333333
682.000000 284.666667
684.000000 281.000000
686.333333 277.000000
689.000000 273.000000
692.000000 269.333333
695.000000 265.666667
698.333333 262.000000
702.000000 258.333333
706.000000 255.000000
709.666667 252.000000
713.000000 249.000000
716.000000 246.000000
719.000000 243.000000
722.000000 240.333333
725.333333 237.666667
729.000000 235.000000
733.333333 232.000000
737.666667 229.000000
742.333333 226.333333
747.000000 223.666667
751.666667 221.000000
756.000000 218.333333
760.000000 215.666667
764.000000 213.333333
768.333333 210.666667
773.000000 208.333333
778.000000 206.000000
783.333333 204.000000
789.333333 202.000000
795.333333 200.333333
801.333333 199.000000
806.666667 198.000000
812.333333 197.000000
818.000000 196.000000
828.333333 195.000000
842.666667 194.666667
858.000000 195.000000
868.666667 196.000000
877.000000 197.333333
884.000000 198.666667
891.000000 200.000000
895.666667 201.333333
900.000000 202.666667
904.000000 204.666667
908.000000 206.666667
912.000000 209.333333
916.000000 212.000000
920.333333 215.000000
925.000000 218.000000
930.000000 221.333333
935.000000 224.666667
939.666667 228.000000
944.000000 231.333333
948.000000 234.666667
951.666667 238.000000
955.000000 241.333333
958.000000 245.000000
961.000000 249.000000
964.000000 253.333333
966.666667 257.666667
969.000000 262.000000
971.000000 266.000000
973.333333 270.000000
976.000000 274.000000
978.666667 277.666667
980.666667 281.000000
982.333333 284.000000
984.000000 287.000000
986.000000 290.000000
988.000000 293.333333
989.666667 297.333333
991.333333 302.333333
992.333333 308.000000
993.333333 314.000000
993.666667 319.666667
994.000000 325.000000
994.000000 330.000000
994.000000 335.000000
994.000000 340.333333
994.000000 345.666667
993.666667 351.333333
993.333333 356.666667
993.000000 361.666667
992.666667 366.666667
992.000000 371.333333
991.000000 376.000000
990.000000 380.000000
989.000000 384.333333
988.000000 389.000000
987.000000 394.000000
986.000000 399.000000
985.000000 404.666667
984.000000 410.333333
983.000000 416.333333
982.000000 421.666667
980.666667 427.000000
979.000000 432.000000
977.333333 437.333333
975.666667 442.666667
974.333333 448.000000
973.000000 453.000000
971.666667 458.000000
970.333333 463.000000
969.000000 467.666667
967.666667 472.333333
966.333333 476.666667
965.000000 481.000000
963.666667 485.333333
962.333333 490.000000
960.666667 495.333333
959.000000 500.666667
956.666667 506.333333
954.000000 511.666667
951.000000 517.000000
947.666667 521.666667
944.333333 526.333333
940.333333 531.000000
936.000000 535.666667
931.333333 540.333333
927.000000 545.000000
923.333333 550.000000
920.000000 555.000000
917.000000 560.000000
914.000000 565.000000
911.333333 569.666667
908.666667 574.000000
905.333333 578.333333
901.000000 583.000000
895.666667 588.333333
890.333333 593.666667
885.000000 599.000000
880.000000 604.333333
875.333333 609.666667
871.000000 615.000000
867.333333 619.666667
864.000000 624.000000
860.666667 628.333333
856.666667 633.000000
852.000000 637.666667
847.000000 642.666667
842.000000 647.666667
837.000000 653.000000
832.000000 658.333333
827.666667 663.666667
824.000000 668.666667
819.333333 675.333333
814.333333 682.333333
808.333333 689.666667
803.000000 695.333333
797.333333 701.000000
792.000000 706.666667
787.000000 712.000000
782.333333 716.666667
778.000000 721.000000
774.000000 725.000000
770.333333 729.000000
767.000000 733.000000
763.333333 737.333333
759.000000 742.000000
753.666667 747.000000
748.000000 752.000000
742.333333 757.000000
737.333333 762.000000
733.000000 766.333333
729.000000 770.333333
725.333333 774.000000
722.333333 777.666667
720.000000 780.666667
718.333333 783.333333
717.000000 785.333333
716.000000 787.333333
715.000000 789.333333
714.000000 791.333333
713.333333 793.333333
713.000000 795.000000
713.000000 796.666667
713.000000 798.333333
712.666667 800.000000
712.333333 801.666667
712.000000 803.000000
712.000000 804.000000
712.000000 805.000000
712.000000 806.000000
712.000000 807.000000
712.000000 807.333333
712.000000 806.666667
