872.000000 399.333333
872.000000 397.666667
806.000000 395.000000
740.000000 392.000000
673.666667 387.333333
673.000000 382.000000
672.000000 375.666667
671.333333 369.000000
670.666667 362.333333
670.333333 356.000000
669.666667 350.000000
669.333333 344.000000
668.666667 337.666667
668.333333 331.333333
667.666667 325.000000
667.000000 319.000000
666.333333 313.333333
665.666667 308.000000
665.000000 303.000000
663.666667 298.333333
662.333333 293.666667
660.666667 289.000000
658.666667 284.000000
656.666667 279.333333
654.333333 275.000000
652.333333 271.000000
650.000000 267.000000
648.000000 263.000000
645.666667 259.000000
643.000000 255.333333
640.000000 251.666667
636.666667 248.333333
633.333333 244.666667
629.666667 241.000000
626.333333 237.000000
622.666667 233.000000
619.333333 229.000000
615.666667 224.666667
612.000000 220.333333
608.000000 216.333333
604.000000 213.000000
600.000000 210.000000
596.333333 207.000000
592.666667 204.000000
589.333333 201.333333
586.000000 199.000000
583.333333 197.000000
580.666667 195.000000
578.333333 193.333333
576.000000 191.666667
574.000000 190.333333
572.000000 188.666667
570.000000 187.333333
568.000000 186.000000
565.666667 185.000000
563.000000 184.000000
560.000000 183.000000
557.000000 182.000000
553.666667 181.000000
550.000000 180.000000
546.333333 179.000000
542.666667 178.000000
539.333333 177.000000
536.000000 176.000000
532.000000 175.000000
527.666667 174.000000
520.000000 173.000000
505.333333 172.666667
489.333333 173.000000
474.333333 174.000000
464.666667 175.000000
456.000000 176.000000
447.666667 177.000000
441.333333 178.333333
435.333333 179.666667
430.666667 181.000000
426.000000 182.333333
421.000000 183.666667
415.666667 185.333333
410.333333 186.666667
405.000000 188.333333
400.333333 189.666667
396.000000 191.000000
392.000000 192.333333
388.000000 194.000000
384.333333 196.333333
381.000000 198.666667
377.666667 201.333333
374.000000 204.000000
370.000000 207.000000
366.333333 210.000000
362.666667 213.000000
359.333333 216.000000
356.000000 219.000000
353.000000 222.000000
350.000000 224.666667
347.333333 227.333333
344.666667 230.000000
342.333333 233.000000
340.000000 236.000000
338.000000 239.000000
336.333333 242.000000
334.666667 244.666667
333.333333 247.333333
332.000000 250.000000
331.000000 252.666667
330.000000 255.333333
329.333333 257.666667
328.666667 260.000000
328.000000 262.333333
327.000000 265.000000
326.333333 268.000000
325.666667 271.000000
325.000000 274.333333
324.000000 277.333333
323.333333 280.333333
322.333333 283.000000
321.333333 286.000000
320.000000 289.000000
319.000000 292.000000
318.000000 295.000000
317.000000 297.666667
316.000000 300.666667
315.666667 303.666667
316.000000 307.333333
316.666667 311.000000
317.666667 315.000000
318.666667 319.000000
320.000000 323.000000
321.000000 326.666667
322.000000 330.000000
323.333333 333.333333
324.666667 337.000000
326.333333 340.666667
328.000000 345.000000
330.000000 349.666667
332.333333 355.666667
335.000000 362.000000
338.666667 368.666667
343.333333 375.333333
349.333333 382.000000
356.000000 389.000000
362.666667 396.333333
369.000000 403.666667
374.666667 411.333333
380.333333 418.333333
386.333333 425.666667
393.666667 433.000000
401.666667 441.333333
410.000000 450.000000
417.666667 458.666667
425.000000 467.000000
433.000000 475.333333
441.666667 483.666667
450.666667 492.333333
458.666667 501.000000
466.000000 509.666667
473.000000 518.333333
480.666667 527.000000
489.000000 536.333333
497.666667 546.000000
506.000000 556.000000
513.666667 565.666667
521.000000 575.000000
528.666667 584.000000
537.000000 593.000000
546.000000 602.333333
554.333333 611.333333
562.000000 620.666667
569.333333 630.000000
577.333333 640.333333
586.000000 650.666667
594.666667 661.000000
602.666667 670.666667
610.000000 680.000000
616.666667 689.000000
623.000000 697.666667
629.333333 705.666667
636.000000 713.000000
643.000000 719.666667
649.666667 726.333333
656.000000 733.000000
662.000000 740.333333
668.000000 747.666667
673.666667 755.000000
679.333333 761.666667
685.333333 768.000000
691.333333 773.666667
697.000000 778.666667
701.666667 783.000000
705.666667 787.000000
709.000000 790.666667
711.666667 794.000000
714.000000 797.000000
715.666667 799.666667
717.000000 802.000000
718.000000 803.666667
718.666667 805.000000
719.000000 806.000000
719.000000 807.000000
719.000000 808.000000
719.000000 808.333333
719.000000 808.000000
718.666667 803.333333
