816.333333 391.666667
729.666667 390.333333
642.666667 388.666667
642.000000 387.333333
641.333333 386.000000
640.666667 384.666667
640.333333 383.333333
639.666667 382.000000
639.333333 380.666667
639.000000 379.333333
638.666667 377.666667
638.333333 376.000000
638.000000 374.000000
637.666667 371.666667
637.000000 369.000000
636.000000 366.333333
635.333333 363.666667
634.666667 361.000000
634.000000 358.333333
633.000000 356.000000
632.333333 354.000000
631.666667 352.000000
631.000000 350.000000
630.333333 348.000000
629.666667 346.000000
629.000000 344.000000
628.000000 342.000000
627.000000 340.000000
626.000000 337.666667
625.000000 335.333333
624.000000 332.666667
623.000000 330.000000
622.000000 327.333333
621.000000 324.666667
620.000000 322.333333
619.000000 319.666667
618.000000 317.333333
617.000000 314.666667
616.000000 312.000000
615.000000 309.333333
613.666667 306.666667
612.333333 304.000000
610.666667 301.000000
608.666667 298.000000
606.666667 295.000000
604.333333 292.000000
602.333333 289.333333
600.000000 286.666667
598.000000 284.000000
596.000000 281.333333
594.000000 278.666667
592.000000 276.333333
589.666667 273.666667
587.333333 271.000000
585.000000 268.000000
583.000000 265.333333
581.000000 262.666667
579.000000 260.000000
577.000000 257.333333
575.000000 255.000000
573.000000 252.666667
571.000000 250.333333
569.000000 248.000000
566.666667 246.000000
564.000000 244.000000
561.333333 242.000000
558.333333 239.666667
555.333333 237.666667
552.000000 235.666667
549.000000 234.000000
545.666667 232.000000
542.333333 230.000000
539.000000 228.000000
536.000000 226.000000
533.000000 224.000000
530.000000 222.333333
527.333333 220.666667
524.666667 219.333333
522.000000 217.666667
519.333333 216.000000
516.666667 214.000000
514.000000 212.333333
511.000000 210.666667
508.000000 209.000000
505.000000 207.000000
502.000000 205.000000
499.000000 203.000000
496.000000 201.000000
493.333333 199.000000
490.666667 197.000000
488.000000 195.000000
484.666667 193.000000
481.333333 190.666667
478.000000 188.333333
474.666667 186.000000
471.000000 183.666667
466.666667 181.333333
462.333333 179.000000
457.666667 177.000000
453.333333 175.000000
448.666667 173.333333
444.333333 171.666667
440.000000 170.333333
436.000000 168.666667
432.000000 167.333333
426.666667 166.000000
418.333333 165.000000
409.666667 164.666667
401.000000 165.000000
395.333333 166.000000
390.000000 167.000000
386.333333 168.000000
382.666667 169.000000
379.333333 170.333333
375.666667 171.666667
372.000000 173.000000
368.333333 174.333333
364.666667 175.666667
361.333333 177.000000
358.000000 178.333333
354.666667 179.666667
351.333333 181.333333
348.000000 182.666667
345.000000 184.666667
342.000000 186.666667
339.000000 189.333333
336.333333 192.000000
333.333333 195.333333
330.666667 198.666667
327.666667 202.333333
325.000000 206.000000
322.333333 209.666667
319.666667 213.333333
317.333333 216.666667
315.000000 220.000000
313.000000 223.333333
311.000000 227.000000
309.333333 231.000000
307.666667 235.000000
306.333333 239.000000
305.000000 243.333333
304.000000 247.666667
303.000000 252.000000
302.333333 256.333333
301.666667 261.000000
301.000000 266.000000
300.333333 270.666667
299.666667 275.333333
299.333333 279.666667
299.000000 284.000000
299.000000 288.000000
299.000000 292.333333
299.000000 296.666667
299.000000 301.000000
299.333333 305.000000
299.666667 309.333333
300.000000 314.000000
300.000000 318.666667
300.333333 323.333333
300.666667 328.333333
301.333333 334.333333
302.000000 340.666667
303.000000 347.000000
304.000000 353.000000
305.000000 359.000000
306.000000 364.666667
307.333333 370.333333
308.666667 375.666667
310.333333 381.000000
312.000000 386.000000
314.000000 391.000000
316.000000 396.000000
318.333333 401.000000
321.000000 406.000000
324.000000 410.666667
327.000000 415.666667
330.666667 422.333333
334.666667 429.333333
338.666667 436.333333
342.000000 442.000000
345.333333 448.000000
348.666667 453.666667
352.333333 459.333333
356.333333 464.666667
360.666667 470.666667
365.333333 476.666667
370.000000 483.000000
375.000000 489.000000
380.333333 495.333333
386.000000 501.666667
392.333333 508.333333
399.000000 515.000000
405.666667 521.666667
412.333333 528.000000
419.000000 534.666667
425.333333 541.333333
431.333333 548.333333
437.000000 554.333333
442.666667 560.000000
448.000000 565.000000
453.000000 570.000000
457.666667 574.666667
462.000000 579.000000
466.000000 583.000000
470.000000 587.333333
474.000000 592.000000
478.000000 596.666667
482.000000 601.333333
486.000000 606.000000
490.000000 611.000000
493.666667 615.666667
497.333333 620.000000
501.000000 624.333333
505.000000 628.666667
509.000000 633.333333
513.000000 638.000000
516.666667 643.000000
520.000000 648.000000
523.000000 653.000000
526.000000 658.000000
529.000000 663.000000
532.000000 668.000000
535.333333 673.000000
538.666667 678.000000
542.333333 683.000000
546.000000 688.333333
550.333333 694.000000
554.666667 699.666667
559.000000 705.333333
563.000000 711.000000
566.666667 716.666667
570.666667 722.333333
574.666667 728.000000
579.000000 734.000000
583.000000 740.000000
587.333333 746.000000
591.666667 751.666667
595.666667 757.333333
599.333333 762.666667
603.000000 767.666667
606.666667 772.333333
610.000000 777.000000
613.000000 781.666667
616.000000 786.333333
619.000000 791.000000
621.666667 796.000000
624.333333 801.000000
627.000000 805.666667
630.000000 810.000000
633.000000 813.666667
636.000000 817.000000
639.000000 820.000000
642.000000 822.666667
645.000000 825.333333
648.333333 828.000000
651.666667 830.666667
655.333333 833.333333
658.666667 836.000000
662.333333 839.000000
665.666667 842.000000
669.333333 845.333333
672.666667 848.666667
676.000000 852.000000
679.333333 855.000000
682.333333 857.666667
685.666667 860.333333
688.666667 862.666667
692.000000 864.666667
694.666667 866.000000
696.666667 867.000000
698.000000 868.000000
699.666667 869.000000
702.000000 869.333333
704.666667 868.000000
