738.000000 371.000000
738.000000 369.000000
738.000000 367.000000
738.000000 365.000000
738.333333 362.666667
738.666667 360.000000
739.333333 357.333333
739.666667 354.666667
740.000000 352.000000
740.333333 349.000000
741.000000 346.000000
742.000000 342.333333
743.000000 338.333333
744.333333 333.666667
745.666667 329.333333
747.333333 324.666667
749.000000 320.000000
751.000000 315.000000
753.333333 309.666667
756.000000 304.000000
759.000000 297.666667
761.666667 290.666667
764.333333 283.333333
766.666667 276.000000
769.000000 269.666667
771.000000 263.666667
773.333333 258.333333
776.000000 253.000000
779.000000 248.333333
782.333333 244.000000
786.333333 239.666667
790.666667 235.333333
795.333333 230.666667
799.666667 226.333333
804.000000 222.000000
808.000000 217.666667
811.666667 213.666667
815.666667 209.666667
820.000000 206.333333
825.000000 203.000000
830.000000 200.000000
835.000000 197.000000
840.333333 194.000000
845.666667 191.000000
851.000000 188.000000
856.000000 185.000000
861.000000 181.666667
866.333333 178.333333
872.000000 174.666667
878.333333 171.333333
884.666667 168.000000
891.000000 165.000000
896.666667 162.333333
902.333333 160.000000
907.666667 158.000000
913.333333 156.000000
919.333333 154.333333
925.666667 152.666667
932.000000 151.333333
938.000000 150.000000
943.666667 149.000000
949.000000 148.000000
956.000000 147.000000
969.000000 146.000000
988.333333 145.666667
1007.333333 146.000000
1022.000000 147.000000
1030.333333 148.000000
1036.666667 149.000000
1041.000000 150.333333
1044.666667 151.666667
1048.000000 153.000000
1050.666667 154.333333
1053.000000 156.000000
1055.333333 158.000000
1057.666667 160.000000
1060.333333 162.000000
1063.333333 164.333333
1066.666667 167.000000
1070.333333 170.333333
1074.000000 173.666667
1078.000000 177.000000
1081.666667 180.000000
1085.000000 182.666667
1088.000000 185.333333
1091.000000 187.666667
1093.666667 190.000000
1096.000000 192.333333
1098.000000 195.000000
1100.000000 198.000000
1102.000000 201.666667
1103.666667 206.000000
1105.000000 211.000000
1106.333333 216.333333
1107.666667 221.666667
1109.000000 227.000000
1110.000000 232.000000
1110.666667 236.666667
1111.333333 241.333333
1111.666667 245.666667
1112.333333 250.666667
1112.666667 255.666667
1113.000000 261.000000
1113.000000 266.000000
1113.000000 271.333333
1113.000000 276.333333
1113.000000 281.333333
1113.000000 286.000000
1113.000000 290.666667
1112.666667 295.666667
1112.333333 300.666667
1112.000000 306.666667
1111.666667 312.666667
1111.000000 318.666667
1110.000000 324.333333
1109.000000 329.666667
1107.666667 335.000000
1106.333333 340.333333
1104.666667 345.666667
1103.000000 351.333333
1101.000000 357.000000
1098.666667 363.000000
1095.666667 368.666667
1092.000000 374.333333
1087.333333 379.666667
1082.333333 385.666667
1076.666667 392.000000
1071.666667 399.000000
1066.666667 406.333333
1062.333333 413.333333
1058.000000 420.333333
1054.000000 426.666667
1049.666667 433.333333
1044.666667 439.666667
1039.000000 446.333333
1033.333333 452.666667
1028.000000 459.333333
1023.333333 465.666667
1018.666667 471.666667
1014.333333 477.333333
1010.000000 483.000000
1006.000000 489.000000
1002.000000 495.000000
997.666667 501.000000
992.666667 507.000000
987.333333 513.000000
982.000000 518.666667
977.333333 524.000000
973.000000 529.000000
969.333333 534.000000
966.000000 539.000000
963.000000 543.666667
960.333333 548.333333
957.666667 553.000000
955.000000 558.000000
951.666667 563.000000
948.000000 567.666667
943.333333 572.333333
938.666667 576.666667
933.666667 580.666667
929.666667 584.333333
925.666667 587.666667
922.333333 591.333333
919.000000 595.000000
916.333333 598.666667
914.000000 602.333333
912.000000 605.666667
910.000000 609.000000
908.333333 612.000000
906.666667 615.000000
905.000000 618.000000
903.333333 621.000000
901.333333 624.000000
898.333333 627.333333
894.000000 631.000000
889.333333 635.000000
885.000000 638.666667
881.000000 642.666667
877.333333 646.666667
873.666667 651.333333
870.333333 656.000000
867.000000 660.666667
864.000000 665.000000
860.666667 669.000000
856.666667 673.333333
851.333333 678.000000
845.333333 683.000000
839.333333 687.666667
834.333333 691.666667
830.333333 694.666667
827.333333 697.000000
825.333333 698.666667
824.000000 700.000000
823.000000 701.000000
822.000000 702.000000
821.333333 702.333333
