909.000000 397.666667
909.000000 394.333333
909.000000 390.333333
909.000000 386.000000
909.000000 380.333333
909.333333 374.333333
909.666667 368.000000
910.000000 362.000000
910.333333 356.333333
910.666667 351.000000
911.333333 345.333333
912.000000 339.333333
913.000000 332.666667
914.000000 326.000000
915.666667 319.000000
918.000000 312.666667
921.333333 306.666667
925.000000 301.000000
929.000000 295.000000
933.333333 289.000000
938.333333 282.666667
943.333333 276.000000
948.333333 269.666667
952.666667 263.666667
957.333333 258.333333
962.333333 252.666667
968.333333 247.333333
975.000000 241.666667
982.000000 236.000000
989.000000 230.000000
995.666667 224.333333
1002.333333 218.666667
1009.333333 213.333333
1017.000000 208.000000
1025.000000 203.666667
1032.666667 199.666667
1039.666667 196.333333
1046.333333 193.000000
1053.333333 190.333333
1061.000000 187.666667
1069.000000 185.333333
1077.000000 183.333333
1084.333333 182.000000
1091.333333 181.000000
1098.000000 180.000000
1105.333333 179.000000
1124.000000 178.666667
1145.000000 179.333333
1165.666667 180.666667
1174.666667 182.000000
1181.000000 183.333333
1186.666667 185.000000
1192.000000 187.000000
1197.000000 189.000000
1202.333333 191.000000
1207.666667 193.333333
1213.333333 195.666667
1219.000000 198.000000
1224.666667 200.333333
1229.666667 202.666667
1234.000000 205.000000
1237.666667 207.333333
1241.333333 210.333333
1244.666667 214.000000
1248.000000 218.000000
1251.000000 222.000000
1254.000000 226.000000
1257.000000 230.000000
1260.000000 234.000000
1263.000000 238.000000
1266.000000 242.333333
1269.000000 247.000000
1272.333333 252.000000
1275.666667 257.333333
1278.666667 263.000000
1281.000000 268.666667
1283.000000 274.333333
1285.000000 279.666667
1286.666667 285.000000
1288.000000 290.666667
1288.666667 296.666667
1289.333333 303.333333
1289.666667 310.000000
1290.333333 317.000000
1290.666667 323.666667
1291.000000 330.000000
1291.000000 336.333333
1291.000000 343.000000
1291.000000 349.666667
1291.000000 356.333333
1291.000000 362.666667
1291.000000 369.000000
1291.000000 374.666667
1290.666667 380.000000
1290.333333 385.333333
1290.000000 390.666667
1289.666667 396.666667
1289.333333 402.666667
1288.666667 409.333333
1288.333333 415.666667
1287.666667 422.000000
1286.666667 428.333333
1285.000000 434.666667
1283.000000 441.000000
1281.000000 447.333333
1279.000000 454.000000
1277.000000 460.333333
1274.666667 466.333333
1272.000000 471.666667
1269.000000 477.000000
1265.666667 482.000000
1262.333333 487.000000
1259.000000 492.666667
1256.000000 498.666667
1253.000000 505.000000
1250.000000 511.000000
1247.333333 517.000000
1244.666667 522.666667
1241.333333 528.333333
1237.333333 534.000000
1232.666667 540.000000
1228.000000 545.666667
1222.666667 551.666667
1217.333333 557.666667
1212.333333 564.000000
1207.333333 570.333333
1201.666667 577.000000
1194.666667 584.000000
1186.666667 591.333333
1178.666667 599.000000
1171.000000 607.000000
1164.000000 614.666667
1156.333333 622.333333
1147.666667 630.000000
1138.333333 638.333333
1129.333333 647.000000
1120.666667 656.000000
1111.333333 665.333333
1100.333333 675.333333
1089.000000 686.000000
1078.333333 697.000000
1068.333333 707.666667
1058.000000 718.333333
1047.000000 728.666667
1036.666667 739.000000
1027.333333 748.666667
1019.333333 757.666667
1011.333333 766.000000
1002.666667 774.000000
994.000000 781.333333
986.333333 787.666667
980.666667 792.666667
976.000000 796.666667
972.666667 800.000000
970.000000 802.333333
968.333333 804.000000
967.000000 805.000000
966.333333 805.333333
966.000000 805.000000
966.000000 804.000000
