845.333333 391.000000
845.666667 389.666667
846.000000 387.666667
846.000000 385.000000
845.666667 381.666667
845.333333 378.333333
844.666667 374.666667
843.666667 370.666667
842.000000 366.333333
840.000000 361.333333
838.333333 356.333333
836.333333 351.000000
834.333333 346.000000
832.000000 341.000000
830.000000 336.000000
828.000000 331.000000
826.000000 326.000000
824.333333 321.000000
822.666667 316.000000
821.333333 311.333333
819.666667 307.000000
818.333333 303.333333
816.666667 300.333333
815.333333 297.666667
813.666667 295.000000
812.000000 292.000000
809.666667 289.000000
807.000000 286.000000
804.000000 283.000000
800.666667 280.000000
797.000000 277.000000
793.000000 274.000000
788.666667 271.000000
784.333333 268.000000
780.333333 265.000000
776.666667 262.000000
773.000000 259.000000
769.333333 256.000000
765.333333 253.000000
761.333333 249.666667
756.666667 246.666667
752.000000 243.666667
747.000000 241.000000
742.000000 238.333333
737.333333 235.666667
733.000000 233.333333
729.000000 230.666667
725.333333 228.333333
722.000000 225.666667
718.666667 223.333333
715.333333 221.000000
711.666667 219.000000
708.000000 217.000000
703.666667 215.333333
699.333333 214.000000
695.000000 212.666667
689.666667 211.333333
680.666667 210.666667
671.666667 211.000000
663.666667 212.333333
658.666667 214.000000
653.000000 216.333333
647.333333 219.000000
642.000000 221.666667
637.333333 224.333333
633.000000 227.000000
629.333333 229.666667
625.666667 232.333333
622.333333 234.666667
618.666667 237.333333
615.000000 240.000000
610.333333 243.000000
605.666667 246.333333
601.000000 250.000000
597.000000 254.333333
593.000000 259.333333
589.333333 264.666667
586.333333 270.000000
584.000000 275.000000
582.333333 279.666667
581.000000 284.333333
580.000000 289.000000
579.000000 294.000000
578.333333 299.666667
578.000000 305.666667
578.000000 312.333333
578.000000 319.000000
578.333333 326.000000
579.000000 333.000000
579.666667 340.000000
580.333333 347.000000
580.666667 354.000000
581.333333 361.333333
582.333333 368.333333
583.666667 375.666667
585.000000 382.666667
586.333333 390.666667
588.000000 398.666667
590.333333 407.000000
593.000000 415.000000
596.000000 422.666667
599.000000 429.666667
601.666667 436.333333
604.333333 442.666667
606.666667 449.000000
609.000000 455.000000
611.000000 461.000000
613.000000 467.000000
615.000000 473.000000
617.000000 479.000000
619.000000 485.000000
620.666667 491.000000
622.333333 497.333333
623.666667 503.666667
625.333333 510.000000
627.000000 515.666667
629.000000 521.000000
631.000000 526.000000
633.333333 531.333333
636.333333 537.000000
640.000000 543.000000
644.333333 549.000000
649.000000 555.000000
653.666667 561.000000
657.666667 567.000000
661.333333 572.666667
664.666667 578.000000
668.000000 583.000000
672.666667 590.000000
678.000000 597.000000
684.333333 604.333333
690.000000 610.000000
695.666667 615.666667
701.000000 620.666667
705.666667 625.000000
710.000000 629.000000
714.000000 633.000000
717.666667 637.000000
721.333333 640.666667
725.000000 644.333333
729.333333 648.000000
734.000000 652.000000
739.333333 656.333333
744.666667 660.666667
750.333333 665.333333
755.666667 670.000000
760.333333 674.666667
764.333333 679.333333
768.000000 683.666667
772.000000 688.000000
776.333333 692.000000
780.333333 696.000000
784.333333 699.666667
788.333333 703.666667
792.666667 707.333333
797.333333 711.333333
802.000000 714.666667
807.000000 718.333333
813.000000 722.000000
819.333333 726.000000
826.333333 730.000000
832.666667 734.000000
839.000000 737.666667
844.333333 741.333333
849.000000 744.666667
852.666667 747.666667
856.000000 750.000000
858.333333 751.666667
860.333333 753.333333
861.666667 754.666667
863.000000 756.000000
864.000000 757.000000
