691.000000 355.666667
656.000000 353.666667
656.000000 351.000000
655.666667 348.000000
655.000000 345.000000
654.000000 341.666667
652.666667 338.000000
650.666667 333.666667
648.333333 329.333333
646.000000 325.000000
643.666667 320.666667
641.000000 316.333333
638.000000 312.000000
635.333333 308.000000
632.666667 304.000000
630.333333 300.333333
627.666667 296.666667
625.333333 293.000000
622.666667 289.333333
620.000000 286.000000
617.000000 282.666667
614.000000 279.000000
611.000000 275.000000
608.000000 271.333333
605.000000 267.666667
601.666667 264.000000
598.000000 260.000000
594.000000 256.000000
590.333333 252.000000
586.666667 248.333333
583.000000 244.666667
578.666667 240.666667
574.000000 236.666667
569.333333 232.666667
565.000000 229.333333
560.666667 225.666667
556.000000 222.333333
551.333333 219.000000
546.666667 216.333333
542.333333 213.666667
537.666667 211.333333
533.000000 209.000000
528.000000 207.000000
522.666667 205.333333
514.333333 204.000000
505.666667 203.666667
495.000000 204.000000
486.666667 205.333333
478.333333 206.666667
471.666667 208.333333
465.333333 210.000000
459.000000 212.333333
453.000000 214.666667
447.333333 217.666667
442.000000 220.666667
437.666667 224.000000
433.666667 227.000000
430.000000 230.333333
426.333333 234.000000
422.666667 238.333333
419.333333 243.000000
416.333333 248.333333
413.666667 254.000000
411.333333 260.000000
409.000000 266.333333
407.000000 272.666667
405.000000 279.000000
403.333333 285.000000
402.000000 290.666667
401.000000 296.333333
400.000000 301.666667
399.333333 307.000000
399.000000 312.000000
399.000000 317.333333
399.000000 323.000000
399.000000 328.666667
399.000000 334.333333
399.333333 340.000000
399.666667 346.000000
400.333333 351.666667
400.666667 357.000000
401.333333 362.000000
402.000000 366.666667
403.000000 371.333333
404.000000 376.000000
405.333333 381.333333
407.000000 386.666667
409.000000 392.333333
411.333333 398.000000
414.000000 404.000000
417.000000 410.000000
420.000000 416.000000
423.000000 422.333333
426.000000 428.666667
429.333333 435.333333
432.666667 442.333333
436.333333 449.666667
440.333333 457.000000
445.333333 463.666667
450.666667 470.333333
456.333333 476.666667
462.000000 483.000000
468.000000 489.000000
473.666667 495.000000
479.333333 501.000000
485.000000 506.666667
491.333333 512.333333
497.666667 517.666667
504.000000 523.000000
510.000000 528.000000
516.000000 533.333333
522.333333 539.000000
529.000000 545.666667
536.333333 553.000000
543.666667 560.666667
551.000000 568.000000
558.000000 575.333333
565.000000 583.000000
571.666667 590.666667
578.333333 598.333333
585.000000 606.333333
592.000000 614.666667
599.000000 623.333333
606.000000 632.333333
612.666667 641.666667
619.000000 650.666667
625.333333 659.333333
632.000000 667.666667
638.666667 675.666667
645.333333 683.000000
651.333333 689.666667
657.333333 696.333333
663.000000 702.333333
668.666667 708.000000
673.666667 712.666667
677.666667 717.000000
682.333333 721.000000
686.666667 724.333333
690.333333 726.666667
692.000000 728.000000
693.000000 729.000000
