701.000000 360.666667
753.333333 358.666667
805.666667 356.333333
858.000000 353.333333
858.333333 350.333333
858.666667 346.666667
859.333333 343.333333
859.666667 339.333333
860.333333 335.000000
861.000000 329.666667
862.000000 324.333333
863.000000 319.000000
864.333333 314.000000
866.000000 309.000000
868.333333 304.000000
871.333333 298.666667
875.000000 293.000000
879.000000 287.000000
882.666667 281.333333
886.333333 276.000000
890.000000 270.666667
893.666667 265.666667
897.000000 261.000000
899.666667 257.333333
902.666667 253.666667
905.666667 250.333333
909.000000 247.000000
912.333333 244.000000
916.000000 240.333333
920.333333 236.666667
925.000000 232.666667
930.000000 229.000000
935.000000 225.000000
939.666667 221.000000
944.000000 217.333333
948.000000 213.666667
952.000000 210.333333
955.666667 207.000000
959.333333 204.000000
963.000000 201.333333
967.000000 199.000000
971.666667 196.666667
976.333333 194.666667
981.333333 193.000000
986.000000 191.666667
990.666667 190.000000
995.000000 188.000000
998.666667 186.333333
1002.333333 185.000000
1007.333333 183.000000
1013.000000 180.666667
1018.666667 178.333333
1023.333333 177.000000
1027.666667 176.000000
1032.333333 175.000000
1036.666667 174.000000
1043.000000 173.000000
1054.000000 172.666667
1066.666667 173.000000
1077.333333 174.000000
1083.000000 175.000000
1087.000000 176.000000
1091.000000 177.000000
1094.666667 178.333333
1098.333333 179.666667
1101.666667 181.000000
1105.333333 182.333333
1109.000000 183.666667
1113.000000 185.333333
1117.333333 187.000000
1122.000000 188.666667
1126.666667 190.333333
1131.000000 191.666667
1135.000000 193.333333
1138.666667 195.000000
1142.000000 197.000000
1144.666667 199.000000
1147.333333 201.000000
1149.666667 203.000000
1152.333333 205.333333
1154.666667 208.000000
1157.666667 211.333333
1160.666667 214.666667
1164.000000 218.333333
1167.000000 222.000000
1170.000000 226.000000
1173.000000 229.666667
1176.000000 233.333333
1179.000000 236.666667
1181.666667 239.666667
1184.000000 242.333333
1186.333333 245.333333
1188.666667 248.666667
1190.666667 252.666667
1192.333333 257.000000
1194.000000 262.000000
1195.666667 267.333333
1197.000000 272.666667
1198.000000 278.333333
1199.000000 284.000000
1200.000000 289.666667
1200.666667 295.666667
1201.333333 301.666667
1201.666667 308.333333
1202.333333 314.666667
1202.666667 320.666667
1203.000000 326.333333
1203.000000 332.666667
1202.666667 339.666667
1202.333333 347.333333
1201.666667 354.666667
1201.000000 362.333333
1200.333333 369.333333
1199.666667 376.000000
1199.000000 382.000000
1197.666667 388.000000
1196.333333 394.333333
1194.666667 401.000000
1193.000000 408.000000
1190.666667 414.666667
1188.000000 421.333333
1184.666667 428.333333
1181.333333 435.666667
1177.666667 443.666667
1174.000000 451.666667
1170.000000 459.666667
1166.333333 467.000000
1163.000000 474.000000
1160.000000 481.000000
1157.000000 488.000000
1154.333333 495.333333
1151.666667 502.666667
1149.000000 509.666667
1146.000000 516.000000
1143.000000 522.333333
1139.333333 529.000000
1135.000000 536.333333
1130.000000 543.666667
1125.333333 551.000000
1120.666667 558.000000
1116.333333 564.666667
1112.000000 570.666667
1108.000000 576.333333
1104.000000 582.000000
1100.333333 588.000000
1096.333333 594.000000
1092.333333 599.666667
1088.000000 605.333333
1084.000000 610.666667
1080.000000 616.000000
1076.000000 620.666667
1072.000000 625.000000
1068.333333 629.000000
1064.666667 633.000000
1061.666667 637.000000
1058.666667 641.000000
1056.000000 645.000000
1053.333333 648.666667
1051.000000 652.333333
1048.666667 655.666667
1046.000000 659.000000
1043.000000 662.000000
1040.000000 665.333333
1036.333333 668.666667
1032.333333 672.000000
1028.000000 675.333333
1024.000000 678.666667
1020.000000 682.000000
1016.333333 685.333333
1012.666667 689.000000
1009.333333 693.000000
1005.666667 697.333333
1002.000000 701.666667
998.333333 706.000000
994.666667 710.000000
990.666667 714.000000
986.333333 718.000000
981.666667 721.666667
977.333333 725.333333
973.000000 729.000000
969.000000 733.333333
964.666667 738.000000
960.333333 743.000000
956.000000 747.666667
952.000000 752.333333
947.666667 757.000000
943.000000 761.666667
938.000000 766.000000
933.333333 769.666667
929.000000 773.000000
925.000000 776.333333
921.000000 779.666667
917.000000 783.000000
913.333333 786.000000
909.666667 789.000000
906.000000 792.000000
902.333333 794.666667
899.000000 797.000000
896.000000 798.666667
893.333333 800.000000
891.333333 801.000000
890.000000 802.000000
889.000000 803.000000
888.000000 803.333333
