808.000000 431.666667
808.666667 428.666667
809.000000 424.333333
808.666667 419.333333
808.333333 413.666667
807.666667 408.000000
807.333333 402.333333
806.666667 396.333333
806.333333 390.333333
806.000000 384.000000
806.000000 378.000000
806.000000 372.000000
805.666667 366.000000
805.333333 360.333333
805.000000 355.000000
804.666667 349.666667
804.000000 344.333333
803.000000 338.666667
801.666667 333.000000
799.666667 327.000000
797.333333 321.000000
794.666667 315.000000
792.333333 309.333333
789.666667 304.000000
786.666667 299.000000
783.333333 294.000000
780.000000 289.000000
777.000000 284.000000
774.000000 278.666667
771.000000 273.000000
767.666667 267.333333
764.000000 261.666667
759.666667 256.333333
755.000000 251.000000
749.666667 246.000000
744.333333 241.000000
739.000000 236.000000
734.333333 231.000000
730.000000 226.333333
726.000000 221.666667
722.000000 217.333333
717.666667 213.000000
713.000000 208.666667
708.000000 204.333333
702.666667 200.000000
697.333333 196.333333
692.000000 192.666667
687.000000 189.333333
682.000000 185.666667
677.000000 182.000000
671.333333 177.666667
664.666667 173.333333
657.000000 169.333333
649.000000 166.000000
640.666667 163.000000
632.333333 160.333333
622.666667 158.000000
612.666667 156.333333
592.666667 155.666667
573.333333 156.000000
554.666667 157.333333
546.000000 159.000000
537.666667 161.000000
528.333333 163.333333
518.666667 166.000000
509.333333 169.000000
501.000000 172.000000
493.666667 175.000000
487.000000 178.333333
481.000000 182.000000
475.000000 186.333333
468.333333 191.000000
462.000000 196.000000
455.666667 201.000000
450.333333 206.666667
445.333333 213.000000
441.000000 219.666667
437.333333 226.000000
434.333333 232.000000
432.333333 238.000000
430.666667 243.666667
429.666667 249.000000
428.666667 254.000000
428.333333 259.000000
428.000000 263.666667
428.333333 268.333333
429.000000 273.000000
430.000000 278.000000
431.333333 283.333333
433.000000 289.333333
435.000000 296.000000
437.000000 303.000000
439.000000 310.333333
441.000000 317.666667
443.333333 325.333333
446.000000 333.000000
448.666667 340.666667
451.000000 348.000000
453.000000 355.333333
455.666667 362.666667
458.666667 369.666667
462.000000 376.000000
465.000000 382.333333
468.000000 388.666667
471.000000 395.333333
474.000000 402.000000
477.333333 409.000000
481.000000 416.333333
484.666667 423.666667
489.000000 431.666667
494.000000 440.000000
500.000000 449.333333
505.666667 458.333333
511.000000 467.333333
516.000000 475.333333
520.666667 483.666667
525.333333 491.333333
529.666667 499.333333
534.333333 506.333333
539.333333 513.000000
545.000000 519.000000
551.000000 525.333333
556.666667 532.000000
562.000000 539.000000
567.000000 546.333333
572.000000 553.666667
577.333333 561.333333
583.000000 568.666667
589.333333 576.333333
596.000000 584.333333
602.666667 592.666667
609.000000 600.666667
615.000000 608.000000
621.666667 615.000000
629.333333 622.000000
637.666667 628.666667
645.666667 635.333333
652.666667 641.333333
659.000000 647.333333
665.333333 653.333333
672.333333 659.666667
680.000000 666.000000
688.000000 671.666667
695.666667 677.333333
703.000000 682.666667
710.000000 688.333333
717.333333 694.000000
725.333333 700.000000
733.333333 705.666667
741.000000 710.666667
747.666667 714.666667
753.666667 718.000000
759.333333 721.000000
764.666667 724.000000
771.000000 727.333333
777.666667 731.333333
784.666667 735.333333
790.333333 739.000000
795.000000 741.666667
798.666667 744.000000
801.333333 745.666667
803.333333 747.000000
804.666667 748.000000
805.666667 749.000000
806.333333 750.000000
807.000000 751.000000
807.333333 751.333333
807.333333 750.666667
