677.333333 414.000000
532.666667 411.000000
532.333333 407.666667
532.000000 404.000000
532.000000 400.000000
532.000000 395.000000
531.666667 389.000000
531.333333 381.666667
530.666667 374.000000
530.333333 366.000000
530.000000 358.000000
529.666667 350.000000
529.333333 342.000000
528.666667 333.666667
528.333333 325.666667
527.666667 317.666667
527.000000 310.333333
526.000000 303.333333
525.000000 296.666667
524.000000 290.000000
523.000000 282.666667
521.666667 275.333333
520.000000 268.333333
517.666667 261.666667
515.000000 255.666667
511.333333 249.333333
507.333333 243.333333
502.666667 237.000000
498.000000 231.000000
493.333333 225.333333
489.000000 220.000000
485.000000 215.000000
481.000000 210.333333
477.000000 206.000000
472.333333 202.000000
466.666667 198.000000
460.333333 194.333333
454.000000 191.333333
448.333333 189.000000
442.666667 187.000000
437.333333 185.000000
431.666667 183.000000
426.000000 181.333333
419.666667 180.000000
411.333333 179.000000
397.000000 178.666667
379.333333 179.000000
363.666667 180.000000
353.333333 181.333333
347.333333 182.666667
342.000000 184.333333
338.333333 186.000000
334.666667 188.000000
330.333333 190.333333
325.000000 193.000000
319.000000 196.000000
313.333333 199.000000
308.000000 202.000000
303.333333 205.000000
299.333333 208.333333
295.666667 212.000000
292.333333 216.000000
289.000000 220.333333
286.333333 225.000000
284.000000 229.666667
281.666667 234.000000
279.333333 238.666667
276.333333 243.666667
273.000000 249.666667
268.666667 256.333333
264.333333 263.666667
260.000000 271.000000
255.666667 278.333333
251.666667 286.000000
248.000000 294.000000
245.000000 301.666667
242.000000 309.666667
239.333333 317.333333
237.000000 324.666667
235.000000 331.333333
233.000000 338.000000
231.000000 345.333333
229.333333 352.666667
228.000000 360.000000
227.000000 366.666667
226.000000 373.000000
225.333333 378.666667
225.000000 384.000000
225.000000 389.000000
225.333333 394.333333
226.000000 400.000000
227.000000 406.000000
228.333333 412.333333
229.666667 418.333333
231.333333 424.333333
232.666667 430.000000
234.333333 436.000000
236.333333 441.666667
238.666667 447.333333
241.333333 453.000000
244.333333 459.000000
248.333333 464.666667
253.333333 470.333333
259.000000 475.666667
265.000000 481.000000
270.666667 486.333333
276.333333 492.000000
281.666667 498.000000
287.333333 504.333333
293.333333 510.666667
300.000000 517.333333
307.333333 524.000000
314.666667 531.000000
322.000000 538.000000
330.000000 545.666667
339.000000 553.666667
349.000000 561.666667
359.000000 569.333333
369.666667 577.333333
381.333333 586.333333
393.666667 596.000000
406.000000 606.000000
418.333333 616.333333
431.333333 627.000000
444.333333 638.333333
457.000000 649.333333
469.333333 660.333333
482.000000 671.000000
494.666667 682.000000
506.666667 692.666667
518.000000 703.000000
529.666667 712.666667
540.666667 722.000000
551.333333 731.000000
561.000000 740.333333
571.000000 750.000000
581.333333 759.666667
591.333333 769.000000
600.333333 777.666667
607.333333 785.666667
612.666667 792.666667
616.666667 798.666667
619.666667 803.666667
621.666667 808.000000
622.666667 811.666667
623.333333 814.666667
623.666667 817.000000
624.000000 818.666667
623.666667 820.000000
623.333333 821.000000
