807.666667 327.333333
808.000000 324.666667
808.000000 322.000000
808.000000 318.666667
808.000000 315.000000
808.000000 311.000000
807.666667 307.000000
807.333333 302.666667
806.666667 298.000000
805.666667 293.000000
804.333333 287.666667
802.666667 281.666667
801.000000 275.333333
799.000000 269.000000
796.666667 263.000000
794.000000 257.000000
791.333333 251.333333
788.666667 245.666667
785.666667 240.000000
782.333333 233.666667
779.000000 227.333333
776.000000 221.000000
773.000000 215.333333
769.666667 209.666667
766.333333 204.333333
762.666667 199.000000
758.666667 194.000000
754.000000 189.000000
749.000000 184.000000
744.000000 179.000000
739.000000 174.000000
733.666667 169.000000
728.333333 164.333333
722.666667 160.000000
717.000000 156.000000
711.000000 152.333333
704.666667 149.000000
698.333333 146.000000
692.333333 143.666667
687.000000 141.333333
682.000000 139.333333
676.666667 137.000000
671.333333 134.666667
665.666667 132.333333
660.000000 130.333333
654.333333 129.000000
649.000000 128.000000
644.000000 127.000000
638.000000 126.666667
632.333333 127.000000
627.000000 128.000000
623.000000 129.000000
619.000000 130.333333
615.333333 132.000000
611.666667 134.000000
608.333333 135.666667
605.000000 137.333333
602.000000 139.000000
599.000000 141.000000
596.333333 142.666667
593.666667 144.333333
591.666667 145.666667
589.333333 147.333333
587.333333 148.666667
585.000000 150.000000
583.000000 151.333333
580.666667 153.000000
578.666667 154.666667
576.666667 156.333333
574.666667 158.000000
572.333333 159.666667
570.000000 161.333333
567.666667 163.000000
565.333333 164.666667
563.000000 166.666667
560.666667 168.666667
558.333333 171.000000
555.666667 173.666667
553.000000 176.666667
550.000000 180.333333
547.000000 184.333333
544.333333 189.000000
541.666667 194.000000
539.333333 199.000000
537.000000 204.333333
535.000000 210.000000
533.333333 216.333333
532.000000 223.000000
531.000000 230.333333
530.000000 238.333333
529.000000 246.666667
528.333333 255.000000
527.666667 262.666667
527.333333 269.666667
527.000000 276.333333
526.666667 282.000000
526.333333 287.000000
526.000000 291.333333
525.666667 295.666667
525.333333 299.666667
525.000000 303.333333
525.000000 306.666667
525.000000 310.333333
525.000000 314.000000
525.000000 318.000000
525.000000 322.000000
525.000000 326.000000
525.333333 330.000000
525.666667 334.333333
526.000000 338.666667
526.333333 343.333333
526.666667 348.333333
527.333333 354.000000
528.000000 359.666667
529.000000 365.000000
530.333333 370.333333
531.666667 375.666667
533.333333 381.000000
535.000000 386.333333
537.000000 392.000000
539.333333 398.333333
542.333333 405.000000
546.000000 412.333333
550.000000 420.333333
554.333333 429.666667
559.000000 440.000000
564.000000 450.666667
569.000000 461.666667
574.333333 473.000000
580.000000 485.000000
586.000000 497.000000
591.666667 508.666667
597.333333 519.666667
602.666667 530.000000
608.000000 539.666667
612.666667 548.666667
617.666667 556.666667
622.333333 563.666667
627.333333 570.000000
632.333333 576.000000
638.000000 582.000000
644.000000 587.666667
650.000000 593.666667
656.333333 600.000000
662.666667 607.333333
669.333333 615.000000
675.666667 623.000000
682.000000 631.333333
688.333333 640.000000
694.333333 648.333333
700.333333 656.333333
706.000000 664.000000
711.666667 672.000000
717.333333 679.666667
723.333333 687.333333
729.666667 694.333333
736.333333 701.333333
743.000000 707.666667
750.000000 714.333333
757.000000 720.666667
764.333333 727.333333
771.666667 733.666667
779.333333 740.333333
786.666667 746.333333
793.333333 752.000000
798.666667 756.666667
803.000000 761.000000
806.666667 765.333333
809.666667 769.333333
812.000000 773.666667
813.666667 777.666667
815.000000 781.666667
815.666667 784.666667
816.333333 787.000000
816.666667 788.666667
817.000000 790.000000
817.000000 791.000000
816.333333 791.333333
815.000000 789.666667
812.333333 785.666667
