758.333333 413.000000
743.000000 412.000000
742.333333 410.666667
741.666667 409.333333
741.333333 407.666667
740.666667 406.000000
740.333333 404.000000
740.000000 402.000000
740.000000 400.000000
739.666667 398.000000
739.333333 395.666667
739.000000 393.000000
738.666667 389.666667
738.333333 386.000000
737.666667 381.666667
737.000000 376.666667
736.000000 371.000000
735.000000 365.333333
734.000000 359.666667
733.000000 354.000000
732.000000 348.000000
731.000000 342.000000
730.000000 336.333333
729.000000 330.666667
728.000000 325.333333
727.000000 320.333333
726.000000 315.666667
725.000000 311.000000
724.000000 306.333333
723.000000 302.000000
721.666667 298.000000
720.333333 294.000000
718.666667 289.666667
717.333333 285.333333
715.666667 281.000000
714.000000 277.000000
712.000000 273.000000
710.000000 269.000000
707.666667 265.000000
705.333333 261.000000
702.666667 257.333333
700.000000 254.000000
697.000000 250.666667
694.000000 247.333333
691.333333 244.000000
688.666667 240.666667
686.000000 237.333333
683.000000 234.000000
680.000000 231.000000
677.000000 227.666667
674.333333 224.333333
671.666667 221.333333
669.000000 218.333333
666.000000 215.666667
663.000000 212.666667
660.000000 210.000000
657.000000 207.333333
653.666667 205.000000
650.333333 203.000000
647.000000 201.000000
644.000000 199.000000
641.000000 197.000000
637.666667 195.000000
634.333333 193.000000
630.666667 191.000000
627.000000 189.000000
623.000000 187.000000
618.666667 184.666667
614.333333 182.333333
609.666667 180.000000
605.333333 178.000000
600.666667 176.000000
596.333333 174.333333
592.000000 172.666667
588.000000 171.000000
584.000000 168.666667
579.666667 166.333333
575.333333 164.000000
570.666667 162.000000
566.000000 160.000000
560.333333 158.000000
554.666667 156.000000
549.000000 154.333333
543.666667 153.000000
538.000000 151.666667
529.666667 150.333333
521.000000 149.000000
509.666667 148.000000
500.666667 147.666667
487.000000 148.000000
473.666667 149.000000
461.000000 150.000000
454.000000 151.000000
450.000000 152.333333
446.333333 154.000000
443.000000 156.000000
440.333333 158.333333
437.666667 160.666667
435.666667 163.000000
433.333333 165.333333
431.333333 167.666667
429.333333 170.333333
427.666667 172.666667
426.000000 175.333333
424.333333 178.000000
422.666667 180.666667
421.333333 183.333333
419.666667 186.000000
418.333333 189.000000
416.666667 192.333333
415.000000 195.666667
413.000000 199.333333
411.333333 203.333333
409.666667 208.000000
408.000000 213.333333
406.000000 219.333333
404.333333 225.666667
403.000000 231.666667
402.000000 237.333333
401.333333 242.666667
400.666667 248.000000
400.333333 252.666667
400.000000 257.333333
400.000000 261.666667
400.333333 266.000000
400.666667 270.333333
401.333333 275.000000
402.333333 280.000000
404.000000 285.000000
405.666667 290.333333
407.666667 296.000000
409.666667 301.666667
412.000000 307.333333
414.000000 312.666667
416.000000 318.000000
418.333333 323.333333
421.000000 329.333333
424.000000 335.666667
427.333333 342.666667
430.666667 350.000000
434.000000 358.000000
437.333333 365.666667
441.000000 373.333333
445.000000 381.000000
449.333333 388.666667
454.000000 396.333333
458.666667 404.000000
463.333333 411.666667
468.333333 419.666667
474.000000 428.000000
480.333333 437.000000
487.000000 446.333333
494.333333 455.666667
502.000000 465.000000
509.666667 474.000000
517.333333 483.333333
525.000000 492.666667
533.666667 502.333333
542.666667 511.666667
552.333333 521.000000
562.000000 530.000000
572.333333 539.333333
583.000000 548.666667
594.000000 558.000000
605.000000 566.666667
616.000000 575.333333
627.000000 584.333333
638.000000 593.666667
649.000000 603.000000
660.000000 612.333333
671.000000 622.000000
682.000000 632.333333
693.000000 643.000000
703.666667 653.333333
714.000000 663.333333
724.000000 673.000000
733.666667 682.333333
743.000000 691.333333
751.666667 699.666667
760.333333 708.000000
768.333333 715.666667
776.333333 723.333333
783.666667 731.000000
791.000000 739.000000
797.666667 747.000000
803.333333 754.333333
807.666667 760.666667
811.000000 765.333333
813.666667 769.333333
815.666667 772.333333
817.000000 775.333333
817.666667 777.666667
818.333333 780.000000
818.666667 781.666667
819.000000 783.000000
818.666667 784.000000
818.333333 784.333333
