933.333333 354.333333
932.333333 353.000000
932.000000 351.666667
932.000000 350.000000
931.666667 348.333333
931.333333 346.333333
931.000000 344.333333
931.000000 341.666667
931.000000 339.000000
931.000000 335.666667
931.000000 332.000000
931.333333 328.000000
931.666667 324.000000
932.000000 319.666667
932.333333 315.333333
933.000000 310.666667
934.000000 306.333333
935.333333 301.666667
937.000000 297.333333
939.000000 292.666667
941.333333 288.000000
944.000000 282.666667
947.000000 277.000000
950.000000 271.333333
953.000000 266.000000
956.000000 261.000000
959.000000 256.333333
962.000000 251.666667
965.333333 247.333333
969.000000 242.666667
973.666667 238.000000
979.000000 233.000000
984.666667 227.666667
990.333333 222.333333
995.666667 217.000000
1001.000000 212.333333
1006.000000 208.000000
1011.000000 204.000000
1016.333333 200.000000
1022.000000 196.333333
1028.000000 193.000000
1033.666667 190.000000
1039.000000 187.000000
1044.000000 184.000000
1049.000000 181.333333
1054.000000 178.666667
1059.333333 175.666667
1065.333333 172.333333
1071.666667 169.333333
1078.333333 166.666667
1084.666667 164.000000
1090.666667 161.333333
1096.000000 159.000000
1101.666667 157.000000
1107.666667 155.000000
1114.333333 153.000000
1121.000000 151.333333
1127.666667 150.000000
1134.000000 149.000000
1140.000000 148.000000
1148.000000 147.000000
1165.000000 146.666667
1182.666667 147.000000
1197.333333 148.000000
1204.000000 149.000000
1209.333333 150.000000
1215.333333 151.000000
1219.666667 152.333333
1224.333333 153.666667
1228.666667 155.666667
1233.000000 157.666667
1236.666667 160.000000
1240.000000 162.666667
1243.000000 165.666667
1246.000000 169.333333
1248.666667 172.666667
1251.000000 176.333333
1253.000000 179.666667
1255.000000 183.333333
1257.333333 186.666667
1259.666667 190.666667
1262.000000 195.000000
1264.000000 200.000000
1266.000000 205.333333
1267.666667 211.333333
1269.333333 217.666667
1270.333333 224.000000
1271.333333 230.333333
1271.666667 236.666667
1272.000000 243.000000
1272.000000 249.333333
1272.000000 255.666667
1271.666667 262.000000
1271.000000 268.000000
1270.333333 274.000000
1269.666667 280.000000
1269.333333 286.000000
1268.666667 292.000000
1268.000000 298.666667
1266.666667 305.666667
1265.666667 313.000000
1264.333333 320.000000
1263.333333 326.666667
1262.000000 333.333333
1261.000000 340.000000
1260.000000 346.666667
1258.666667 353.333333
1257.333333 360.333333
1255.666667 367.333333
1254.333333 374.000000
1252.666667 380.333333
1251.000000 387.000000
1249.000000 394.333333
1247.000000 402.000000
1245.000000 410.000000
1242.666667 417.666667
1239.666667 425.000000
1235.666667 432.333333
1230.666667 440.000000
1225.000000 448.333333
1219.333333 456.333333
1214.000000 464.333333
1209.000000 471.333333
1203.666667 478.333333
1197.666667 485.000000
1191.000000 492.333333
1183.666667 499.666667
1176.666667 507.000000
1170.000000 513.666667
1164.000000 520.333333
1158.000000 526.333333
1151.333333 533.000000
1144.000000 539.333333
1136.000000 546.333333
1128.333333 552.666667
1121.333333 559.333333
1115.000000 565.333333
1109.000000 571.333333
1102.333333 577.000000
1094.666667 582.666667
1086.666667 588.000000
1079.000000 593.333333
1072.333333 598.666667
1066.000000 604.333333
1060.333333 609.666667
1054.000000 615.000000
1047.666667 620.000000
1040.666667 624.666667
1034.333333 629.000000
1028.000000 633.000000
1022.333333 637.000000
1017.333333 641.000000
1012.666667 645.000000
1008.000000 649.333333
1002.666667 654.333333
996.666667 659.666667
990.333333 664.666667
984.333333 669.000000
979.000000 673.000000
974.333333 676.666667
970.333333 679.666667
967.333333 682.000000
965.000000 683.666667
963.333333 685.000000
962.333333 686.000000
961.666667 687.000000
961.000000 688.000000
960.000000 689.000000
959.333333 689.333333
959.333333 689.000000
