888.666667 315.000000
888.000000 313.666667
888.000000 312.000000
888.333333 309.666667
889.000000 307.333333
890.000000 304.666667
891.000000 302.000000
892.000000 298.666667
893.000000 295.333333
894.666667 291.333333
897.000000 286.666667
899.666667 281.666667
902.000000 276.333333
904.000000 271.333333
906.000000 265.666667
908.000000 260.333333
910.000000 255.000000
912.000000 250.666667
914.000000 246.666667
916.333333 242.666667
919.333333 238.333333
922.666667 233.666667
926.333333 229.000000
930.333333 224.000000
934.666667 219.000000
939.333333 214.000000
943.666667 209.333333
948.000000 205.000000
952.333333 200.666667
957.000000 196.000000
962.000000 190.666667
967.666667 185.666667
973.666667 180.333333
980.000000 175.666667
986.000000 170.666667
991.666667 166.333333
997.000000 161.666667
1002.000000 157.333333
1007.000000 153.333333
1012.333333 150.000000
1018.000000 147.333333
1024.000000 145.000000
1030.000000 143.333333
1035.666667 142.000000
1041.000000 140.666667
1046.000000 139.000000
1051.000000 137.000000
1056.333333 135.000000
1062.000000 133.333333
1068.000000 132.000000
1074.000000 131.000000
1079.666667 130.000000
1085.333333 128.666667
1091.000000 127.000000
1096.666667 125.000000
1102.666667 123.000000
1108.666667 121.333333
1115.000000 119.666667
1121.333333 118.000000
1127.666667 116.333333
1134.000000 115.000000
1139.666667 114.000000
1145.333333 113.000000
1156.333333 112.666667
1167.666667 113.000000
1178.666667 114.000000
1183.666667 115.000000
1188.000000 116.333333
1192.000000 117.666667
1196.000000 119.333333
1199.666667 120.666667
1203.333333 122.333333
1207.000000 124.000000
1211.000000 126.000000
1215.000000 128.000000
1219.000000 130.000000
1223.333333 132.000000
1227.666667 134.000000
1231.666667 136.000000
1235.333333 138.333333
1238.666667 140.666667
1242.333333 143.000000
1246.000000 145.333333
1249.666667 147.666667
1253.333333 150.333333
1257.000000 152.666667
1260.666667 155.333333
1264.333333 158.000000
1268.000000 161.000000
1271.666667 164.333333
1275.333333 168.000000
1278.666667 172.000000
1282.000000 176.000000
1285.000000 180.000000
1287.666667 183.666667
1290.333333 187.333333
1292.666667 191.000000
1294.666667 195.000000
1296.333333 199.000000
1298.000000 203.666667
1299.666667 208.333333
1301.000000 213.666667
1302.333333 218.333333
1303.666667 223.333333
1305.000000 228.000000
1306.000000 232.666667
1307.000000 237.000000
1308.000000 241.333333
1309.000000 246.000000
1310.000000 251.000000
1311.000000 256.000000
1311.666667 261.333333
1312.333333 266.666667
1312.666667 272.333333
1313.000000 277.666667
1312.666667 283.000000
1312.333333 287.666667
1311.666667 292.666667
1311.000000 297.666667
1310.000000 303.000000
1309.000000 308.333333
1307.666667 314.000000
1306.333333 320.000000
1304.666667 326.000000
1303.333333 331.666667
1302.000000 337.000000
1300.666667 342.333333
1299.000000 348.333333
1297.000000 355.333333
1295.000000 362.666667
1292.666667 370.000000
1290.000000 377.000000
1286.666667 384.000000
1283.333333 391.333333
1280.000000 398.666667
1276.666667 406.333333
1273.000000 413.666667
1269.333333 420.666667
1265.666667 427.333333
1262.333333 434.000000
1258.666667 441.000000
1255.333333 448.333333
1251.666667 455.666667
1248.333333 463.000000
1244.333333 470.000000
1240.000000 476.666667
1235.000000 483.666667
1229.666667 491.000000
1224.000000 499.333333
1218.000000 507.333333
1212.333333 515.333333
1207.000000 523.000000
1201.666667 531.333333
1196.333333 539.666667
1190.666667 548.333333
1184.666667 557.000000
1178.333333 565.666667
1171.333333 574.666667
1164.333333 584.000000
1156.666667 594.000000
1148.666667 604.333333
1140.333333 614.666667
1131.666667 625.666667
1123.333333 636.666667
1115.333333 647.666667
1107.666667 658.000000
1099.666667 668.000000
1091.333333 678.000000
1083.000000 688.000000
1075.000000 697.333333
1067.333333 706.000000
1059.333333 714.333333
1050.666667 722.666667
1041.333333 731.000000
1032.000000 738.666667
1023.000000 746.333333
1014.000000 753.333333
1005.000000 760.000000
996.000000 765.666667
987.333333 770.666667
979.333333 775.000000
972.000000 778.666667
965.333333 782.333333
958.666667 786.000000
952.333333 789.666667
946.000000 793.000000
940.666667 795.666667
936.666667 798.000000
933.666667 799.666667
931.666667 801.000000
930.000000 802.000000
929.000000 802.333333
928.333333 802.000000
