522.000000 385.000000
522.666667 383.666667
523.000000 382.333333
523.000000 380.666667
523.000000 379.000000
523.000000 376.666667
523.000000 374.333333
522.666667 371.666667
522.333333 369.333333
521.666667 366.333333
521.333333 363.333333
520.666667 359.666667
520.000000 355.666667
519.000000 351.000000
518.000000 346.000000
517.000000 341.000000
516.333333 336.000000
515.666667 331.000000
515.000000 326.000000
514.000000 321.333333
513.000000 317.000000
512.000000 313.000000
511.000000 309.000000
510.000000 305.000000
508.666667 301.000000
507.000000 297.000000
504.666667 292.666667
502.000000 288.000000
498.666667 283.000000
495.333333 278.333333
492.000000 273.666667
489.000000 269.333333
485.666667 265.000000
482.333333 261.000000
479.000000 257.000000
475.666667 253.000000
471.666667 249.000000
467.000000 245.000000
461.666667 241.333333
456.000000 237.666667
450.333333 234.000000
444.666667 230.333333
439.000000 226.666667
433.000000 223.333333
426.666667 220.000000
420.333333 217.000000
413.666667 214.333333
407.333333 211.666667
401.000000 209.333333
395.000000 207.333333
389.000000 205.666667
382.666667 204.333333
376.000000 203.000000
369.000000 201.666667
362.000000 200.333333
355.000000 199.000000
348.333333 198.000000
341.666667 197.000000
335.333333 196.000000
320.666667 195.666667
306.666667 196.000000
293.000000 197.333333
288.000000 198.666667
283.000000 200.333333
278.000000 201.666667
273.333333 203.333333
268.666667 205.000000
264.000000 207.000000
259.333333 209.000000
254.666667 211.666667
250.333333 214.666667
245.666667 218.000000
241.333333 221.333333
236.666667 225.000000
232.333333 228.666667
228.000000 232.333333
223.666667 235.666667
219.333333 239.333333
213.666667 244.333333
208.333333 250.000000
203.333333 256.333333
199.666667 262.000000
196.333333 267.666667
193.000000 273.333333
190.333333 278.666667
188.000000 284.333333
186.000000 289.666667
184.000000 295.000000
182.666667 300.000000
181.666667 305.333333
181.333333 310.666667
181.000000 316.333333
181.000000 321.666667
181.333333 327.000000
181.666667 332.666667
182.333333 338.666667
183.000000 345.333333
184.000000 351.666667
185.000000 358.333333
186.333333 364.666667
188.000000 371.666667
190.000000 379.000000
192.333333 386.666667
195.000000 394.333333
198.333333 401.666667
202.000000 409.333333
206.000000 417.000000
210.333333 425.333333
215.000000 433.666667
220.000000 442.000000
225.000000 450.000000
230.000000 458.333333
235.000000 467.000000
240.000000 476.666667
245.333333 486.666667
251.000000 497.000000
257.333333 507.000000
264.000000 517.333333
271.333333 527.666667
279.000000 538.333333
287.666667 549.000000
297.000000 560.000000
307.333333 571.000000
318.000000 582.333333
329.333333 593.666667
341.000000 605.000000
353.000000 615.666667
364.666667 626.000000
376.333333 636.333333
387.666667 646.333333
399.000000 656.000000
409.666667 664.666667
420.000000 673.666667
430.000000 682.666667
439.666667 691.666667
449.000000 700.333333
457.666667 709.000000
465.666667 717.666667
472.666667 726.000000
479.333333 733.666667
485.666667 741.333333
491.666667 748.333333
497.333333 754.666667
502.333333 760.000000
507.333333 764.666667
511.333333 768.666667
515.333333 772.000000
518.333333 774.666667
521.333333 777.000000
523.666667 779.000000
526.333333 781.000000
528.333333 783.000000
530.333333 784.666667
531.666667 786.000000
533.000000 787.000000
533.666667 788.000000
534.666667 789.000000
535.333333 790.000000
536.333333 791.000000
