970.333333 385.000000
970.000000 384.000000
970.333333 382.666667
970.666667 381.333333
971.333333 379.333333
972.000000 377.333333
972.666667 375.000000
973.333333 372.666667
974.000000 370.000000
974.666667 366.666667
975.000000 363.333333
975.000000 359.666667
974.666667 356.333333
974.000000 352.666667
973.000000 349.000000
972.000000 345.000000
970.666667 341.000000
969.333333 337.000000
967.666667 332.666667
966.333333 328.333333
964.666667 324.333333
963.000000 320.666667
961.333333 317.000000
959.666667 313.000000
958.000000 309.000000
956.000000 305.333333
954.000000 301.666667
951.666667 298.000000
949.000000 293.666667
945.666667 289.333333
941.666667 284.666667
937.333333 280.000000
933.000000 275.000000
929.000000 270.000000
925.000000 265.000000
921.333333 260.333333
918.000000 256.000000
915.333333 251.666667
912.666667 247.666667
910.333333 243.333333
907.666667 239.666667
905.333333 235.333333
902.666667 231.333333
900.000000 227.000000
896.666667 223.000000
892.666667 219.000000
888.333333 215.333333
884.333333 212.000000
880.666667 209.000000
877.333333 206.000000
874.000000 203.000000
871.000000 200.333333
868.333333 198.000000
865.666667 196.000000
862.666667 194.000000
859.333333 192.000000
855.666667 189.666667
851.666667 187.333333
847.000000 185.000000
842.000000 183.000000
837.333333 181.333333
833.000000 180.000000
829.000000 178.666667
825.333333 177.333333
821.666667 176.000000
817.333333 175.000000
807.333333 174.666667
797.333333 175.000000
787.666667 176.000000
783.333333 177.000000
779.000000 178.333333
775.000000 180.000000
767.333333 184.333333
759.333333 189.333333
750.666667 195.000000
745.333333 199.000000
739.666667 203.333333
734.333333 208.000000
727.666667 215.000000
721.333333 222.333333
715.333333 229.333333
711.000000 234.333333
707.333333 238.666667
704.000000 243.333333
701.000000 247.666667
698.333333 252.000000
696.333333 256.000000
694.666667 259.666667
693.333333 263.000000
691.666667 266.000000
690.333333 269.000000
689.000000 272.000000
688.000000 275.000000
687.333333 278.333333
686.666667 281.666667
686.333333 285.333333
686.000000 289.333333
686.000000 293.666667
686.000000 298.333333
686.000000 303.000000
686.000000 308.000000
686.000000 313.000000
686.000000 318.000000
686.000000 322.666667
686.000000 327.333333
686.000000 331.666667
686.333333 336.333333
686.666667 340.666667
687.333333 345.666667
687.666667 351.000000
688.333333 357.000000
688.666667 363.000000
689.000000 369.333333
689.333333 375.666667
690.000000 382.333333
691.333333 388.666667
693.000000 395.000000
695.333333 401.000000
697.666667 407.333333
699.666667 413.333333
701.333333 419.333333
703.000000 424.666667
705.333333 430.333333
707.666667 436.000000
710.000000 442.333333
712.000000 448.666667
714.000000 455.333333
716.000000 462.000000
718.000000 469.000000
720.333333 476.000000
723.000000 483.666667
726.000000 491.666667
729.333333 500.333333
733.666667 509.000000
738.666667 518.000000
744.000000 527.000000
749.333333 536.000000
754.666667 545.333333
760.000000 554.666667
765.000000 563.666667
770.000000 572.333333
775.666667 581.000000
782.333333 589.666667
789.666667 598.333333
796.666667 606.666667
803.000000 614.666667
809.000000 622.333333
816.000000 630.333333
823.333333 639.000000
831.333333 648.000000
838.666667 656.666667
846.000000 664.666667
853.000000 672.000000
860.333333 679.666667
868.000000 688.000000
876.333333 697.000000
884.333333 705.666667
892.333333 714.000000
899.666667 722.000000
906.666667 730.000000
913.333333 738.000000
919.666667 745.666667
926.000000 753.000000
932.333333 759.666667
938.333333 765.333333
944.000000 770.333333
949.000000 774.666667
954.000000 779.000000
961.333333 786.000000
969.000000 794.000000
977.000000 803.000000
982.666667 809.666667
988.000000 816.000000
993.000000 822.000000
997.666667 827.333333
1001.666667 832.333333
1005.000000 836.666667
1007.666667 840.666667
1009.666667 844.000000
1011.000000 846.666667
1012.000000 848.666667
1012.666667 850.000000
1013.333333 851.000000
1013.666667 852.000000
1014.333333 853.000000
1015.666667 853.000000
