879.000000 378.333333
879.000000 375.666667
879.000000 373.000000
879.000000 370.000000
879.333333 367.000000
879.666667 364.000000
880.333333 360.666667
880.666667 357.000000
881.333333 353.000000
882.000000 349.333333
883.000000 345.666667
884.000000 342.000000
885.000000 338.000000
886.333333 334.000000
888.000000 330.000000
890.000000 325.666667
892.000000 321.333333
894.000000 316.666667
896.333333 312.000000
898.666667 307.333333
901.333333 302.666667
903.666667 298.333333
906.333333 294.000000
909.000000 290.000000
912.000000 285.666667
915.000000 281.000000
918.333333 276.000000
921.666667 271.333333
925.333333 267.000000
929.000000 263.000000
933.000000 259.333333
937.000000 255.666667
941.000000 252.333333
944.666667 249.000000
948.333333 246.000000
952.000000 243.000000
956.000000 240.000000
960.333333 236.666667
964.666667 233.000000
969.666667 229.000000
974.666667 224.666667
980.333333 220.666667
985.666667 216.666667
990.666667 213.000000
995.000000 209.333333
999.333333 206.000000
1003.666667 203.000000
1009.666667 199.000000
1015.666667 195.000000
1022.000000 191.333333
1027.000000 188.666667
1032.000000 186.333333
1036.666667 184.000000
1041.000000 182.000000
1045.000000 180.000000
1048.666667 178.333333
1052.000000 176.666667
1055.333333 175.000000
1059.000000 173.333333
1063.000000 172.000000
1067.333333 171.000000
1072.000000 170.000000
1077.000000 169.000000
1089.000000 168.666667
1101.000000 169.000000
1113.000000 170.000000
1118.333333 171.333333
1123.666667 173.000000
1129.000000 175.000000
1134.000000 176.666667
1138.666667 178.333333
1143.000000 180.000000
1147.000000 182.000000
1151.000000 184.333333
1155.000000 186.666667
1158.666667 189.333333
1162.333333 192.000000
1166.333333 194.666667
1170.333333 197.333333
1174.333333 200.000000
1177.666667 203.333333
1181.333333 207.000000
1184.666667 210.666667
1188.000000 214.333333
1190.666667 218.000000
1193.333333 222.000000
1195.333333 226.333333
1197.333333 230.666667
1198.666667 235.666667
1200.333333 240.666667
1201.666667 246.666667
1203.000000 252.666667
1204.000000 259.000000
1204.666667 265.000000
1205.333333 271.000000
1206.000000 276.666667
1207.000000 282.333333
1207.666667 288.000000
1208.000000 293.666667
1208.333333 299.333333
1208.666667 305.000000
1209.000000 311.333333
1209.000000 317.666667
1209.000000 324.000000
1208.666667 330.333333
1208.333333 336.666667
1207.666667 343.333333
1207.000000 350.000000
1206.000000 356.666667
1205.000000 363.000000
1204.000000 368.666667
1202.666667 374.333333
1201.333333 379.666667
1199.000000 386.666667
1196.333333 393.333333
1193.000000 400.000000
1190.000000 405.000000
1186.666667 410.000000
1183.000000 415.000000
1179.000000 419.666667
1175.000000 424.333333
1171.000000 429.333333
1167.000000 435.000000
1163.333333 440.666667
1159.666667 446.333333
1156.333333 451.666667
1153.000000 457.000000
1150.333333 462.000000
1147.666667 466.666667
1145.000000 471.000000
1142.000000 475.333333
1138.666667 479.333333
1135.333333 483.666667
1131.666667 487.666667
1127.666667 492.333333
1123.333333 497.000000
1119.000000 502.333333
1115.000000 507.666667
1111.000000 513.333333
1107.333333 519.000000
1103.666667 524.666667
1100.000000 530.666667
1096.000000 536.666667
1092.000000 543.000000
1087.666667 549.333333
1082.666667 556.000000
1077.000000 562.666667
1071.000000 569.333333
1064.666667 576.333333
1058.000000 584.333333
1050.666667 593.000000
1042.666667 602.000000
1034.333333 610.666667
1026.333333 619.000000
1019.000000 627.333333
1012.000000 635.666667
1005.333333 644.000000
998.666667 652.000000
992.666667 659.333333
986.666667 666.333333
981.000000 673.333333
975.333333 680.666667
970.000000 688.666667
965.000000 696.666667
960.333333 704.666667
956.000000 711.666667
951.666667 718.666667
947.000000 725.666667
942.000000 733.000000
937.000000 739.666667
932.000000 746.333333
927.000000 752.666667
922.333333 759.000000
918.000000 764.666667
914.000000 770.000000
909.666667 775.333333
905.333333 780.666667
901.000000 786.000000
897.000000 791.000000
893.000000 796.000000
889.333333 800.666667
885.666667 805.000000
882.666667 808.666667
880.000000 811.666667
878.000000 814.000000
876.000000 815.666667
874.333333 817.000000
873.000000 818.000000
872.000000 819.000000
870.666667 819.333333
