655.000000 370.000000
654.000000 369.000000
653.000000 368.000000
652.333333 367.000000
651.666667 366.000000
651.333333 364.666667
651.000000 363.333333
650.666667 362.000000
650.333333 360.666667
650.333333 359.000000
650.666667 357.000000
651.000000 355.333333
651.333333 353.333333
652.000000 351.333333
653.333333 348.666667
654.666667 346.333333
656.333333 343.666667
657.666667 341.000000
659.333333 338.000000
660.666667 335.000000
662.000000 331.666667
663.000000 328.333333
664.000000 324.666667
665.000000 321.000000
666.000000 316.666667
667.000000 312.333333
668.000000 308.333333
669.000000 304.666667
670.000000 301.000000
671.000000 297.333333
672.000000 293.666667
673.000000 290.000000
674.333333 286.000000
676.000000 282.000000
678.000000 278.000000
680.000000 274.000000
682.000000 269.666667
684.333333 265.333333
687.000000 261.333333
690.333333 257.666667
693.666667 254.000000
697.333333 250.333333
701.000000 246.666667
705.000000 243.333333
708.666667 239.333333
712.333333 235.666667
715.666667 231.333333
719.000000 227.333333
722.333333 223.000000
726.333333 219.000000
731.000000 215.000000
736.000000 211.333333
741.333333 208.333333
746.666667 205.666667
752.000000 203.333333
756.666667 201.333333
761.333333 199.666667
766.333333 198.000000
771.666667 195.666667
777.333333 193.666667
782.666667 191.666667
788.333333 190.000000
793.666667 188.333333
798.666667 186.666667
802.666667 185.333333
806.333333 184.000000
809.333333 183.000000
812.333333 182.000000
815.000000 181.000000
818.333333 180.000000
823.333333 179.000000
828.666667 178.000000
838.333333 177.000000
851.000000 176.666667
867.333333 177.000000
879.333333 178.000000
888.333333 179.000000
893.666667 180.000000
898.666667 181.000000
902.000000 182.000000
905.000000 183.000000
908.000000 184.333333
911.000000 186.000000
914.333333 187.666667
918.000000 189.333333
921.666667 190.666667
925.333333 192.333333
929.000000 193.666667
933.000000 195.000000
937.000000 196.333333
940.666667 198.000000
944.000000 200.000000
947.333333 202.333333
950.333333 204.666667
954.666667 209.000000
958.666667 213.666667
962.666667 218.666667
965.333333 222.333333
967.666667 226.000000
970.000000 229.333333
971.666667 232.000000
973.666667 234.000000
975.666667 236.333333
978.000000 238.666667
979.666667 241.000000
981.333333 243.000000
983.000000 245.666667
985.000000 248.666667
987.000000 252.666667
989.000000 257.000000
991.000000 262.000000
992.666667 267.333333
994.000000 272.666667
995.000000 278.000000
996.000000 283.000000
997.000000 288.333333
997.666667 294.000000
998.333333 300.000000
998.666667 305.666667
999.000000 311.333333
999.000000 317.000000
999.000000 322.666667
998.666667 327.666667
997.666667 332.333333
996.333333 337.000000
994.666667 342.333333
993.333333 347.666667
991.666667 353.333333
989.666667 358.666667
987.333333 364.000000
985.000000 369.333333
983.000000 374.666667
981.000000 380.333333
979.000000 385.666667
977.000000 390.666667
975.000000 395.000000
973.000000 399.000000
971.333333 403.333333
969.666667 407.666667
968.333333 412.000000
967.000000 416.000000
965.666667 420.000000
964.333333 424.000000
963.000000 428.000000
962.000000 432.000000
960.666667 436.000000
959.000000 440.333333
957.000000 445.333333
955.000000 451.000000
952.666667 457.000000
950.000000 462.666667
947.000000 468.333333
944.000000 473.666667
941.000000 479.000000
937.666667 484.000000
934.000000 489.333333
930.000000 494.666667
926.333333 500.333333
923.000000 505.666667
920.000000 511.333333
917.000000 516.666667
914.000000 521.666667
911.000000 526.333333
908.000000 530.666667
905.000000 535.333333
901.666667 540.333333
898.000000 545.666667
894.000000 551.333333
890.000000 556.666667
886.000000 562.000000
882.333333 567.000000
878.666667 571.666667
875.333333 576.666667
872.000000 581.333333
869.000000 586.666667
866.000000 591.666667
863.333333 597.333333
860.666667 602.666667
858.000000 607.666667
855.333333 612.333333
852.666667 616.666667
850.000000 621.000000
846.666667 625.000000
843.000000 629.000000
839.000000 633.333333
835.000000 637.666667
831.000000 642.333333
827.333333 647.000000
824.000000 652.000000
821.000000 656.666667
818.000000 661.000000
815.333333 665.000000
812.666667 669.000000
810.333333 672.666667
807.333333 676.333333
804.333333 680.000000
800.666667 684.333333
797.000000 689.000000
793.000000 693.666667
789.000000 698.333333
785.333333 702.666667
782.000000 707.000000
779.000000 711.000000
776.000000 715.000000
773.000000 719.000000
770.333333 722.666667
767.666667 726.333333
765.333333 730.333333
763.000000 734.666667
760.666667 739.000000
758.000000 743.000000
754.666667 747.000000
751.333333 751.000000
748.000000 755.000000
745.000000 758.666667
742.000000 762.000000
739.333333 765.000000
736.666667 767.666667
734.000000 770.000000
731.333333 772.333333
729.333333 774.333333
727.666667 776.333333
726.333333 777.666667
725.000000 779.000000
724.000000 780.000000
723.000000 781.000000
722.333333 782.000000
721.666667 783.000000
721.333333 784.000000
720.666667 785.000000
