950.000000 375.000000
950.000000 374.000000
929.666667 372.666667
909.333333 371.333333
888.666667 369.666667
888.333333 367.666667
888.000000 365.333333
888.333333 363.000000
888.666667 361.333333
889.333333 359.333333
890.000000 357.333333
891.000000 355.000000
892.000000 352.666667
893.000000 350.333333
894.000000 348.000000
894.666667 345.666667
895.333333 343.000000
896.000000 339.666667
897.000000 336.333333
897.666667 333.000000
898.333333 330.000000
899.333333 327.333333
900.666667 324.666667
901.666667 322.333333
902.333333 320.000000
903.000000 318.333333
903.666667 316.666667
904.333333 315.333333
905.000000 313.666667
906.000000 312.000000
907.000000 310.333333
907.666667 309.000000
908.000000 307.666667
908.333333 306.333333
908.666667 305.000000
909.333333 304.000000
910.000000 303.000000
910.666667 302.000000
911.333333 301.000000
911.666667 300.000000
912.333333 299.000000
913.000000 297.666667
914.000000 296.000000
915.333333 294.000000
917.000000 291.666667
919.000000 289.333333
920.666667 287.000000
922.666667 284.333333
924.666667 281.333333
927.000000 278.333333
928.666667 276.000000
930.666667 273.666667
932.666667 271.000000
935.333333 268.000000
937.666667 265.000000
940.000000 262.333333
942.000000 260.000000
944.000000 258.000000
946.000000 256.000000
947.666667 254.333333
949.000000 252.666667
950.333333 251.333333
951.666667 250.000000
953.333333 248.666667
955.000000 247.333333
956.666667 245.666667
958.666667 244.333333
960.666667 242.666667
963.000000 241.333333
964.666667 239.666667
966.333333 238.333333
967.666667 237.000000
969.333333 235.666667
970.666667 234.333333
972.333333 232.666667
973.666667 231.333333
975.666667 229.333333
977.666667 227.000000
979.333333 224.666667
981.000000 223.000000
983.000000 221.666667
985.666667 220.333333
988.000000 218.333333
990.000000 216.666667
992.000000 214.666667
994.000000 213.000000
996.333333 210.666667
998.666667 208.333333
1000.666667 206.000000
1002.000000 204.000000
1003.000000 202.333333
1004.000000 201.000000
1005.333333 200.000000
1006.666667 199.000000
1008.333333 198.000000
1010.000000 196.666667
1012.000000 195.333333
1014.333333 193.666667
1017.000000 192.333333
1020.000000 191.000000
1022.666667 189.666667
1026.333333 188.333333
1030.000000 187.000000
1033.666667 185.666667
1036.333333 184.333333
1038.666667 183.000000
1041.000000 182.000000
1043.000000 180.666667
1045.000000 179.333333
1047.000000 178.000000
1049.000000 177.000000
1051.000000 175.666667
1053.000000 174.333333
1055.000000 173.000000
1057.333333 171.666667
1059.666667 170.333333
1062.333333 169.000000
1064.666667 168.000000
1067.333333 167.000000
1070.000000 166.000000
1073.666667 165.000000
1077.333333 164.000000
1081.000000 163.000000
1085.000000 162.000000
1089.000000 161.000000
1093.666667 160.000000
1097.333333 159.000000
1102.000000 158.000000
1108.000000 157.000000
1115.333333 156.666667
1124.000000 157.000000
1131.333333 158.000000
1136.666667 159.000000
1139.666667 160.000000
1142.333333 161.000000
1145.000000 162.000000
1147.333333 163.000000
1148.666667 164.000000
1150.333333 165.000000
1152.000000 166.000000
1154.000000 167.000000
1156.000000 168.000000
1158.333333 169.000000
1160.666667 170.000000
1163.333333 171.333333
1166.000000 172.666667
1169.000000 174.333333
1172.000000 175.666667
1175.000000 177.000000
1178.333333 178.333333
1181.666667 179.666667
1184.666667 181.333333
1187.333333 182.666667
1190.000000 184.000000
1192.666667 185.333333
1194.666667 186.666667
1196.333333 188.000000
1198.000000 189.000000
1200.000000 190.000000
1202.000000 191.000000
1203.666667 192.000000
1205.333333 193.000000
1207.000000 194.000000
1209.000000 195.333333
1211.333333 196.666667
1213.666667 198.000000
1216.000000 199.000000
1218.333333 200.333333
1220.666667 201.666667
1223.000000 203.333333
1225.000000 205.000000
1227.000000 207.000000
1229.333333 209.333333
1231.333333 211.666667
1233.333333 214.000000
1235.000000 216.333333
1236.666667 218.666667
1238.333333 221.333333
1239.666667 223.666667
1241.000000 226.000000
1242.000000 228.000000
1243.000000 230.000000
1243.666667 231.666667
1244.666667 233.333333
1245.333333 235.000000
1246.333333 237.000000
1247.000000 239.000000
1248.000000 241.000000
1249.000000 243.000000
1250.000000 245.333333
1251.000000 247.666667
1252.000000 250.000000
1253.000000 252.000000
1254.000000 254.000000
1255.000000 256.000000
1255.666667 258.000000
1256.333333 260.000000
1257.000000 262.000000
1258.000000 264.000000
1258.666667 266.000000
1259.333333 268.000000
1260.000000 270.333333
1261.000000 273.000000
1262.000000 275.666667
1262.666667 278.333333
1263.333333 280.666667
1264.000000 283.000000
1265.000000 285.000000
1265.666667 286.666667
1266.333333 288.333333
1266.666667 290.000000
1267.333333 292.000000
1267.666667 293.666667
1268.000000 295.333333
1268.000000 297.000000
1268.000000 298.666667
1268.000000 300.333333
1268.333333 302.000000
1268.666667 304.000000
1269.000000 306.000000
1269.333333 307.666667
1269.666667 309.333333
1270.000000 311.000000
1270.333333 312.666667
1270.666667 314.333333
1271.000000 316.000000
1271.000000 318.000000
1271.333333 320.000000
1271.666667 322.000000
1272.000000 324.000000
1272.333333 326.000000
1272.666667 328.000000
1273.000000 330.333333
1273.000000 332.333333
1273.000000 334.333333
1273.000000 336.333333
1273.000000 338.333333
1273.000000 340.333333
1273.333333 342.333333
1273.666667 344.666667
1274.000000 347.000000
1274.000000 349.000000
1274.000000 351.000000
1274.000000 353.333333
1274.000000 356.000000
1274.000000 359.000000
1274.000000 362.000000
1274.000000 365.000000
1274.000000 368.333333
1274.000000 371.333333
1273.666667 374.333333
1273.333333 377.000000
1273.000000 379.666667
1272.666667 382.000000
1272.333333 384.000000
1272.000000 385.666667
1271.666667 387.333333
1271.333333 389.000000
1270.666667 391.333333
1270.000000 393.666667
1269.000000 396.666667
1267.666667 399.666667
1266.333333 403.333333
1265.000000 407.000000
1264.000000 411.000000
1263.000000 415.000000
1261.666667 418.666667
1260.333333 422.333333
1259.000000 425.666667
1258.000000 428.666667
1257.000000 431.333333
1256.000000 434.000000
1254.666667 436.666667
1253.333333 439.333333
1251.666667 442.333333
1250.000000 446.000000
1248.000000 450.000000
1246.000000 454.333333
1244.000000 458.666667
1241.666667 463.333333
1239.333333 467.666667
1236.666667 472.333333
1234.333333 476.666667
1231.666667 480.666667
1229.000000 484.333333
1226.000000 488.000000
1223.333333 491.666667
1221.000000 495.333333
1218.666667 498.666667
1216.333333 502.000000
1214.000000 505.000000
1212.000000 508.333333
1210.000000 511.666667
1208.000000 515.333333
1206.000000 518.666667
1204.000000 522.000000
1202.000000 525.333333
1200.333333 528.333333
1199.000000 531.333333
1197.666667 534.000000
1196.333333 537.000000
1194.666667 540.000000
1193.000000 543.000000
1191.333333 545.666667
1189.666667 548.333333
1188.000000 551.000000
1186.000000 554.333333
1183.666667 557.666667
1181.000000 561.333333
1178.333333 564.666667
1175.666667 568.000000
1173.000000 571.000000
1170.333333 574.000000
1167.666667 577.000000
1165.333333 580.000000
1162.666667 583.000000
1160.333333 586.000000
1158.000000 589.333333
1155.666667 593.000000
1153.333333 597.000000
1151.000000 601.000000
1148.666667 604.666667
1146.000000 608.333333
1143.333333 612.000000
1140.666667 615.666667
1137.666667 619.333333
1134.333333 622.666667
1130.666667 626.000000
1127.000000 629.000000
1123.333333 632.000000
1120.000000 635.000000
1117.000000 638.000000
1114.000000 641.000000
1111.000000 644.333333
1108.333333 647.666667
1106.000000 651.000000
1103.666667 654.000000
1101.333333 657.000000
1099.000000 660.000000
1096.666667 663.000000
1094.333333 665.666667
1091.666667 668.333333
1089.000000 671.000000
1085.666667 673.666667
1082.666667 676.000000
1079.666667 678.000000
1077.000000 680.333333
1074.000000 682.666667
1071.333333 685.000000
1068.666667 687.000000
1066.333333 689.333333
1063.666667 692.000000
1061.666667 695.000000
1059.666667 698.000000
1058.000000 700.666667
1056.333333 703.333333
1054.666667 705.666667
1053.333333 708.000000
1051.666667 710.000000
1050.333333 711.666667
1048.666667 713.333333
1047.000000 715.000000
1044.666667 717.333333
1042.333333 719.666667
1039.666667 721.666667
1037.000000 723.333333
1034.333333 725.000000
1031.666667 727.000000
1029.333333 729.000000
1027.000000 730.666667
1025.000000 732.333333
1023.000000 734.333333
1021.000000 736.333333
1019.000000 738.666667
1017.000000 741.000000
1015.000000 744.000000
1013.000000 747.000000
1010.666667 750.000000
1008.333333 753.000000
1006.000000 756.333333
1003.666667 759.666667
1001.000000 763.000000
998.333333 766.000000
995.666667 769.000000
992.666667 772.000000
989.666667 774.666667
986.666667 777.000000
984.000000 779.333333
981.000000 781.666667
978.333333 784.333333
976.000000 787.000000
973.666667 790.000000
971.333333 793.000000
969.000000 796.333333
967.000000 799.666667
965.000000 803.000000
963.333333 806.000000
961.666667 809.000000
960.666667 811.666667
959.666667 814.000000
959.000000 816.000000
958.333333 817.666667
957.666667 819.333333
957.333333 820.666667
957.000000 822.333333
956.666667 823.666667
956.333333 825.000000
956.000000 826.333333
956.000000 827.666667
956.000000 829.000000
956.000000 830.000000
955.666667 831.000000
955.333333 832.000000
