680.333333 366.333333
684.333333 364.333333
684.000000 362.333333
684.000000 359.666667
684.000000 357.000000
683.666667 354.000000
683.666667 350.666667
683.666667 347.000000
684.000000 343.000000
684.000000 339.000000
684.333333 335.000000
684.666667 331.000000
685.000000 327.000000
685.000000 323.000000
685.000000 319.000000
685.000000 315.000000
685.000000 311.000000
685.000000 307.333333
685.000000 304.000000
685.000000 300.333333
684.666667 296.333333
684.333333 292.333333
683.666667 288.333333
683.000000 284.000000
682.000000 279.333333
680.666667 274.666667
679.000000 270.000000
677.000000 265.000000
674.666667 259.666667
672.000000 254.333333
668.666667 249.000000
664.666667 243.333333
660.333333 238.000000
655.666667 232.666667
651.000000 227.666667
646.000000 222.666667
641.000000 218.000000
636.333333 214.000000
632.000000 210.333333
627.666667 206.666667
623.333333 203.333333
618.666667 199.666667
614.000000 196.666667
609.000000 193.666667
604.000000 191.000000
598.666667 188.000000
593.666667 185.333333
588.333333 182.666667
583.000000 180.000000
577.000000 177.000000
570.666667 174.000000
564.000000 171.333333
556.666667 168.666667
549.333333 166.333333
542.333333 164.000000
535.333333 162.333333
528.333333 161.000000
520.666667 160.000000
513.333333 159.000000
504.000000 158.000000
492.666667 157.000000
473.666667 156.666667
456.666667 157.000000
441.666667 158.333333
434.666667 160.000000
428.000000 162.000000
422.000000 164.333333
416.000000 166.666667
410.333333 169.333333
405.333333 172.000000
401.000000 175.000000
397.333333 178.000000
394.000000 181.000000
391.000000 184.333333
388.000000 188.333333
385.000000 193.333333
382.333333 199.000000
380.000000 204.666667
378.333333 210.333333
376.666667 216.000000
375.333333 222.000000
374.000000 228.000000
373.333333 234.333333
372.666667 240.666667
372.333333 247.000000
372.000000 253.333333
372.000000 259.666667
372.000000 266.000000
372.000000 272.666667
372.333333 279.333333
373.000000 286.333333
373.666667 292.666667
374.333333 299.333333
374.666667 306.000000
375.333333 313.000000
376.000000 320.000000
377.000000 327.333333
378.333333 334.666667
379.666667 342.333333
381.333333 349.666667
383.333333 357.333333
386.000000 364.666667
389.000000 372.000000
392.333333 378.666667
396.333333 385.333333
401.333333 391.666667
407.000000 399.000000
413.000000 406.666667
419.000000 415.333333
424.666667 424.666667
430.666667 434.666667
436.666667 445.333333
443.333333 455.666667
450.000000 466.666667
457.000000 477.333333
464.000000 488.000000
471.333333 498.000000
479.000000 507.666667
487.333333 517.333333
496.333333 527.000000
505.666667 537.333333
515.000000 548.000000
524.666667 559.000000
534.666667 570.666667
545.000000 582.666667
554.666667 595.000000
563.666667 606.666667
572.333333 618.000000
580.666667 629.000000
589.000000 639.666667
596.666667 649.666667
604.000000 659.000000
611.000000 668.000000
617.666667 677.000000
624.333333 685.666667
630.666667 694.000000
637.000000 702.000000
643.000000 710.000000
648.666667 718.333333
654.000000 726.333333
658.666667 734.333333
663.000000 741.333333
667.000000 748.333333
670.666667 754.333333
674.333333 760.000000
678.333333 765.333333
682.666667 770.333333
687.333333 775.333333
692.000000 779.666667
696.333333 783.666667
700.000000 787.000000
702.666667 789.666667
705.000000 792.000000
706.666667 793.666667
708.000000 795.000000
709.000000 796.000000
709.666667 797.000000
710.333333 798.000000
