1144.666667 394.000000
1144.000000 393.000000
1143.000000 392.000000
1142.333333 391.000000
1141.666667 390.000000
1141.333333 389.000000
1140.666667 387.666667
1140.333333 386.333333
1139.666667 384.666667
1139.333333 383.000000
1139.333333 381.000000
1139.666667 378.666667
1140.333333 376.000000
1140.666667 373.000000
1141.333333 369.666667
1142.000000 366.000000
1143.000000 362.000000
1144.333333 358.000000
1145.666667 354.000000
1147.000000 350.333333
1148.000000 346.666667
1149.333333 342.333333
1150.666667 337.333333
1152.000000 332.000000
1153.333333 326.666667
1154.666667 321.000000
1156.333333 315.333333
1158.000000 310.000000
1160.333333 305.333333
1163.000000 300.666667
1166.000000 296.000000
1169.333333 290.666667
1172.666667 285.000000
1176.333333 279.333333
1180.000000 273.666667
1183.666667 268.333333
1187.000000 263.333333
1190.333333 258.666667
1193.333333 254.333333
1196.333333 250.000000
1199.000000 246.333333
1202.000000 242.666667
1205.333333 239.000000
1209.000000 234.666667
1213.000000 230.333333
1217.000000 225.666667
1221.000000 221.333333
1225.333333 216.666667
1230.000000 212.666667
1234.666667 208.666667
1238.666667 205.333333
1242.333333 202.000000
1245.666667 199.000000
1249.333333 196.333333
1253.000000 193.666667
1257.333333 191.000000
1262.000000 188.000000
1267.000000 185.000000
1272.000000 182.000000
1277.000000 179.000000
1282.000000 176.000000
1287.000000 172.666667
1292.000000 169.333333
1297.666667 166.000000
1304.000000 163.000000
1311.000000 160.333333
1318.000000 157.666667
1324.666667 155.666667
1331.000000 153.666667
1337.000000 152.000000
1343.666667 150.333333
1350.666667 149.000000
1358.333333 148.000000
1368.000000 147.000000
1383.666667 146.666667
1398.666667 147.000000
1411.000000 148.000000
1417.000000 149.000000
1422.666667 150.333333
1427.666667 152.000000
1432.000000 153.666667
1435.666667 155.666667
1439.333333 158.000000
1443.000000 161.000000
1447.000000 164.333333
1451.333333 168.000000
1455.666667 172.000000
1460.333333 176.333333
1465.000000 180.666667
1469.666667 184.666667
1474.000000 188.333333
1477.666667 191.666667
1481.000000 195.333333
1484.000000 199.333333
1487.000000 204.000000
1489.666667 209.000000
1492.000000 214.000000
1493.666667 219.333333
1495.000000 224.666667
1496.000000 230.000000
1497.000000 235.000000
1498.000000 240.333333
1498.666667 246.000000
1499.333333 252.333333
1499.666667 258.666667
1500.333333 265.333333
1500.666667 271.666667
1501.000000 278.333333
1500.666667 285.000000
1500.333333 292.000000
1500.000000 299.333333
1499.666667 306.666667
1499.000000 314.000000
1498.333333 321.000000
1497.666667 328.000000
1497.000000 334.666667
1496.000000 341.333333
1495.000000 348.333333
1494.000000 355.333333
1493.000000 362.333333
1492.000000 368.666667
1491.000000 375.000000
1490.333333 380.666667
1489.666667 386.333333
1489.000000 391.666667
1488.000000 397.333333
1487.000000 402.666667
1486.000000 408.333333
1485.000000 413.666667
1483.666667 419.000000
1482.333333 423.666667
1480.333333 428.333333
1478.000000 432.666667
1474.666667 437.333333
1471.000000 442.333333
1467.000000 448.000000
1462.666667 453.666667
1458.333333 459.333333
1454.000000 465.000000
1450.333333 470.333333
1446.666667 475.333333
1443.333333 480.000000
1439.666667 485.000000
1436.000000 490.333333
1431.333333 496.333333
1425.666667 503.000000
1419.333333 509.666667
1413.000000 516.000000
1407.333333 522.333333
1402.000000 529.000000
1397.000000 535.666667
1392.333333 542.333333
1387.333333 549.000000
1382.000000 556.000000
1376.000000 562.666667
1370.333333 568.666667
1364.666667 574.000000
1359.333333 579.000000
1354.000000 584.000000
1348.666667 589.333333
1342.666667 595.333333
1335.333333 602.000000
1327.333333 609.000000
1319.666667 615.333333
1312.666667 621.333333
1306.333333 627.000000
1299.666667 633.333333
1292.666667 640.000000
1285.000000 647.000000
1277.333333 654.000000
1270.000000 660.333333
1263.666667 666.333333
1257.666667 671.666667
1251.333333 677.666667
1243.666667 684.000000
1235.333333 691.000000
1227.000000 697.666667
1219.333333 704.000000
1212.333333 710.000000
1205.666667 715.666667
1199.000000 721.000000
1191.666667 726.000000
1184.000000 730.666667
1176.666667 735.000000
1170.333333 739.000000
1165.333333 742.666667
1161.000000 746.000000
1157.333333 749.000000
1153.666667 752.333333
1150.333333 755.666667
1147.000000 758.666667
1144.666667 761.000000
1142.666667 762.666667
1141.333333 764.333333
1139.666667 765.666667
1138.666667 767.000000
1137.666667 768.000000
1137.000000 768.333333
1136.333333 768.000000
