732.333333 340.333333
732.666667 337.000000
733.000000 333.000000
733.000000 328.333333
732.666667 323.000000
732.333333 317.000000
732.000000 310.333333
731.666667 303.333333
731.000000 295.666667
729.666667 287.666667
727.666667 279.000000
725.000000 270.000000
721.666667 261.000000
717.333333 252.000000
712.000000 243.000000
705.333333 233.666667
698.333333 224.333333
690.333333 215.000000
682.000000 206.000000
672.666667 196.666667
663.000000 187.666667
653.000000 178.666667
643.333333 170.666667
633.666667 163.000000
624.000000 156.333333
614.000000 150.666667
604.333333 146.000000
595.000000 142.000000
586.000000 138.333333
577.000000 135.333333
568.000000 133.000000
556.666667 131.333333
543.333333 130.666667
530.666667 131.333333
521.000000 133.000000
513.666667 135.000000
506.333333 137.000000
499.000000 139.333333
491.666667 142.000000
484.000000 145.333333
475.666667 149.333333
467.333333 154.000000
459.000000 159.000000
451.000000 164.666667
443.333333 171.000000
436.000000 178.333333
429.000000 186.333333
422.333333 195.333333
416.000000 205.000000
410.666667 214.666667
406.000000 224.333333
402.666667 233.666667
400.333333 243.000000
399.000000 251.666667
398.333333 260.000000
398.333333 267.666667
399.000000 274.666667
400.666667 281.666667
403.000000 289.000000
406.333333 297.000000
410.333333 305.666667
415.000000 315.000000
420.000000 325.666667
425.333333 337.333333
431.000000 349.666667
437.000000 362.333333
443.000000 374.333333
449.000000 386.333333
455.000000 398.000000
461.000000 410.000000
466.666667 422.000000
472.333333 434.000000
477.666667 446.000000
483.333333 458.000000
489.666667 470.000000
497.333333 482.000000
505.666667 494.000000
514.333333 506.333333
523.666667 518.666667
533.666667 531.000000
544.333333 543.000000
555.333333 554.666667
567.333333 566.333333
580.000000 578.000000
592.666667 589.666667
605.333333 601.000000
618.000000 611.666667
631.000000 622.333333
644.000000 632.666667
657.000000 643.000000
670.333333 652.666667
683.666667 662.333333
697.000000 672.333333
710.000000 682.666667
722.666667 692.666667
734.333333 701.666667
744.333333 709.333333
752.333333 715.333333
758.666667 719.666667
763.333333 722.666667
766.666667 725.000000
768.333333 726.000000
769.000000 725.666667
768.666667 724.000000
768.333333 722.333333
767.666667 721.000000
767.333333 720.000000
767.000000 719.000000
767.000000 718.000000
