857.000000 362.000000
857.333333 358.666667
857.666667 355.333333
858.333333 351.666667
858.666667 348.333333
859.333333 345.000000
860.000000 341.333333
861.000000 337.000000
862.000000 332.333333
863.333333 327.666667
865.000000 323.000000
867.333333 317.666667
870.000000 312.333333
873.666667 307.000000
877.666667 301.666667
882.666667 295.666667
887.666667 289.333333
893.666667 282.333333
899.333333 275.333333
904.666667 268.333333
909.000000 262.333333
913.666667 257.000000
919.000000 251.666667
925.000000 246.333333
931.000000 241.000000
937.000000 236.000000
942.666667 231.000000
948.000000 226.333333
953.666667 221.333333
960.000000 216.333333
967.000000 211.333333
974.000000 207.000000
981.000000 203.333333
987.333333 200.000000
993.333333 197.000000
998.666667 194.000000
1004.333333 191.000000
1010.000000 188.333333
1016.000000 185.666667
1022.000000 183.333333
1028.000000 181.000000
1034.000000 179.333333
1040.000000 177.666667
1045.666667 176.000000
1051.666667 174.333333
1057.666667 173.000000
1064.000000 172.000000
1075.666667 171.666667
1086.666667 172.000000
1097.333333 173.333333
1102.000000 175.000000
1107.000000 176.666667
1112.000000 178.333333
1116.666667 179.666667
1121.333333 181.333333
1126.000000 183.000000
1131.000000 185.000000
1135.333333 186.666667
1139.333333 188.333333
1143.000000 190.000000
1146.666667 192.000000
1150.333333 194.000000
1153.666667 196.000000
1157.000000 198.000000
1160.333333 200.333333
1164.000000 203.000000
1168.000000 206.000000
1171.666667 209.333333
1175.666667 213.333333
1179.333333 218.000000
1183.000000 223.000000
1186.000000 228.000000
1189.000000 233.000000
1191.666667 238.000000
1193.666667 243.333333
1195.000000 248.666667
1196.000000 254.333333
1197.000000 260.000000
1197.666667 265.666667
1198.000000 271.000000
1198.000000 276.000000
1198.000000 281.000000
1197.666667 287.333333
1197.000000 294.000000
1196.000000 300.666667
1195.000000 306.666667
1194.000000 312.666667
1193.000000 318.666667
1192.000000 324.000000
1191.000000 329.000000
1190.333333 334.333333
1189.333333 339.333333
1188.333333 344.666667
1186.666667 349.666667
1184.666667 355.666667
1182.000000 361.666667
1179.000000 367.666667
1175.666667 373.666667
1172.000000 379.333333
1167.666667 385.666667
1163.333333 391.666667
1159.000000 398.333333
1155.000000 405.000000
1151.333333 412.000000
1147.666667 418.666667
1144.000000 425.000000
1140.000000 431.333333
1136.333333 438.000000
1132.666667 445.333333
1129.000000 452.666667
1125.000000 460.000000
1121.000000 466.666667
1117.333333 473.000000
1114.000000 479.333333
1111.000000 485.666667
1108.000000 492.000000
1105.000000 498.000000
1102.000000 504.000000
1099.000000 509.666667
1096.000000 515.000000
1093.000000 520.000000
1090.000000 524.666667
1085.666667 530.666667
1081.000000 536.666667
1076.333333 543.000000
1072.666667 548.000000
1069.333333 553.333333
1066.000000 558.333333
1063.333333 563.333333
1060.666667 568.000000
1058.000000 572.666667
1055.000000 577.333333
1052.000000 581.666667
1048.666667 586.333333
1045.000000 591.000000
1041.000000 596.000000
1036.666667 600.666667
1032.000000 605.333333
1027.000000 610.000000
1022.333333 615.000000
1018.000000 620.000000
1013.666667 625.000000
1009.333333 630.000000
1005.000000 635.000000
1001.000000 640.000000
996.666667 645.000000
992.333333 649.666667
988.000000 654.333333
983.666667 659.000000
979.000000 663.666667
974.333333 668.000000
970.000000 672.333333
966.000000 676.666667
962.000000 681.333333
957.666667 686.333333
953.333333 691.666667
948.666667 697.333333
944.000000 702.333333
939.000000 707.333333
934.333333 711.666667
930.000000 716.000000
926.000000 719.666667
922.333333 722.666667
919.333333 725.000000
917.000000 726.666667
915.333333 728.000000
914.000000 729.000000
