849.666667 409.000000
851.000000 407.666667
852.000000 406.000000
853.000000 404.000000
853.666667 402.000000
854.333333 400.000000
854.666667 398.000000
855.000000 396.333333
855.000000 394.666667
855.000000 393.333333
855.000000 391.666667
855.000000 390.333333
855.000000 388.666667
855.000000 386.666667
855.000000 384.333333
855.333333 381.333333
855.666667 378.333333
856.333333 374.666667
856.666667 371.000000
857.333333 366.666667
858.000000 362.000000
859.000000 357.333333
859.666667 352.666667
860.333333 348.333333
861.333333 343.666667
862.666667 338.666667
864.000000 333.333333
865.333333 328.000000
867.000000 323.000000
869.000000 318.000000
871.000000 313.000000
873.333333 308.333333
876.333333 303.666667
879.666667 299.000000
883.333333 294.000000
887.333333 289.000000
891.666667 284.000000
896.000000 279.000000
900.333333 273.666667
904.666667 268.666667
909.000000 263.666667
913.333333 259.000000
918.333333 254.000000
924.000000 249.333333
929.666667 244.666667
935.333333 240.333333
940.666667 236.000000
946.000000 231.666667
951.000000 227.333333
956.000000 223.000000
961.333333 219.000000
967.000000 215.000000
972.666667 211.333333
978.333333 208.000000
984.333333 205.000000
990.333333 202.333333
996.333333 199.666667
1002.000000 197.333333
1008.333333 194.666667
1015.000000 192.000000
1022.000000 189.333333
1028.666667 186.666667
1035.333333 184.333333
1041.333333 181.666667
1047.333333 179.333333
1053.000000 176.666667
1059.000000 174.333333
1065.000000 172.000000
1071.000000 170.000000
1076.666667 168.333333
1082.333333 167.000000
1093.333333 166.666667
1104.333333 167.333333
1115.000000 168.666667
1120.000000 170.666667
1125.000000 172.666667
1130.000000 175.000000
1134.666667 177.333333
1138.666667 180.000000
1142.333333 182.666667
1145.333333 185.333333
1148.333333 187.666667
1151.000000 190.333333
1154.000000 193.000000
1157.333333 196.333333
1160.666667 199.666667
1164.333333 203.666667
1167.666667 208.000000
1171.333333 213.333333
1175.000000 218.666667
1178.666667 224.333333
1182.333333 229.666667
1185.666667 235.666667
1188.666667 241.666667
1191.000000 248.000000
1193.000000 254.333333
1194.666667 260.333333
1196.333333 266.666667
1197.666667 272.333333
1199.000000 278.000000
1199.666667 283.666667
1200.333333 289.666667
1200.666667 296.333333
1201.000000 302.666667
1201.000000 309.000000
1201.000000 315.000000
1201.000000 320.666667
1201.000000 326.000000
1200.666667 331.000000
1200.000000 338.333333
1199.000000 346.333333
1198.000000 354.666667
1197.000000 361.000000
1196.000000 367.000000
1195.000000 372.666667
1194.000000 378.000000
1192.333333 384.666667
1190.000000 391.333333
1187.333333 398.000000
1185.000000 403.000000
1182.666667 407.666667
1180.000000 412.333333
1177.000000 417.000000
1174.000000 422.000000
1171.000000 427.333333
1168.000000 432.666667
1165.000000 438.000000
1162.000000 443.000000
1159.000000 448.333333
1156.000000 453.666667
1153.000000 459.000000
1150.000000 464.333333
1147.000000 469.666667
1143.666667 474.666667
1138.666667 481.000000
1133.000000 487.666667
1127.333333 494.666667
1122.666667 500.333333
1118.333333 506.000000
1114.000000 511.666667
1110.333333 517.000000
1106.666667 522.000000
1102.666667 527.000000
1098.333333 532.000000
1093.333333 537.666667
1088.333333 543.333333
1082.666667 549.333333
1077.333333 555.333333
1072.000000 561.666667
1067.333333 568.000000
1062.666667 574.000000
1056.666667 582.000000
1050.333333 590.333333
1044.000000 598.666667
1039.000000 605.000000
1033.666667 610.666667
1028.333333 616.333333
1023.333333 621.333333
1018.666667 626.333333
1014.333333 631.000000
1010.000000 636.333333
1005.666667 641.666667
1001.333333 647.000000
996.666667 652.000000
992.000000 657.000000
987.333333 662.000000
983.000000 667.000000
978.666667 671.666667
974.333333 676.333333
970.000000 681.333333
966.000000 687.000000
962.000000 692.666667
958.000000 698.333333
953.666667 703.666667
949.333333 709.000000
944.333333 713.666667
939.333333 718.333333
933.666667 722.666667
928.333333 727.000000
923.000000 731.000000
918.333333 735.000000
913.666667 739.000000
909.000000 743.000000
904.000000 747.000000
899.000000 751.000000
894.000000 755.000000
889.000000 759.000000
884.333333 762.666667
880.000000 765.666667
876.000000 768.333333
872.333333 770.333333
869.000000 772.333333
866.000000 773.666667
863.666667 775.000000
861.666667 776.000000
860.000000 777.000000
