680.000000 370.000000
679.666667 367.666667
679.333333 364.666667
679.000000 361.333333
678.666667 358.000000
678.000000 354.666667
677.333333 351.000000
677.000000 347.000000
676.666667 343.333333
676.333333 339.666667
675.666667 336.333333
675.000000 332.666667
674.333333 329.333333
673.666667 326.000000
673.000000 322.666667
672.333333 319.333333
671.666667 316.000000
671.000000 313.000000
670.000000 310.000000
669.000000 307.000000
668.000000 303.666667
667.000000 300.666667
665.666667 297.333333
664.333333 294.000000
662.666667 290.666667
661.333333 288.000000
659.666667 285.666667
658.000000 283.333333
656.000000 281.000000
653.666667 278.666667
651.000000 276.000000
648.000000 272.666667
644.666667 269.333333
641.333333 265.666667
637.666667 262.000000
634.000000 257.666667
630.333333 253.333333
626.333333 249.000000
622.333333 244.666667
618.000000 240.333333
613.333333 236.000000
608.333333 231.666667
602.666667 227.333333
596.666667 223.000000
590.000000 218.666667
583.000000 213.666667
575.000000 208.333333
566.666667 202.666667
557.666667 197.666667
549.000000 193.000000
540.000000 189.000000
531.666667 185.666667
523.666667 183.000000
516.666667 181.000000
509.666667 179.333333
503.333333 178.000000
497.333333 177.000000
487.666667 176.666667
477.333333 177.000000
467.666667 178.000000
463.000000 179.000000
460.000000 180.000000
457.000000 181.333333
454.000000 182.666667
451.333333 184.333333
447.666667 187.000000
444.000000 190.666667
440.000000 195.000000
437.333333 198.666667
434.666667 202.666667
432.333333 206.333333
430.000000 210.333333
428.333333 213.666667
426.666667 217.000000
425.000000 221.666667
423.333333 226.666667
421.666667 232.333333
420.333333 236.666667
419.000000 241.333333
418.000000 245.333333
417.000000 249.333333
416.000000 252.666667
415.000000 256.000000
413.666667 260.000000
412.666667 263.666667
411.666667 267.333333
411.333333 269.666667
410.666667 272.000000
410.333333 274.333333
410.000000 277.000000
410.000000 280.333333
410.000000 284.000000
410.000000 287.666667
410.000000 291.666667
410.333333 295.666667
410.666667 300.333333
411.333333 305.000000
412.000000 311.000000
413.000000 316.666667
414.333333 322.000000
416.000000 326.333333
417.666667 330.333333
419.666667 334.666667
421.666667 339.000000
424.333333 344.000000
427.000000 349.000000
429.666667 353.666667
432.333333 358.000000
435.000000 362.666667
437.666667 367.333333
440.333333 372.000000
442.666667 376.666667
445.000000 381.666667
447.000000 387.000000
449.333333 392.000000
451.666667 397.000000
454.333333 402.000000
457.000000 407.000000
460.000000 411.666667
463.333333 416.333333
467.333333 421.000000
472.000000 426.000000
477.000000 431.000000
482.000000 436.333333
486.666667 441.333333
491.000000 446.000000
495.000000 450.333333
499.000000 455.000000
503.666667 459.666667
509.000000 464.666667
515.000000 470.333333
521.000000 476.666667
527.666667 483.666667
534.333333 490.666667
541.333333 498.000000
547.666667 504.666667
554.333333 511.333333
560.666667 517.666667
566.666667 524.000000
572.333333 530.666667
577.666667 537.333333
583.000000 544.333333
588.000000 550.666667
593.000000 557.333333
598.000000 563.666667
603.333333 570.333333
609.000000 577.333333
615.000000 584.666667
621.000000 592.000000
627.333333 599.333333
633.666667 606.666667
640.000000 614.000000
646.333333 621.333333
652.666667 628.666667
659.000000 636.000000
665.000000 643.000000
671.000000 650.000000
677.000000 657.000000
683.000000 663.666667
689.000000 670.333333
696.000000 678.666667
702.333333 687.333333
708.000000 695.666667
711.666667 702.000000
715.000000 708.000000
718.000000 713.666667
720.666667 718.666667
723.333333 723.333333
725.666667 727.333333
727.666667 731.333333
729.333333 734.666667
730.333333 738.333333
731.333333 741.666667
732.000000 745.333333
732.666667 749.000000
733.000000 753.000000
733.333333 757.000000
733.666667 760.666667
734.000000 764.000000
734.000000 766.666667
734.000000 768.666667
734.000000 770.333333
734.333333 771.666667
734.666667 771.333333
