668.333333 375.666667
669.666667 374.000000
671.000000 372.333333
672.000000 370.666667
673.333333 369.000000
675.000000 367.333333
677.333333 365.666667
679.666667 364.333333
682.000000 363.000000
684.333333 361.666667
686.333333 360.000000
688.000000 358.000000
689.000000 356.333333
690.000000 354.666667
691.000000 353.000000
691.666667 351.333333
692.000000 349.333333
692.000000 347.666667
692.000000 346.000000
692.000000 345.000000
692.000000 344.000000
691.666667 343.000000
691.000000 342.000000
690.000000 341.000000
688.333333 339.666667
685.333333 337.333333
682.000000 335.000000
679.000000 332.666667
677.000000 331.000000
674.333333 328.333333
671.333333 325.000000
667.333333 320.666667
663.333333 316.000000
658.666667 311.333333
654.333333 306.666667
650.000000 302.666667
646.000000 298.666667
642.000000 295.333333
638.000000 292.000000
634.333333 289.000000
631.000000 286.000000
628.000000 282.666667
624.666667 278.666667
621.000000 274.333333
617.000000 269.333333
612.666667 264.666667
607.333333 259.333333
601.333333 254.333333
595.000000 249.333333
589.333333 244.666667
584.000000 240.000000
578.666667 235.000000
573.333333 230.000000
568.000000 225.000000
562.666667 220.000000
557.000000 215.333333
551.000000 211.000000
545.333333 207.333333
540.000000 204.000000
535.333333 201.333333
530.666667 198.666667
525.666667 196.000000
520.000000 193.000000
514.000000 190.333333
508.000000 188.000000
502.000000 186.333333
496.333333 184.666667
491.000000 183.333333
486.333333 181.666667
482.000000 180.333333
478.000000 179.000000
474.000000 178.000000
470.000000 177.000000
464.666667 176.000000
459.000000 175.000000
447.666667 174.666667
438.000000 175.000000
429.333333 176.000000
426.333333 177.000000
423.333333 178.333333
420.000000 179.666667
417.000000 181.333333
413.666667 183.000000
410.333333 185.000000
406.666667 187.000000
403.333333 189.333333
400.000000 191.666667
397.000000 194.000000
394.000000 196.333333
391.000000 199.666667
388.333333 203.666667
386.000000 208.333333
384.000000 213.333333
382.000000 218.666667
380.333333 224.000000
379.000000 229.333333
378.000000 234.666667
377.000000 240.000000
376.000000 245.333333
375.000000 250.666667
374.000000 256.000000
373.333333 261.000000
372.333333 265.666667
371.333333 270.000000
369.666667 274.000000
368.333333 277.666667
366.666667 281.000000
365.333333 284.000000
363.666667 287.333333
362.333333 290.666667
360.666667 294.333333
359.333333 298.333333
358.000000 303.000000
357.000000 307.666667
356.333333 312.000000
356.000000 316.000000
356.000000 320.000000
356.000000 324.000000
356.000000 327.666667
356.333333 331.000000
356.666667 333.666667
357.333333 336.666667
358.000000 340.000000
359.000000 344.000000
360.333333 348.333333
362.000000 353.000000
364.000000 358.666667
366.000000 364.666667
367.666667 371.000000
369.333333 376.666667
371.000000 382.333333
373.000000 388.000000
375.000000 394.000000
376.666667 399.666667
378.333333 405.000000
379.666667 410.333333
381.333333 415.666667
382.666667 420.666667
384.333333 425.000000
386.000000 429.333333
388.333333 434.333333
391.666667 440.666667
396.000000 448.333333
401.000000 457.000000
406.333333 465.666667
411.666667 474.333333
417.000000 483.333333
422.000000 493.000000
426.666667 503.000000
431.333333 512.333333
436.333333 521.333333
442.000000 529.666667
448.000000 538.000000
454.000000 546.000000
459.666667 553.333333
465.000000 560.333333
469.666667 566.666667
474.333333 573.000000
479.000000 579.000000
484.333333 585.000000
490.000000 591.333333
495.666667 598.000000
501.333333 604.666667
507.000000 611.000000
512.666667 617.333333
518.000000 624.000000
523.666667 631.333333
529.666667 639.333333
536.666667 647.666667
543.666667 656.000000
551.000000 664.000000
558.000000 672.000000
564.666667 680.000000
571.666667 688.333333
578.666667 696.666667
586.666667 705.000000
594.666667 712.666667
602.666667 720.333333
610.000000 728.000000
617.000000 736.000000
624.000000 744.000000
631.000000 751.666667
638.333333 759.000000
645.666667 766.000000
653.000000 773.000000
659.666667 780.000000
666.000000 787.000000
672.000000 794.000000
678.000000 800.666667
684.000000 807.000000
690.000000 812.666667
696.000000 818.000000
701.666667 823.000000
707.000000 828.333333
712.000000 834.000000
716.333333 840.000000
720.333333 846.000000
723.666667 851.666667
727.333333 856.666667
730.666667 861.000000
734.000000 864.333333
737.000000 867.333333
740.333333 869.666667
743.333333 872.000000
746.333333 873.666667
748.333333 875.000000
751.000000 876.000000
754.000000 876.333333
757.666667 876.000000
761.000000 874.666667
