1022.000000 374.000000
1020.333333 372.666667
1018.666667 371.000000
1017.333333 368.666667
1016.333333 365.666667
1015.666667 362.333333
1015.333333 359.000000
1015.000000 356.000000
1015.000000 352.666667
1015.000000 349.333333
1015.333333 345.666667
1016.000000 341.333333
1017.333333 336.666667
1019.333333 331.333333
1022.000000 326.333333
1025.000000 320.666667
1028.333333 315.333333
1032.333333 310.000000
1036.666667 305.000000
1041.333333 300.000000
1045.666667 294.666667
1050.333333 288.666667
1055.000000 282.333333
1060.333333 276.333333
1066.333333 270.333333
1073.000000 264.666667
1079.666667 259.000000
1086.000000 254.000000
1092.000000 249.333333
1098.000000 244.666667
1104.000000 240.333333
1110.000000 235.666667
1116.333333 231.333333
1122.666667 227.000000
1128.666667 223.000000
1134.333333 219.333333
1139.333333 216.000000
1144.000000 213.000000
1148.333333 210.333333
1152.666667 208.000000
1157.666667 206.000000
1162.666667 204.000000
1168.333333 202.333333
1174.000000 200.666667
1179.666667 199.333333
1185.000000 198.000000
1191.333333 196.666667
1197.666667 195.000000
1204.000000 193.333333
1209.000000 192.000000
1214.333333 191.000000
1220.000000 190.000000
1226.000000 189.000000
1231.666667 188.000000
1238.666667 187.000000
1251.666667 186.666667
1266.666667 187.000000
1279.666667 188.000000
1286.333333 189.000000
1291.666667 190.000000
1297.000000 191.000000
1302.333333 192.000000
1306.666667 193.000000
1311.333333 194.333333
1315.666667 195.666667
1320.000000 197.333333
1324.000000 198.666667
1327.666667 200.666667
1331.000000 202.666667
1334.000000 205.000000
1337.000000 207.666667
1339.666667 211.000000
1342.000000 215.333333
1344.000000 220.000000
1345.666667 225.000000
1347.333333 229.666667
1348.666667 234.666667
1350.000000 239.666667
1350.666667 245.000000
1351.000000 250.333333
1351.333333 256.000000
1351.666667 262.000000
1352.000000 268.000000
1352.000000 273.666667
1352.000000 279.000000
1351.666667 284.666667
1351.333333 290.666667
1350.666667 297.666667
1350.000000 304.333333
1349.333333 311.666667
1349.000000 318.333333
1348.666667 325.333333
1348.333333 332.000000
1347.666667 339.000000
1347.333333 346.333333
1346.666667 353.333333
1346.333333 360.333333
1346.000000 366.666667
1345.666667 372.666667
1345.000000 378.000000
1344.333333 383.000000
1343.666667 388.000000
1343.333333 393.000000
1342.666667 398.000000
1342.333333 403.000000
1341.666667 408.000000
1340.666667 413.000000
1339.333333 418.333333
1337.666667 423.666667
1336.000000 429.333333
1333.666667 435.000000
1331.000000 441.000000
1328.000000 446.666667
1324.666667 452.666667
1321.000000 458.666667
1317.000000 464.666667
1313.333333 470.333333
1310.000000 475.666667
1307.000000 481.000000
1304.000000 486.666667
1301.000000 492.666667
1298.000000 499.666667
1294.666667 506.666667
1290.666667 514.000000
1286.333333 521.000000
1281.333333 528.000000
1276.333333 534.666667
1271.000000 541.333333
1266.000000 548.000000
1261.333333 555.000000
1257.000000 561.666667
1253.333333 568.000000
1250.000000 574.000000
1246.666667 580.000000
1242.666667 586.333333
1237.333333 593.333333
1231.333333 600.666667
1225.333333 608.000000
1219.666667 614.333333
1214.333333 620.333333
1209.000000 626.333333
1204.000000 632.666667
1199.333333 639.000000
1194.333333 645.000000
1188.666667 651.000000
1182.000000 657.000000
1175.333333 663.000000
1169.000000 668.666667
1163.333333 673.666667
1158.000000 678.666667
1153.000000 683.666667
1147.333333 689.333333
1141.000000 695.000000
1134.000000 700.666667
1127.333333 705.666667
1121.333333 710.333333
1116.333333 714.666667
1111.666667 719.000000
1107.333333 722.666667
1103.000000 726.333333
1098.000000 729.666667
1092.000000 733.333333
1085.666667 737.000000
1079.666667 740.666667
1074.333333 744.000000
1069.000000 747.333333
1064.333333 750.333333
1060.000000 753.333333
1056.333333 756.000000
1053.000000 758.666667
1050.000000 761.000000
1046.666667 763.000000
1043.333333 764.666667
1040.000000 766.000000
1037.000000 767.000000
1034.000000 768.000000
1031.000000 769.000000
1027.333333 770.000000
1023.333333 771.000000
1019.000000 772.000000
