948.666667 325.333333
949.000000 323.666667
949.333333 322.000000
949.666667 320.000000
950.000000 318.000000
950.333333 315.666667
951.000000 313.333333
952.000000 311.000000
953.000000 308.666667
953.666667 306.333333
954.333333 303.666667
955.000000 301.333333
955.666667 299.000000
956.333333 297.000000
956.666667 294.666667
957.333333 292.333333
958.000000 289.666667
959.000000 286.666667
960.000000 283.000000
961.000000 279.333333
962.000000 275.666667
963.000000 272.000000
964.000000 268.000000
965.333333 264.000000
966.666667 260.333333
968.333333 257.000000
970.000000 254.000000
972.000000 251.333333
974.000000 248.666667
976.000000 246.333333
978.333333 243.666667
981.000000 241.000000
984.000000 238.000000
987.000000 235.000000
990.000000 232.000000
993.333333 228.666667
996.666667 225.000000
1000.000000 221.000000
1003.000000 217.000000
1005.666667 213.333333
1008.333333 209.666667
1010.666667 206.666667
1013.333333 203.666667
1016.333333 201.000000
1019.666667 198.000000
1023.333333 195.000000
1027.000000 192.000000
1031.000000 189.333333
1035.000000 186.666667
1039.000000 184.000000
1042.333333 181.333333
1045.333333 179.000000
1048.000000 177.000000
1050.666667 175.000000
1053.000000 172.666667
1055.333333 170.333333
1057.666667 168.000000
1060.333333 166.000000
1063.333333 164.000000
1066.666667 162.000000
1070.000000 160.000000
1073.000000 158.000000
1076.333333 156.333333
1080.000000 155.000000
1084.000000 154.000000
1087.666667 153.000000
1090.666667 152.000000
1093.333333 151.000000
1097.000000 150.000000
1103.333333 149.000000
1113.333333 148.000000
1129.333333 147.666667
1143.666667 148.000000
1155.000000 149.000000
1160.333333 150.000000
1165.666667 151.000000
1171.000000 152.333333
1176.000000 153.666667
1180.666667 155.000000
1185.333333 156.333333
1189.333333 157.666667
1193.000000 159.000000
1196.333333 160.333333
1199.666667 161.666667
1203.333333 163.333333
1206.666667 165.000000
1210.333333 167.000000
1213.666667 169.000000
1217.333333 171.000000
1221.000000 173.333333
1225.000000 175.666667
1228.666667 178.333333
1232.000000 180.666667
1235.000000 183.000000
1237.666667 185.000000
1240.000000 186.666667
1242.000000 188.333333
1243.666667 190.000000
1245.333333 192.000000
1247.000000 194.000000
1249.333333 197.000000
1251.666667 200.000000
1254.000000 203.000000
1255.666667 205.333333
1257.333333 208.000000
1258.666667 210.666667
1260.333333 213.333333
1262.000000 216.000000
1264.000000 219.000000
1266.000000 222.000000
1268.000000 225.000000
1269.666667 227.666667
1271.333333 230.333333
1272.666667 232.666667
1274.333333 235.333333
1275.666667 237.666667
1277.333333 240.333333
1278.666667 243.000000
1280.000000 246.000000
1281.000000 249.333333
1282.000000 252.666667
1283.000000 256.333333
1284.000000 259.666667
1284.666667 263.666667
1285.333333 267.333333
1285.666667 271.333333
1286.000000 275.000000
1286.000000 278.666667
1286.000000 282.000000
1286.000000 285.333333
1286.000000 288.666667
1285.666667 292.333333
1285.000000 295.666667
1284.000000 299.333333
1283.000000 303.000000
1282.000000 307.000000
1281.000000 311.000000
1280.000000 315.000000
1279.000000 318.666667
1278.000000 322.333333
1276.666667 326.000000
1275.333333 329.333333
1274.000000 332.666667
1272.666667 335.666667
1271.000000 339.000000
1269.333333 342.000000
1267.666667 345.333333
1266.000000 348.666667
1264.000000 352.000000
1262.000000 355.333333
1260.000000 359.000000
1258.000000 363.000000
1256.000000 367.000000
1254.333333 370.666667
1252.666667 374.333333
1251.000000 377.666667
1249.000000 381.333333
1247.000000 384.666667
1245.000000 388.333333
1242.666667 392.000000
1240.333333 396.000000
1237.666667 400.000000
1234.666667 404.333333
1231.333333 408.666667
1227.666667 413.333333
1224.000000 417.666667
1220.333333 422.000000
1217.000000 426.000000
1214.000000 429.666667
1211.000000 433.333333
1208.000000 436.333333
1205.000000 439.666667
1202.333333 443.000000
1199.666667 447.000000
1197.000000 451.000000
1194.000000 455.000000
1191.000000 458.666667
1187.666667 462.333333
1183.666667 466.333333
1179.333333 470.333333
1174.333333 474.333333
1169.666667 477.666667
1164.666667 481.333333
1160.333333 484.666667
1155.666667 488.000000
1151.000000 491.333333
1146.333333 495.000000
1141.666667 499.000000
1137.333333 503.000000
1132.666667 506.666667
1128.333333 510.666667
1124.000000 514.666667
1120.000000 519.000000
1116.000000 523.000000
1112.000000 527.000000
1108.000000 531.333333
1104.333333 536.333333
1100.666667 541.666667
1097.000000 547.000000
1093.000000 552.333333
1089.000000 557.666667
1084.666667 562.666667
1080.333333 567.000000
1076.000000 571.000000
1072.000000 575.000000
1068.333333 579.000000
1065.000000 582.666667
1062.000000 586.333333
1058.666667 590.333333
1055.666667 594.666667
1052.666667 599.333333
1050.000000 604.000000
1047.000000 609.000000
1044.333333 613.666667
1041.666667 618.000000
1038.666667 622.000000
1035.333333 626.000000
1031.666667 630.000000
1028.000000 634.333333
1024.000000 639.000000
1020.333333 644.000000
1016.666667 649.000000
1013.333333 654.333333
1009.666667 659.666667
1006.333333 665.000000
1003.000000 669.666667
999.666667 674.333333
996.000000 679.000000
992.333333 684.000000
988.666667 689.000000
985.333333 694.000000
981.666667 698.666667
978.333333 703.333333
975.000000 707.666667
972.333333 712.000000
969.666667 715.666667
967.333333 719.000000
965.000000 722.000000
963.333333 724.666667
962.000000 727.000000
961.000000 728.666667
960.000000 730.333333
959.000000 731.666667
958.333333 733.000000
957.666667 734.000000
957.333333 735.000000
957.000000 736.000000
957.000000 736.333333
