684.333333 430.000000
683.333333 426.666667
682.666667 423.000000
682.333333 419.000000
682.000000 414.666667
682.000000 410.333333
682.000000 405.666667
682.000000 401.000000
682.000000 396.333333
682.000000 391.666667
682.000000 386.666667
682.000000 381.000000
682.000000 375.000000
681.666667 369.000000
681.333333 363.000000
680.666667 357.000000
680.000000 351.333333
679.000000 345.333333
678.000000 339.666667
677.000000 333.666667
675.666667 327.666667
674.333333 321.333333
672.666667 315.000000
671.000000 309.333333
668.666667 303.666667
666.000000 298.000000
662.333333 292.000000
658.000000 286.000000
652.666667 280.000000
647.333333 274.000000
642.333333 268.000000
637.666667 262.333333
633.333333 257.000000
629.000000 251.666667
625.000000 246.333333
620.666667 241.000000
615.333333 235.666667
609.333333 230.000000
603.000000 224.333333
597.333333 219.000000
592.000000 214.000000
587.000000 209.000000
582.333333 204.333333
577.666667 200.000000
573.000000 195.666667
567.666667 191.000000
561.333333 186.333333
554.666667 181.666667
547.666667 177.333333
541.333333 173.000000
534.333333 168.666667
526.333333 164.333333
517.333333 160.000000
508.333333 156.333333
500.000000 153.000000
492.333333 150.333333
485.000000 148.000000
477.666667 146.000000
469.666667 144.333333
455.333333 143.666667
442.000000 144.333333
430.000000 146.000000
424.000000 148.333333
417.333333 151.000000
410.666667 154.000000
405.000000 157.333333
400.000000 160.666667
395.333333 164.000000
391.000000 167.333333
387.333333 171.000000
384.000000 175.000000
381.000000 178.666667
378.333333 182.333333
376.000000 185.666667
373.666667 189.333333
371.333333 193.000000
368.333333 197.333333
365.666667 202.333333
363.000000 208.000000
361.000000 214.333333
359.000000 220.666667
357.000000 227.333333
355.333333 233.666667
354.000000 240.333333
353.333333 247.333333
353.000000 254.333333
353.333333 261.333333
354.333333 268.000000
355.666667 274.333333
357.000000 280.333333
358.666667 286.000000
360.666667 292.333333
363.333333 299.000000
366.000000 306.000000
369.000000 313.000000
371.666667 320.000000
374.333333 327.333333
377.000000 335.000000
379.666667 342.666667
382.000000 350.333333
384.000000 357.666667
386.000000 365.000000
388.000000 371.333333
390.000000 377.333333
392.000000 382.666667
394.333333 388.000000
397.000000 393.333333
399.666667 398.666667
402.333333 404.666667
405.000000 410.666667
408.333333 417.000000
411.666667 422.666667
414.666667 428.666667
417.666667 435.333333
420.666667 443.333333
424.000000 451.333333
427.333333 459.333333
430.666667 466.333333
434.333333 473.333333
438.333333 480.000000
442.666667 487.000000
447.333333 494.000000
452.000000 501.333333
457.000000 508.666667
462.000000 515.666667
466.666667 521.666667
471.666667 528.000000
477.000000 534.666667
483.333333 542.333333
490.333333 550.333333
498.000000 558.333333
505.666667 566.333333
513.000000 573.666667
519.666667 581.000000
526.333333 588.000000
532.666667 595.000000
539.666667 602.000000
546.333333 608.666667
553.333333 615.000000
559.666667 621.000000
566.000000 627.333333
572.333333 633.666667
579.333333 640.000000
587.000000 646.000000
595.000000 651.666667
603.000000 657.333333
610.666667 662.666667
618.666667 668.000000
627.333333 673.333333
636.666667 678.666667
646.000000 684.333333
654.333333 689.666667
663.000000 695.666667
671.666667 701.333333
681.000000 707.333333
690.000000 712.666667
698.333333 717.666667
706.000000 722.333333
713.000000 726.666667
720.333333 731.333333
728.333333 736.000000
736.333333 740.666667
743.666667 745.333333
750.000000 749.666667
755.666667 754.333333
760.333333 758.333333
764.000000 761.666667
766.666667 764.000000
768.666667 766.000000
770.000000 767.666667
771.000000 769.000000
772.000000 770.000000
772.666667 770.333333
773.000000 770.000000
773.000000 768.333333
774.000000 764.000000
