692.000000 398.666667
693.666667 397.333333
695.000000 396.000000
696.333333 394.666667
697.666667 392.666667
699.333333 390.666667
700.666667 388.000000
702.000000 385.333333
703.000000 382.000000
703.666667 379.000000
704.000000 376.000000
704.000000 372.666667
704.000000 369.000000
703.666667 364.333333
702.666667 359.000000
701.000000 352.666667
698.666667 346.000000
696.000000 338.666667
692.666667 330.666667
689.333333 322.000000
685.666667 313.333333
682.000000 305.000000
678.000000 296.666667
673.666667 288.000000
668.666667 279.333333
662.666667 270.666667
656.000000 262.000000
648.666667 253.000000
641.000000 243.666667
632.666667 234.333333
624.000000 225.000000
614.666667 216.000000
605.666667 207.333333
597.333333 199.000000
589.666667 191.333333
582.333333 183.666667
575.000000 176.333333
567.666667 169.333333
560.333333 163.000000
553.000000 157.333333
546.333333 152.333333
540.000000 147.666667
533.666667 143.666667
527.333333 139.666667
520.666667 136.666667
514.333333 134.000000
508.000000 132.000000
500.333333 130.333333
493.000000 129.666667
484.000000 130.000000
476.666667 131.333333
469.000000 133.000000
463.333333 135.000000
457.666667 137.000000
452.333333 139.333333
447.333333 141.666667
443.000000 144.333333
439.333333 147.000000
435.666667 150.333333
432.000000 154.333333
428.000000 159.333333
424.000000 165.000000
420.000000 171.333333
416.333333 178.000000
413.000000 185.333333
410.000000 192.666667
407.333333 200.333333
405.000000 207.666667
403.333333 215.333333
402.000000 222.666667
401.000000 230.333333
400.000000 238.000000
399.333333 246.000000
399.000000 254.333333
399.333333 262.666667
400.000000 271.333333
401.000000 279.666667
402.000000 288.333333
403.333333 297.000000
405.000000 306.000000
407.000000 315.000000
409.333333 324.666667
412.000000 334.666667
414.666667 345.000000
417.333333 355.000000
420.000000 364.666667
423.000000 373.666667
426.000000 382.333333
428.666667 390.333333
431.666667 398.333333
435.000000 406.000000
439.000000 414.000000
443.333333 422.000000
448.333333 430.000000
454.000000 438.333333
460.000000 447.000000
466.000000 456.000000
472.333333 465.000000
478.666667 474.000000
485.666667 483.000000
492.666667 491.666667
500.000000 500.000000
507.000000 507.666667
514.000000 515.000000
521.000000 522.000000
528.333333 529.000000
536.000000 536.000000
543.666667 543.000000
551.000000 550.000000
557.666667 556.666667
564.000000 563.333333
570.000000 569.333333
576.000000 575.666667
581.666667 581.666667
587.333333 588.000000
592.666667 594.000000
598.000000 600.333333
602.666667 606.666667
607.000000 613.000000
611.000000 618.666667
615.000000 624.333333
618.666667 630.000000
622.333333 636.333333
626.333333 643.333333
630.666667 651.000000
635.333333 658.666667
640.000000 665.666667
645.000000 672.333333
650.333333 679.000000
655.666667 686.000000
660.666667 693.000000
665.333333 699.666667
669.666667 705.666667
674.000000 710.666667
678.000000 715.000000
682.000000 719.000000
686.000000 722.333333
689.666667 725.000000
693.000000 727.000000
695.666667 728.666667
698.000000 730.000000
