701.333333 388.000000
585.666667 386.666667
585.000000 384.333333
584.000000 380.666667
583.333333 376.000000
582.666667 370.666667
582.333333 364.666667
581.666667 358.333333
581.333333 351.666667
580.666667 345.000000
580.000000 337.666667
579.333333 330.333333
578.666667 323.000000
578.333333 316.000000
577.666667 309.333333
577.000000 303.000000
576.000000 296.666667
575.000000 290.666667
574.000000 284.666667
572.666667 279.000000
571.333333 273.333333
569.666667 268.333333
568.000000 263.666667
566.000000 259.333333
564.000000 255.000000
562.000000 251.333333
560.000000 247.666667
558.000000 244.333333
555.666667 241.000000
553.333333 238.000000
550.333333 234.666667
547.333333 231.000000
544.000000 227.333333
540.666667 223.666667
537.000000 220.000000
533.000000 216.000000
529.000000 212.000000
524.666667 208.000000
520.000000 204.000000
515.000000 200.000000
509.666667 196.000000
504.000000 192.000000
498.000000 188.000000
492.000000 183.666667
486.000000 179.333333
479.666667 174.666667
473.333333 170.333333
466.666667 165.666667
460.333333 161.333333
454.000000 157.333333
448.000000 153.666667
442.333333 150.333333
436.666667 147.000000
430.666667 144.000000
424.333333 141.000000
417.666667 138.333333
411.333333 136.000000
405.000000 134.333333
399.000000 132.666667
393.333333 131.333333
387.666667 130.000000
382.000000 129.000000
372.333333 128.666667
363.000000 129.000000
354.000000 130.000000
349.333333 131.333333
345.000000 132.666667
341.000000 134.333333
337.000000 136.000000
333.000000 138.000000
329.000000 140.000000
325.000000 142.000000
321.000000 144.333333
317.333333 146.666667
313.666667 149.333333
310.333333 151.666667
307.333333 154.333333
304.333333 157.333333
301.666667 161.000000
299.000000 164.666667
297.000000 168.333333
295.333333 172.000000
294.000000 175.666667
292.666667 179.333333
291.333333 183.000000
290.333333 187.333333
289.666667 192.000000
289.333333 197.333333
288.666667 203.000000
288.333333 209.000000
288.000000 215.333333
288.000000 221.666667
288.000000 228.333333
288.000000 234.666667
288.333333 241.000000
289.000000 247.000000
289.666667 252.666667
290.333333 258.333333
291.000000 263.666667
292.000000 269.000000
292.666667 274.000000
293.333333 278.666667
294.333333 283.666667
296.000000 289.000000
297.666667 295.000000
299.666667 301.000000
301.666667 307.333333
303.666667 314.000000
305.333333 321.000000
307.000000 327.666667
309.000000 334.666667
311.000000 341.333333
313.000000 348.000000
315.333333 354.000000
317.666667 360.000000
320.333333 366.000000
323.000000 371.666667
326.000000 377.333333
328.666667 382.666667
331.666667 388.000000
334.666667 393.666667
338.000000 399.333333
341.000000 405.333333
344.000000 411.000000
347.000000 416.666667
350.000000 422.000000
354.333333 429.000000
358.666667 435.666667
363.333333 442.333333
366.666667 447.000000
370.333333 452.000000
374.000000 457.000000
378.000000 461.666667
382.000000 466.333333
386.333333 470.666667
391.333333 475.333333
397.000000 480.333333
402.666667 485.666667
408.666667 491.666667
414.666667 498.333333
421.000000 506.000000
426.666667 514.000000
432.666667 522.333333
438.666667 530.666667
445.333333 539.333333
452.000000 547.666667
458.666667 555.666667
465.333333 563.333333
471.666667 570.666667
478.333333 578.333333
485.000000 585.666667
492.000000 593.000000
499.000000 600.333333
506.000000 607.666667
513.000000 615.333333
519.666667 623.000000
526.000000 631.000000
532.333333 639.333333
538.666667 647.666667
545.000000 656.000000
550.666667 663.666667
556.000000 670.666667
561.000000 677.666667
565.666667 684.666667
570.000000 691.666667
574.333333 698.000000
578.666667 704.333333
583.333333 710.333333
588.000000 716.000000
593.000000 721.000000
597.666667 726.000000
602.000000 730.666667
606.000000 735.000000
610.000000 739.000000
613.666667 743.000000
617.000000 747.000000
620.000000 750.666667
623.000000 754.333333
625.666667 757.333333
627.666667 760.000000
629.333333 761.666667
630.666667 763.333333
632.000000 764.666667
633.000000 766.000000
