913.000000 383.333333
906.000000 381.666667
906.000000 380.000000
906.000000 378.333333
906.333333 376.333333
906.666667 374.333333
907.000000 372.333333
907.000000 370.333333
907.000000 368.000000
907.000000 365.333333
907.000000 362.666667
907.000000 360.000000
907.333333 357.000000
907.666667 353.666667
908.000000 350.333333
908.333333 346.666667
908.666667 343.333333
909.333333 339.666667
909.666667 336.000000
910.333333 331.666667
910.666667 327.000000
911.333333 322.333333
912.000000 317.666667
913.000000 313.333333
913.666667 309.000000
914.333333 304.666667
915.333333 300.000000
917.000000 295.333333
919.333333 290.333333
922.000000 285.000000
925.000000 279.000000
928.000000 273.000000
931.000000 267.333333
934.333333 262.000000
938.000000 256.666667
942.000000 251.333333
945.666667 246.333333
949.666667 241.000000
953.666667 235.000000
958.000000 228.666667
962.000000 223.333333
966.666667 218.333333
971.666667 213.333333
977.333333 208.333333
983.000000 203.666667
988.666667 199.333333
994.000000 195.000000
998.666667 191.000000
1003.333333 186.333333
1008.000000 181.666667
1012.666667 176.666667
1017.333333 172.333333
1022.333333 168.333333
1027.666667 165.000000
1033.000000 162.000000
1038.000000 159.333333
1043.000000 157.000000
1048.000000 155.000000
1053.000000 153.333333
1058.333333 152.000000
1071.333333 151.666667
1088.666667 151.333333
1110.666667 151.000000
1131.333333 150.666667
1149.666667 151.000000
1163.333333 152.000000
1170.666667 153.000000
1176.000000 154.000000
1181.000000 155.000000
1185.666667 156.000000
1190.000000 157.000000
1195.000000 158.000000
1199.333333 159.000000
1203.666667 160.000000
1207.000000 161.000000
1210.666667 162.000000
1214.333333 163.333333
1218.000000 164.666667
1221.666667 166.333333
1225.000000 167.666667
1228.000000 169.333333
1231.000000 171.000000
1233.666667 173.000000
1236.000000 175.000000
1238.000000 177.333333
1240.000000 179.666667
1242.000000 182.000000
1244.000000 184.000000
1245.666667 186.000000
1247.333333 188.000000
1248.666667 190.000000
1250.333333 192.000000
1252.000000 194.333333
1254.000000 197.000000
1256.000000 200.000000
1257.666667 203.000000
1259.333333 206.000000
1260.666667 209.000000
1262.333333 212.333333
1263.666667 216.000000
1265.000000 219.666667
1266.333333 223.333333
1267.666667 226.666667
1269.000000 230.333333
1269.666667 234.000000
1270.333333 237.666667
1270.666667 241.333333
1271.000000 245.000000
1271.333333 249.000000
1271.333333 253.000000
1271.333333 257.333333
1271.000000 262.333333
1270.666667 267.666667
1270.000000 273.000000
1269.000000 278.000000
1268.000000 282.666667
1267.000000 287.333333
1266.000000 291.666667
1264.666667 296.666667
1263.333333 301.333333
1261.666667 306.666667
1260.000000 311.666667
1258.000000 317.000000
1256.000000 322.333333
1254.000000 327.333333
1252.000000 332.333333
1249.666667 337.333333
1247.333333 343.333333
1244.666667 349.333333
1242.333333 355.333333
1239.666667 361.000000
1236.666667 367.000000
1233.000000 372.666667
1229.000000 378.333333
1225.000000 383.666667
1221.000000 389.000000
1217.000000 394.333333
1213.000000 399.666667
1209.333333 405.333333
1206.000000 410.666667
1203.000000 416.000000
1200.333333 421.000000
1197.666667 426.000000
1195.000000 431.000000
1192.333333 436.333333
1189.666667 441.666667
1186.666667 447.666667
1183.333333 453.333333
1180.000000 459.333333
1176.666667 464.666667
1173.333333 470.000000
1170.000000 474.666667
1167.000000 479.000000
1164.000000 483.000000
1161.000000 487.000000
1158.000000 491.000000
1155.000000 495.333333
1152.000000 500.000000
1149.000000 505.000000
1146.000000 510.000000
1143.000000 515.000000
1139.666667 519.666667
1136.333333 524.000000
1132.666667 528.000000
1129.333333 532.000000
1125.666667 536.333333
1122.000000 540.666667
1118.333333 545.333333
1114.666667 550.000000
1111.333333 555.333333
1108.000000 560.666667
1105.000000 566.000000
1102.000000 571.000000
1098.666667 576.000000
1094.666667 581.000000
1090.000000 586.333333
1085.000000 592.000000
1079.666667 598.000000
1074.333333 603.666667
1069.000000 609.333333
1063.666667 614.666667
1058.000000 620.000000
1052.000000 625.000000
1046.000000 630.000000
1040.000000 635.333333
1034.000000 640.666667
1028.000000 646.333333
1022.333333 652.000000
1016.666667 658.000000
1011.666667 664.000000
1006.666667 669.666667
1002.000000 675.000000
996.666667 680.333333
991.000000 685.666667
985.333333 691.333333
979.666667 697.000000
974.333333 702.666667
969.333333 708.000000
965.000000 712.666667
961.333333 717.000000
958.333333 720.666667
956.000000 723.666667
954.333333 726.000000
953.333333 728.000000
952.666667 729.666667
952.000000 731.000000
951.333333 732.000000
951.000000 732.333333
