767.666667 340.000000
674.666667 339.000000
675.333333 338.000000
675.666667 337.000000
676.333333 335.666667
676.666667 334.333333
677.000000 333.000000
677.333333 331.666667
677.666667 330.000000
678.000000 328.000000
678.000000 325.666667
678.000000 323.000000
678.333333 320.000000
678.666667 317.000000
679.000000 314.000000
679.333333 311.000000
679.666667 308.333333
680.000000 305.666667
680.000000 303.000000
680.000000 300.333333
680.333333 297.666667
680.666667 295.333333
681.000000 293.000000
681.000000 290.666667
681.000000 288.000000
681.333333 284.666667
682.000000 281.333333
682.666667 277.666667
683.333333 274.333333
683.666667 271.000000
684.000000 267.666667
684.000000 264.666667
684.000000 261.666667
684.000000 259.000000
683.666667 256.333333
683.000000 253.666667
682.000000 251.333333
681.000000 249.000000
680.000000 246.666667
678.666667 244.333333
677.333333 242.000000
675.666667 239.666667
674.000000 237.000000
672.000000 233.666667
670.000000 230.666667
668.000000 227.333333
666.000000 224.000000
663.666667 220.333333
661.000000 217.000000
657.666667 213.666667
654.333333 210.333333
650.666667 206.666667
647.000000 203.666667
643.333333 200.666667
640.000000 198.333333
637.000000 195.666667
634.000000 193.333333
631.333333 190.666667
628.666667 188.333333
626.000000 185.333333
623.000000 182.333333
620.000000 179.000000
616.666667 175.666667
613.000000 172.000000
608.666667 168.333333
604.333333 164.666667
599.666667 161.333333
595.333333 157.666667
590.666667 154.333333
586.333333 151.333333
582.000000 148.666667
577.666667 146.000000
573.000000 143.333333
567.666667 141.000000
562.000000 138.666667
556.000000 136.666667
550.333333 134.333333
545.000000 132.666667
540.000000 130.666667
535.333333 129.333333
531.000000 127.666667
526.666667 126.333333
522.000000 125.000000
517.000000 124.000000
510.000000 123.000000
503.000000 122.000000
492.000000 121.666667
481.333333 122.000000
470.333333 123.000000
463.333333 124.000000
456.333333 125.000000
449.666667 126.000000
443.333333 127.333333
438.666667 128.666667
434.333333 130.333333
429.666667 132.000000
424.666667 134.333333
419.000000 136.666667
413.333333 139.333333
408.000000 142.000000
403.000000 145.000000
398.333333 148.000000
394.000000 151.000000
390.333333 153.666667
387.000000 156.333333
384.000000 159.000000
380.666667 162.333333
377.333333 166.000000
374.000000 170.000000
370.666667 174.333333
367.333333 178.666667
363.666667 183.333333
360.333333 187.666667
357.000000 192.666667
354.000000 197.666667
351.000000 203.333333
348.000000 209.000000
345.333333 215.000000
343.000000 220.666667
341.000000 226.000000
339.333333 231.333333
338.000000 236.666667
337.333333 242.666667
336.666667 249.000000
336.333333 256.000000
336.333333 263.000000
336.666667 270.000000
337.333333 276.666667
337.666667 283.333333
338.333333 290.000000
339.000000 297.000000
339.666667 304.000000
340.666667 311.333333
341.666667 318.666667
343.333333 326.000000
345.333333 333.333333
348.000000 341.000000
351.000000 349.000000
354.333333 357.333333
358.000000 365.666667
362.000000 373.666667
366.000000 381.000000
370.333333 388.000000
374.333333 395.333333
378.333333 402.666667
381.666667 409.666667
385.333333 416.333333
389.000000 422.666667
393.000000 429.333333
397.333333 436.333333
402.333333 444.000000
407.666667 452.333333
413.333333 461.000000
418.666667 470.000000
424.333333 479.000000
430.333333 488.333333
436.666667 497.666667
443.333333 507.000000
450.000000 515.666667
457.000000 524.000000
463.666667 532.333333
470.000000 540.666667
476.333333 549.333333
483.000000 557.666667
489.666667 565.333333
496.333333 572.333333
503.000000 579.000000
510.000000 586.000000
516.666667 593.333333
523.333333 600.666667
529.666667 608.333333
536.666667 615.666667
543.666667 623.666667
551.000000 632.000000
558.000000 641.333333
564.666667 650.666667
571.000000 660.333333
577.000000 670.333333
583.333333 681.000000
589.666667 691.666667
596.000000 702.000000
602.000000 711.666667
607.666667 720.666667
613.333333 729.333333
618.333333 737.666667
623.666667 746.000000
629.000000 754.000000
635.333333 761.333333
641.666667 768.333333
648.333333 775.000000
654.666667 781.666667
660.666667 787.666667
666.333333 793.333333
671.666667 798.666667
677.333333 805.333333
681.666667 811.000000
684.666667 815.666667
686.000000 818.000000
687.000000 819.666667
688.000000 821.000000
688.666667 822.000000
689.333333 823.000000
