848.000000 345.000000
846.333333 342.666667
844.666667 340.333333
843.333333 337.666667
844.000000 334.666667
844.666667 330.666667
845.666667 326.333333
846.666667 322.000000
848.000000 317.666667
849.333333 313.333333
850.666667 309.000000
852.333333 305.000000
853.666667 301.000000
855.333333 296.666667
857.000000 292.000000
859.000000 286.666667
861.333333 281.000000
864.000000 275.000000
867.000000 268.666667
870.000000 262.333333
873.666667 256.000000
878.000000 250.000000
883.000000 244.000000
888.000000 237.666667
892.666667 231.666667
897.333333 225.333333
901.666667 219.333333
906.333333 213.666667
911.000000 208.333333
916.000000 203.333333
921.333333 197.666667
927.000000 192.000000
933.000000 186.333333
939.000000 180.666667
945.000000 175.333333
950.666667 170.000000
956.000000 165.000000
961.666667 160.333333
967.666667 156.000000
974.000000 152.333333
980.000000 149.333333
986.000000 147.000000
991.666667 145.333333
997.333333 144.000000
1003.000000 142.666667
1011.333333 141.333333
1019.666667 140.000000
1028.333333 139.000000
1034.666667 138.000000
1040.666667 137.000000
1052.333333 136.666667
1066.666667 137.000000
1081.000000 138.000000
1089.000000 139.000000
1094.333333 140.333333
1099.666667 141.666667
1105.000000 143.000000
1110.000000 144.333333
1115.000000 146.000000
1120.333333 148.000000
1126.000000 150.000000
1131.666667 152.333333
1136.666667 155.000000
1141.000000 158.000000
1145.333333 161.333333
1149.666667 165.000000
1154.000000 169.000000
1158.000000 173.000000
1162.000000 177.000000
1165.666667 181.000000
1169.333333 185.000000
1172.666667 189.000000
1176.000000 193.000000
1179.000000 197.000000
1181.666667 201.333333
1184.000000 206.000000
1185.666667 211.000000
1187.000000 216.333333
1188.000000 222.000000
1189.000000 228.000000
1189.666667 233.666667
1190.000000 239.333333
1190.000000 245.333333
1189.666667 252.000000
1189.000000 259.000000
1188.000000 266.000000
1187.000000 272.666667
1186.000000 279.000000
1185.000000 285.000000
1183.666667 291.000000
1182.000000 297.000000
1180.000000 303.000000
1177.666667 309.333333
1175.000000 315.666667
1172.000000 322.000000
1169.000000 328.000000
1165.666667 334.000000
1162.333333 340.333333
1158.666667 347.000000
1155.333333 354.000000
1152.000000 361.333333
1148.666667 368.333333
1145.333333 375.000000
1141.333333 381.333333
1137.000000 388.000000
1132.000000 395.333333
1127.000000 402.666667
1122.000000 410.000000
1117.000000 417.000000
1112.000000 424.333333
1107.000000 431.666667
1102.000000 439.333333
1096.333333 447.000000
1090.333333 455.000000
1083.666667 463.000000
1077.000000 470.666667
1070.000000 478.333333
1063.000000 486.333333
1055.666667 494.666667
1048.333333 503.333333
1040.666667 511.333333
1033.333333 519.333333
1026.000000 526.666667
1019.000000 534.666667
1012.333333 542.666667
1005.666667 551.000000
999.000000 558.666667
992.000000 566.000000
985.333333 573.000000
978.666667 580.000000
972.000000 587.333333
965.333333 595.000000
959.000000 603.000000
952.666667 610.333333
945.666667 617.333333
938.666667 623.666667
931.666667 630.000000
925.333333 636.333333
918.666667 643.000000
912.333333 649.666667
905.666667 656.333333
898.666667 663.000000
891.666667 669.333333
885.000000 675.333333
879.000000 681.333333
873.333333 687.666667
868.333333 693.666667
864.666667 698.666667
861.666667 703.000000
859.333333 707.000000
857.333333 711.000000
856.000000 714.666667
855.000000 717.666667
854.333333 720.000000
854.000000 721.666667
854.000000 723.000000
853.000000 722.666667
851.333333 720.666667
