679.000000 373.000000
679.333333 371.000000
679.666667 368.666667
680.000000 366.000000
680.333333 363.000000
680.666667 359.666667
681.333333 356.333333
681.666667 353.000000
682.333333 349.666667
682.666667 346.000000
683.333333 342.333333
683.666667 338.666667
684.333333 334.666667
685.000000 330.000000
685.666667 325.333333
686.000000 320.666667
686.000000 316.000000
686.333333 311.000000
686.666667 306.333333
687.333333 301.666667
688.000000 297.666667
689.000000 293.666667
690.000000 290.000000
690.666667 286.000000
691.000000 282.333333
691.000000 279.000000
690.666667 275.666667
689.666667 272.000000
688.000000 268.000000
686.000000 264.000000
684.000000 260.000000
681.666667 256.000000
679.000000 252.000000
676.000000 248.333333
672.666667 244.666667
668.666667 240.666667
664.000000 236.333333
658.666667 232.000000
653.000000 228.000000
647.333333 224.333333
641.666667 221.000000
636.000000 217.666667
630.000000 214.333333
624.000000 211.000000
618.000000 208.000000
611.666667 205.000000
605.333333 202.333333
599.333333 199.666667
593.666667 197.333333
588.333333 195.000000
582.666667 193.000000
577.333333 191.000000
571.666667 189.000000
566.000000 187.333333
560.000000 186.000000
554.333333 185.000000
549.000000 184.000000
542.000000 183.000000
532.666667 182.000000
521.000000 181.000000
509.000000 180.000000
497.666667 179.000000
486.666667 178.000000
472.000000 177.666667
459.000000 178.000000
448.333333 179.000000
444.333333 180.000000
440.666667 181.000000
437.333333 182.000000
434.000000 183.000000
431.000000 184.333333
428.000000 186.000000
425.000000 187.666667
422.000000 189.333333
419.000000 191.000000
416.000000 193.000000
413.333333 194.666667
411.000000 196.666667
409.000000 198.666667
406.666667 201.333333
404.333333 204.333333
402.333333 207.666667
400.666667 211.000000
399.333333 214.000000
397.666667 217.333333
396.000000 221.333333
394.333333 226.000000
392.666667 231.333333
391.333333 237.000000
390.000000 243.333333
388.666667 250.000000
387.333333 257.000000
386.000000 264.000000
385.000000 271.000000
384.000000 278.000000
383.000000 284.666667
382.333333 291.000000
381.666667 297.333333
381.000000 303.666667
380.333333 310.333333
380.000000 316.666667
380.000000 323.000000
380.000000 329.333333
380.000000 336.000000
380.333333 343.333333
381.000000 351.000000
382.000000 359.000000
383.000000 367.333333
384.333333 375.666667
385.666667 383.666667
387.333333 391.333333
389.000000 399.000000
391.333333 407.000000
394.000000 415.333333
397.333333 424.000000
401.333333 433.000000
406.333333 442.666667
412.000000 452.666667
418.333333 463.000000
424.666667 473.333333
431.666667 484.333333
439.333333 495.666667
448.000000 507.000000
457.000000 518.000000
466.333333 529.333333
476.666667 541.333333
488.000000 553.666667
500.000000 566.333333
512.333333 579.000000
525.000000 592.000000
538.333333 604.666667
551.666667 617.000000
565.333333 629.000000
579.000000 641.000000
592.666667 652.666667
606.000000 664.000000
619.000000 674.666667
631.666667 685.000000
643.666667 694.666667
654.666667 704.000000
664.666667 712.666667
674.000000 720.666667
683.000000 728.000000
691.000000 734.333333
697.333333 739.666667
701.666667 743.333333
704.666667 746.333333
707.000000 748.666667
709.000000 751.000000
710.333333 753.333333
711.333333 755.333333
711.333333 757.333333
709.000000 759.333333
