977.000000 314.000000
976.333333 312.666667
975.666667 311.333333
975.000000 310.000000
974.333333 309.000000
974.000000 308.000000
974.000000 307.000000
974.000000 305.666667
974.000000 304.000000
974.000000 302.000000
974.000000 299.666667
974.000000 297.333333
974.000000 295.000000
974.333333 292.666667
975.000000 290.000000
976.000000 286.666667
977.333333 282.666667
978.666667 278.000000
980.666667 273.000000
983.000000 267.333333
986.000000 261.666667
989.000000 255.333333
992.333333 249.333333
995.666667 243.333333
999.333333 237.333333
1002.666667 231.333333
1006.000000 225.000000
1009.333333 219.333333
1013.000000 214.000000
1017.000000 209.000000
1021.000000 204.333333
1025.000000 199.666667
1029.333333 195.000000
1033.666667 190.666667
1038.333333 186.666667
1042.666667 183.333333
1047.000000 180.000000
1051.000000 176.666667
1055.333333 173.000000
1060.333333 169.333333
1065.666667 166.333333
1071.000000 163.666667
1076.333333 161.333333
1081.666667 159.333333
1087.000000 157.666667
1091.666667 156.333333
1096.333333 155.000000
1101.333333 154.000000
1107.000000 153.000000
1113.333333 152.000000
1120.333333 151.000000
1129.666667 150.000000
1139.000000 149.000000
1152.333333 148.000000
1168.000000 147.666667
1183.666667 148.000000
1194.000000 149.000000
1200.000000 150.333333
1205.000000 151.666667
1210.333333 153.333333
1214.666667 155.000000
1219.333333 157.000000
1223.666667 159.333333
1228.000000 161.666667
1231.666667 164.333333
1235.000000 167.000000
1238.000000 170.000000
1241.000000 173.000000
1244.000000 176.000000
1247.000000 178.666667
1250.000000 181.666667
1253.333333 184.666667
1257.000000 188.000000
1261.000000 191.000000
1265.000000 194.333333
1268.666667 198.000000
1272.333333 202.000000
1276.000000 206.333333
1279.666667 210.666667
1283.000000 215.333333
1286.000000 220.000000
1288.666667 224.333333
1291.000000 228.333333
1292.666667 231.666667
1294.000000 235.000000
1295.333333 238.000000
1297.333333 242.666667
1299.333333 247.666667
1301.333333 253.333333
1303.000000 258.333333
1305.000000 263.666667
1306.666667 269.000000
1308.333333 274.000000
1310.000000 279.000000
1311.666667 283.666667
1313.000000 288.333333
1314.000000 292.666667
1315.000000 297.666667
1315.666667 302.666667
1316.333333 308.666667
1316.666667 314.666667
1317.000000 320.666667
1317.000000 326.000000
1317.000000 331.333333
1317.000000 336.666667
1317.000000 342.333333
1316.666667 348.000000
1316.333333 353.666667
1315.666667 359.333333
1315.333333 365.000000
1314.666667 370.666667
1314.000000 376.000000
1313.000000 381.000000
1312.000000 386.000000
1311.000000 391.000000
1310.000000 396.333333
1308.666667 401.666667
1307.333333 407.333333
1305.666667 412.666667
1304.000000 418.000000
1302.333333 423.333333
1300.666667 428.666667
1299.000000 434.000000
1297.333333 439.333333
1295.666667 444.666667
1294.000000 450.000000
1292.000000 455.333333
1290.333333 460.333333
1288.666667 465.333333
1287.000000 470.000000
1284.666667 474.666667
1282.000000 479.333333
1278.666667 484.000000
1275.000000 489.666667
1271.000000 495.666667
1266.666667 502.333333
1262.666667 508.666667
1258.666667 515.000000
1255.333333 521.000000
1251.666667 526.666667
1248.333333 532.333333
1245.000000 537.666667
1241.666667 543.333333
1238.000000 549.000000
1234.000000 555.000000
1230.000000 561.000000
1226.000000 566.666667
1221.666667 572.333333
1217.333333 577.666667
1212.666667 583.333333
1208.333333 589.333333
1204.000000 596.000000
1199.666667 603.000000
1194.666667 610.000000
1189.333333 616.666667
1183.666667 623.000000
1178.000000 629.333333
1172.000000 636.333333
1166.333333 643.333333
1161.000000 650.666667
1156.333333 657.333333
1151.666667 664.333333
1147.000000 670.666667
1141.666667 677.333333
1136.000000 684.000000
1130.000000 691.000000
1124.000000 698.333333
1118.333333 705.666667
1113.000000 713.000000
1106.000000 722.333333
1098.333333 732.000000
1090.000000 742.000000
1083.000000 750.000000
1076.333333 757.666667
1070.000000 765.000000
1064.000000 772.333333
1057.666667 780.000000
1051.000000 788.000000
1044.000000 796.000000
1037.333333 803.333333
1031.000000 810.333333
1025.000000 816.333333
1020.000000 822.000000
1016.000000 826.666667
1013.000000 830.333333
1010.666667 833.333333
1009.000000 835.333333
1008.000000 837.000000
1007.333333 838.000000
1007.333333 838.333333
1008.000000 837.333333
