924.666667 398.666667
905.333333 397.000000
905.666667 394.666667
906.333333 392.333333
906.666667 390.333333
907.000000 388.333333
907.333333 386.000000
907.666667 383.000000
908.000000 379.666667
908.000000 376.000000
908.333333 372.000000
908.666667 367.666667
909.333333 363.333333
910.000000 358.666667
911.000000 354.333333
912.333333 349.666667
913.666667 345.000000
915.333333 339.666667
916.666667 334.333333
918.666667 329.000000
920.666667 324.000000
923.666667 319.000000
926.666667 314.000000
930.000000 309.000000
933.333333 304.333333
937.000000 299.666667
940.666667 295.333333
944.000000 290.666667
947.000000 286.333333
949.666667 282.333333
952.666667 278.333333
955.333333 274.333333
958.666667 269.666667
961.666667 265.333333
965.000000 261.000000
968.333333 257.333333
971.666667 253.666667
975.333333 250.333333
978.666667 247.000000
982.000000 244.000000
985.666667 240.000000
989.333333 235.333333
993.000000 230.666667
996.000000 227.000000
998.666667 224.000000
1001.666667 220.333333
1004.666667 216.666667
1008.000000 212.666667
1011.333333 209.333333
1015.000000 206.000000
1019.000000 203.000000
1023.000000 200.333333
1027.333333 197.666667
1031.666667 195.333333
1035.666667 193.000000
1039.333333 190.666667
1042.666667 188.333333
1046.333333 185.666667
1049.333333 183.333333
1052.666667 180.666667
1055.666667 178.333333
1059.000000 175.666667
1062.000000 173.333333
1065.333333 171.000000
1069.000000 169.000000
1072.666667 167.333333
1076.333333 165.666667
1080.000000 164.333333
1084.000000 163.000000
1087.666667 162.000000
1091.333333 161.000000
1095.000000 159.666667
1098.666667 158.333333
1103.666667 157.000000
1108.666667 156.000000
1115.666667 155.000000
1125.333333 154.000000
1135.000000 153.666667
1146.666667 154.000000
1154.666667 155.000000
1163.000000 156.000000
1168.000000 157.000000
1173.000000 158.000000
1177.666667 159.000000
1182.000000 160.333333
1186.000000 161.666667
1190.000000 163.333333
1194.000000 164.666667
1197.666667 166.333333
1201.000000 168.000000
1204.333333 169.666667
1207.666667 171.333333
1211.000000 173.000000
1214.666667 175.000000
1218.333333 177.000000
1222.333333 179.000000
1226.000000 181.000000
1229.666667 183.000000
1233.000000 185.000000
1236.000000 187.000000
1238.666667 189.333333
1241.333333 191.666667
1243.666667 194.333333
1246.000000 197.000000
1248.000000 200.000000
1250.000000 203.000000
1252.000000 206.333333
1254.000000 209.666667
1255.666667 213.000000
1257.333333 216.333333
1259.000000 219.666667
1260.666667 223.000000
1262.333333 226.333333
1263.666667 230.000000
1265.333333 233.666667
1266.666667 237.000000
1268.333333 240.333333
1270.000000 244.000000
1272.000000 248.333333
1273.666667 252.666667
1275.333333 257.000000
1276.666667 261.333333
1278.333333 266.000000
1279.666667 270.666667
1281.000000 275.000000
1282.000000 279.000000
1283.000000 282.666667
1284.000000 286.333333
1285.000000 289.666667
1285.666667 293.333333
1286.333333 296.666667
1286.666667 300.333333
1287.333333 303.666667
1287.666667 307.333333
1288.333333 310.666667
1288.666667 314.333333
1289.333333 317.666667
1289.666667 321.000000
1290.000000 324.333333
1290.000000 328.000000
1289.666667 331.666667
1289.333333 335.333333
1289.000000 338.666667
1288.666667 342.333333
1288.000000 346.000000
1287.333333 350.000000
1286.666667 354.000000
1286.000000 358.333333
1285.000000 362.666667
1284.000000 367.333333
1283.000000 372.000000
1281.666667 377.000000
1280.333333 382.000000
1278.333333 387.000000
1276.000000 392.333333
1273.000000 398.333333
1269.666667 405.000000
1266.333333 412.333333
1262.666667 419.666667
1259.000000 427.333333
1255.000000 435.000000
1251.000000 443.333333
1247.000000 452.000000
1243.000000 460.333333
1238.666667 468.333333
1234.000000 476.000000
1228.666667 484.000000
1223.333333 492.333333
1217.666667 501.000000
1212.333333 509.666667
1207.000000 518.000000
1202.000000 526.000000
1196.666667 534.333333
1191.333333 542.666667
1185.666667 551.000000
1180.333333 559.000000
1174.666667 566.666667
1169.333333 574.000000
1164.000000 581.333333
1159.000000 588.666667
1154.000000 596.333333
1149.000000 604.000000
1144.000000 611.333333
1139.000000 618.333333
1133.666667 625.000000
1128.000000 632.000000
1122.333333 639.000000
1116.666667 646.000000
1111.333333 653.000000
1105.666667 659.666667
1100.000000 666.333333
1094.333333 672.666667
1088.333333 679.666667
1082.333333 686.666667
1076.000000 693.666667
1070.333333 700.333333
1065.000000 706.666667
1060.000000 712.666667
1055.000000 718.333333
1050.000000 723.666667
1044.666667 729.333333
1039.333333 735.000000
1033.666667 741.000000
1028.333333 747.000000
1023.000000 752.666667
1018.000000 758.000000
1013.000000 763.000000
1007.666667 768.333333
1002.000000 773.666667
996.000000 779.000000
990.000000 784.000000
984.333333 788.666667
979.000000 793.333333
974.000000 797.666667
969.333333 802.000000
965.000000 806.000000
961.333333 809.333333
958.333333 812.333333
956.000000 814.666667
954.333333 816.666667
953.333333 818.000000
952.333333 819.000000
951.666667 820.000000
950.666667 821.000000
950.000000 822.000000
949.333333 821.000000
949.000000 817.333333
949.333333 810.333333
