898.333333 369.000000
896.333333 369.333333
894.333333 369.000000
893.333333 368.000000
892.666667 367.000000
892.333333 366.000000
892.000000 364.666667
892.000000 363.000000
892.000000 361.000000
892.000000 359.000000
892.000000 357.000000
892.333333 354.666667
893.000000 352.000000
894.666667 347.333333
896.666667 342.333333
898.666667 337.000000
900.333333 332.666667
902.000000 328.000000
903.666667 323.000000
905.333333 318.333333
906.666667 314.000000
908.333333 309.666667
909.666667 305.666667
911.666667 301.333333
913.666667 297.333333
916.000000 293.333333
918.333333 289.333333
921.333333 284.666667
924.666667 279.666667
928.333333 274.333333
932.000000 269.333333
936.000000 264.000000
940.000000 259.000000
943.666667 254.333333
947.333333 249.000000
950.666667 243.333333
953.666667 237.666667
956.333333 232.333333
958.333333 227.666667
960.333333 223.333333
962.333333 219.666667
964.666667 216.333333
967.000000 213.333333
969.000000 210.666667
971.333333 208.333333
974.000000 206.000000
977.333333 204.000000
981.000000 202.333333
985.000000 200.666667
988.666667 199.333333
992.333333 198.000000
995.666667 196.666667
999.000000 195.333333
1002.333333 193.666667
1006.000000 192.000000
1010.000000 190.333333
1014.000000 189.000000
1018.333333 187.666667
1023.000000 186.333333
1028.000000 185.000000
1033.000000 183.666667
1037.666667 182.333333
1042.000000 181.000000
1046.000000 179.666667
1050.000000 178.333333
1054.000000 176.666667
1058.333333 175.000000
1063.000000 173.000000
1068.000000 171.000000
1073.000000 169.333333
1078.333333 167.666667
1085.000000 166.333333
1091.666667 165.000000
1101.333333 164.666667
1110.000000 165.000000
1120.666667 166.333333
1127.666667 167.666667
1134.333333 169.000000
1138.333333 170.333333
1142.333333 171.666667
1145.666667 173.333333
1149.000000 175.000000
1152.000000 177.000000
1155.000000 179.000000
1158.333333 181.000000
1162.000000 183.000000
1166.000000 185.333333
1170.333333 188.000000
1174.666667 191.000000
1179.000000 194.000000
1183.000000 197.333333
1187.000000 201.000000
1191.000000 205.333333
1194.666667 210.000000
1198.000000 214.666667
1200.666667 219.333333
1203.000000 223.333333
1205.000000 227.333333
1207.000000 231.000000
1208.666667 235.000000
1210.000000 239.333333
1211.333333 244.000000
1212.666667 249.666667
1214.000000 256.333333
1215.000000 263.666667
1216.000000 270.666667
1217.000000 277.333333
1218.333333 284.000000
1219.666667 291.000000
1221.000000 297.666667
1222.000000 304.333333
1223.000000 310.333333
1224.000000 316.000000
1224.666667 320.666667
1225.333333 325.000000
1225.333333 329.000000
1225.333333 333.000000
1224.666667 336.666667
1223.666667 340.666667
1222.000000 345.000000
1220.000000 350.000000
1218.000000 355.333333
1215.666667 361.000000
1213.333333 366.666667
1210.666667 372.000000
1208.333333 377.333333
1205.666667 383.333333
1203.000000 390.000000
1200.000000 397.333333
1196.666667 404.666667
1193.000000 412.000000
1188.666667 419.000000
1183.666667 426.000000
1178.000000 433.333333
1172.000000 441.000000
1166.333333 449.000000
1161.000000 456.666667
1156.000000 464.000000
1151.000000 471.333333
1146.000000 478.666667
1141.000000 486.333333
1136.000000 494.000000
1131.000000 502.000000
1126.333333 509.666667
1122.000000 517.000000
1118.000000 523.666667
1114.000000 530.333333
1110.333333 536.333333
1107.000000 542.333333
1103.666667 548.000000
1100.333333 553.666667
1096.666667 559.333333
1092.666667 564.333333
1088.000000 569.333333
1082.666667 573.666667
1077.333333 578.000000
1072.333333 582.000000
1068.000000 586.333333
1063.666667 591.000000
1059.333333 596.333333
1055.333333 602.000000
1052.000000 608.000000
1049.000000 613.666667
1046.000000 619.000000
1042.666667 624.333333
1039.000000 630.000000
1035.000000 636.000000
1031.000000 642.333333
1026.666667 649.000000
1021.666667 655.666667
1016.000000 662.000000
1009.333333 668.666667
1001.666667 675.666667
993.000000 683.000000
984.666667 690.333333
976.666667 697.666667
969.000000 705.000000
961.333333 712.000000
954.000000 718.666667
947.333333 725.333333
940.666667 731.666667
934.666667 737.666667
929.000000 743.000000
924.333333 747.666667
920.333333 752.000000
917.000000 755.666667
914.666667 758.666667
913.000000 761.000000
912.000000 762.666667
911.000000 764.000000
910.000000 765.000000
909.333333 766.000000
909.000000 767.000000
909.000000 768.000000
909.000000 768.333333
