863.000000 390.666667
863.000000 389.000000
863.000000 386.666667
863.333333 384.333333
863.666667 381.333333
864.333333 378.333333
865.000000 374.333333
866.000000 370.333333
867.000000 366.000000
868.000000 362.000000
869.000000 358.000000
870.000000 354.333333
871.333333 350.666667
872.666667 347.000000
874.000000 343.333333
875.333333 340.000000
877.000000 336.666667
879.000000 333.000000
881.000000 329.000000
883.000000 325.000000
885.333333 320.666667
888.000000 316.666667
890.666667 312.666667
893.333333 309.000000
896.000000 305.333333
898.666667 301.666667
901.333333 298.333333
903.666667 295.333333
906.333333 292.333333
909.000000 289.333333
912.000000 286.000000
915.333333 282.666667
918.666667 279.333333
922.333333 275.666667
926.333333 271.666667
930.666667 267.666667
935.333333 263.666667
940.000000 260.333333
944.666667 257.333333
949.000000 255.000000
952.666667 253.000000
956.333333 250.666667
960.000000 248.333333
964.333333 246.000000
968.666667 244.000000
973.333333 242.333333
978.333333 241.000000
983.666667 240.000000
990.333333 239.000000
998.000000 238.000000
1005.666667 237.000000
1012.000000 236.000000
1017.000000 235.000000
1022.000000 234.000000
1029.000000 233.000000
1043.333333 232.666667
1057.333333 233.000000
1070.666667 234.000000
1076.333333 235.000000
1082.000000 236.000000
1086.000000 237.333333
1089.666667 238.666667
1093.000000 240.333333
1096.000000 242.000000
1099.000000 244.000000
1103.000000 247.666667
1107.000000 252.000000
1111.333333 257.000000
1114.666667 261.000000
1118.000000 265.000000
1121.000000 268.666667
1123.666667 272.000000
1126.333333 275.000000
1128.666667 278.000000
1131.000000 280.666667
1132.666667 283.000000
1134.666667 285.333333
1136.666667 287.666667
1138.666667 290.000000
1140.333333 292.333333
1141.666667 295.333333
1143.333333 299.000000
1144.666667 303.000000
1146.000000 307.333333
1147.000000 312.000000
1147.666667 317.000000
1148.333333 322.000000
1148.666667 326.666667
1149.000000 331.000000
1149.000000 335.333333
1149.000000 339.666667
1149.000000 344.000000
1149.000000 348.333333
1149.000000 352.666667
1148.666667 356.666667
1148.333333 360.333333
1147.666667 364.000000
1147.333333 368.000000
1146.666667 372.000000
1146.000000 376.000000
1145.000000 380.000000
1144.000000 384.000000
1143.000000 388.000000
1141.666667 392.000000
1140.000000 396.000000
1138.000000 400.000000
1136.000000 404.333333
1133.666667 409.000000
1131.333333 413.666667
1129.000000 418.000000
1126.666667 422.000000
1124.000000 426.333333
1121.000000 430.666667
1118.000000 435.000000
1115.000000 439.333333
1112.000000 444.000000
1109.000000 449.000000
1106.000000 454.333333
1103.000000 460.000000
1100.000000 465.666667
1097.000000 471.333333
1094.000000 476.666667
1090.666667 482.000000
1087.000000 487.000000
1083.000000 492.333333
1079.000000 498.000000
1075.000000 504.000000
1071.000000 510.000000
1067.000000 515.666667
1063.333333 521.000000
1060.000000 526.000000
1056.666667 531.000000
1053.000000 536.333333
1049.000000 542.000000
1045.000000 548.000000
1041.000000 553.666667
1036.666667 559.333333
1032.333333 564.666667
1027.666667 570.000000
1023.333333 575.000000
1019.333333 580.000000
1015.666667 585.000000
1012.333333 590.000000
1008.666667 595.333333
1005.000000 601.000000
1001.333333 606.666667
997.666667 612.000000
994.000000 617.333333
989.666667 622.333333
985.333333 627.333333
980.666667 632.333333
976.333333 637.666667
972.000000 643.000000
968.000000 648.333333
964.000000 654.000000
959.666667 659.666667
955.333333 665.333333
950.666667 670.666667
946.000000 676.000000
941.000000 681.333333
936.333333 686.666667
931.666667 692.666667
927.333333 698.666667
923.000000 705.000000
919.000000 711.000000
915.333333 717.000000
911.666667 723.000000
908.000000 729.000000
904.333333 735.000000
900.666667 741.333333
897.333333 747.333333
894.333333 752.666667
892.000000 757.000000
890.000000 761.000000
888.333333 764.333333
887.000000 767.333333
886.000000 769.666667
885.000000 771.666667
884.333333 773.000000
884.000000 774.000000
883.666667 775.000000
