882.000000 391.000000
881.333333 390.000000
881.000000 388.666667
881.000000 386.666667
881.000000 383.666667
881.000000 380.333333
881.333333 376.666667
881.666667 372.666667
882.333333 368.333333
882.666667 364.000000
883.000000 359.666667
883.333333 355.333333
883.666667 351.000000
884.666667 347.333333
885.666667 343.333333
887.000000 339.333333
888.333333 334.333333
890.000000 329.666667
891.666667 324.666667
893.333333 320.000000
894.666667 315.333333
896.000000 311.000000
897.000000 307.000000
898.333333 303.000000
900.000000 299.000000
902.000000 294.666667
904.000000 290.333333
906.000000 285.666667
908.000000 281.000000
910.000000 276.000000
912.000000 271.000000
914.333333 266.000000
917.000000 261.000000
920.333333 255.666667
923.666667 250.666667
927.333333 246.000000
931.000000 241.666667
935.333333 236.666667
939.333333 231.666667
943.333333 226.666667
947.000000 222.000000
951.333333 217.000000
955.666667 212.000000
959.666667 207.333333
963.666667 203.333333
968.333333 199.666667
974.000000 196.333333
980.000000 192.333333
986.000000 188.666667
992.000000 184.666667
998.000000 181.333333
1004.333333 178.000000
1011.000000 175.333333
1018.333333 172.666667
1025.333333 170.666667
1032.333333 168.666667
1038.666667 167.333333
1045.000000 165.666667
1051.000000 164.333333
1057.000000 163.000000
1063.333333 162.000000
1069.666667 161.000000
1078.333333 160.666667
1086.333333 161.000000
1094.333333 162.000000
1100.000000 163.333333
1106.000000 164.666667
1112.000000 166.333333
1118.000000 167.666667
1124.000000 169.000000
1129.666667 170.333333
1135.000000 172.000000
1140.000000 173.666667
1145.000000 175.333333
1150.000000 177.333333
1154.666667 179.666667
1159.333333 182.000000
1164.000000 184.000000
1169.000000 186.000000
1174.000000 188.333333
1179.000000 190.333333
1183.333333 192.333333
1187.333333 194.000000
1191.000000 196.000000
1194.333333 197.666667
1197.666667 199.333333
1200.666667 201.333333
1204.333333 203.666667
1207.666667 206.333333
1211.000000 208.666667
1214.333333 211.666667
1217.333333 214.333333
1220.333333 217.333333
1223.000000 220.000000
1226.000000 223.000000
1229.000000 226.000000
1232.000000 229.000000
1234.666667 232.000000
1237.000000 235.000000
1239.000000 238.333333
1241.000000 241.666667
1242.666667 245.333333
1244.333333 249.000000
1245.666667 253.000000
1247.000000 257.000000
1248.000000 261.666667
1248.666667 266.333333
1249.333333 271.000000
1249.666667 275.333333
1250.000000 279.666667
1250.000000 285.666667
1250.000000 291.666667
1250.000000 298.000000
1250.000000 303.000000
1250.000000 308.000000
1249.666667 313.333333
1249.000000 318.666667
1248.333333 324.333333
1247.666667 330.000000
1247.000000 336.333333
1246.000000 343.000000
1245.000000 350.000000
1243.666667 357.000000
1242.000000 364.000000
1239.666667 371.000000
1237.000000 377.666667
1234.000000 384.333333
1230.333333 391.000000
1226.333333 398.333333
1221.666667 406.000000
1217.000000 414.333333
1212.000000 423.000000
1207.000000 432.333333
1202.000000 442.000000
1196.666667 452.000000
1191.000000 461.666667
1184.666667 471.333333
1178.000000 481.000000
1171.000000 491.333333
1164.333333 502.000000
1157.666667 513.000000
1150.666667 524.333333
1143.333333 536.333333
1135.333333 548.666667
1127.666667 561.000000
1119.666667 573.000000
1112.333333 585.333333
1104.333333 597.333333
1095.666667 609.333333
1086.000000 621.333333
1076.000000 633.666667
1065.333333 646.000000
1053.666667 658.000000
1041.666667 670.333333
1029.333333 682.666667
1017.000000 695.000000
1004.333333 706.666667
992.000000 718.000000
980.000000 729.000000
968.333333 740.000000
956.666667 750.666667
945.666667 760.666667
935.333333 769.666667
927.000000 778.000000
920.333333 785.000000
915.333333 790.666667
911.666667 794.666667
909.000000 797.666667
907.333333 799.666667
906.333333 801.000000
906.000000 801.333333
906.000000 800.666667
906.000000 798.666667
906.333333 795.666667
