738.666667 351.000000
677.000000 348.666667
677.000000 346.333333
677.333333 343.333333
677.666667 340.333333
678.000000 336.666667
678.333333 333.000000
678.666667 329.000000
679.000000 324.666667
679.000000 320.000000
679.000000 315.000000
679.000000 310.333333
679.000000 305.666667
679.000000 301.000000
679.000000 295.666667
678.666667 290.000000
678.000000 283.666667
677.000000 277.333333
676.000000 271.000000
674.666667 264.666667
673.000000 258.333333
670.666667 251.666667
668.000000 245.333333
664.666667 238.666667
661.000000 232.333333
656.666667 225.666667
652.000000 219.333333
647.000000 212.666667
642.000000 206.666667
637.000000 200.666667
632.000000 195.000000
627.000000 189.333333
621.666667 183.666667
616.000000 178.333333
609.666667 173.000000
603.666667 168.000000
597.666667 163.000000
592.000000 158.333333
586.333333 154.333333
581.000000 151.000000
576.000000 148.000000
570.666667 145.333333
565.000000 143.000000
559.000000 141.000000
553.000000 139.333333
547.333333 138.000000
533.333333 137.666667
519.000000 138.000000
504.333333 139.000000
497.666667 140.000000
491.666667 141.000000
485.333333 142.000000
479.333333 143.333333
472.666667 145.000000
466.000000 147.000000
459.000000 149.333333
452.333333 152.000000
445.666667 155.333333
439.333333 159.333333
432.666667 163.666667
426.333333 168.333333
420.333333 172.666667
415.000000 177.000000
410.000000 181.000000
405.333333 184.666667
401.333333 188.000000
397.666667 191.000000
394.333333 194.333333
390.666667 198.666667
387.333333 204.000000
384.333333 210.333333
381.666667 217.333333
379.000000 225.000000
376.333333 233.000000
373.666667 241.333333
371.333333 250.000000
369.000000 259.000000
367.000000 267.666667
365.333333 275.666667
364.000000 283.000000
363.000000 290.333333
362.333333 297.333333
362.000000 304.333333
362.333333 311.000000
363.000000 318.000000
364.333333 325.000000
365.666667 332.333333
367.333333 339.666667
369.000000 347.333333
371.000000 355.333333
373.000000 363.666667
375.000000 372.000000
377.000000 379.666667
379.000000 387.666667
381.000000 396.000000
383.000000 405.333333
385.333333 414.666667
387.666667 424.333333
390.333333 434.000000
393.000000 444.000000
395.666667 453.666667
398.333333 463.000000
401.000000 471.666667
404.333333 480.666667
407.666667 489.666667
411.666667 499.000000
415.333333 508.000000
419.666667 517.000000
423.666667 526.333333
428.333333 536.333333
433.000000 546.666667
438.666667 557.000000
444.666667 567.000000
451.333333 577.333333
458.333333 588.000000
466.000000 598.666667
474.000000 609.333333
482.666667 620.000000
492.333333 631.000000
502.666667 642.000000
513.333333 653.000000
524.333333 664.000000
536.000000 675.000000
547.666667 685.666667
559.000000 696.000000
570.333333 706.000000
581.666667 715.666667
593.000000 725.333333
603.666667 735.000000
614.333333 744.666667
624.666667 754.000000
635.000000 763.000000
644.333333 771.666667
653.000000 779.666667
660.333333 786.666667
667.000000 793.000000
672.333333 798.000000
677.000000 802.000000
680.333333 804.666667
683.000000 806.666667
