714.000000 358.333333
714.000000 354.333333
713.666667 350.333333
713.333333 345.666667
712.666667 341.333333
711.666667 336.666667
710.333333 332.000000
708.333333 326.666667
706.333333 321.333333
703.666667 316.000000
701.000000 311.000000
697.666667 306.000000
694.333333 301.333333
690.333333 296.666667
686.333333 292.000000
682.000000 286.666667
677.666667 281.333333
673.333333 276.000000
668.666667 271.000000
664.000000 266.000000
659.000000 261.000000
653.666667 256.333333
648.333333 251.666667
643.000000 247.333333
637.666667 243.000000
632.333333 239.000000
627.000000 235.000000
622.000000 231.000000
616.666667 227.000000
611.333333 223.333333
606.000000 220.000000
601.333333 217.333333
597.000000 214.666667
593.333333 212.666667
590.000000 210.666667
587.000000 209.000000
584.000000 207.000000
581.333333 205.000000
579.000000 203.333333
577.000000 201.666667
575.000000 200.333333
572.666667 198.666667
570.000000 197.333333
567.333333 196.000000
564.666667 195.000000
561.666667 194.000000
558.333333 193.000000
554.333333 192.000000
536.000000 191.666667
517.333333 192.000000
499.000000 193.000000
495.333333 194.000000
492.000000 195.333333
489.000000 196.666667
486.000000 198.333333
483.333333 200.333333
480.666667 203.000000
478.333333 206.000000
475.666667 209.333333
473.333333 213.000000
471.333333 216.666667
469.666667 220.333333
468.333333 224.333333
467.333333 228.666667
466.666667 233.000000
466.333333 237.000000
466.000000 241.000000
466.000000 245.666667
466.333333 250.666667
466.666667 255.666667
467.333333 260.333333
467.666667 265.000000
468.333333 270.000000
469.000000 274.666667
470.000000 279.666667
471.000000 284.333333
472.000000 289.333333
473.000000 294.000000
473.666667 299.000000
474.333333 304.000000
475.000000 309.333333
476.000000 314.333333
477.000000 319.333333
477.666667 323.666667
478.333333 327.666667
479.000000 331.333333
480.333333 335.000000
481.666667 339.000000
483.000000 342.666667
484.000000 346.000000
485.000000 349.333333
486.333333 353.000000
487.666667 356.666667
489.000000 360.333333
490.333333 364.000000
492.000000 368.000000
494.000000 372.333333
496.333333 376.666667
499.000000 381.333333
502.000000 386.000000
505.000000 391.000000
508.000000 395.666667
511.000000 400.000000
514.000000 404.000000
517.000000 407.666667
520.000000 411.666667
523.000000 415.666667
526.000000 420.000000
529.000000 424.333333
532.333333 429.000000
536.333333 434.666667
541.000000 440.666667
546.000000 447.333333
551.000000 454.000000
556.000000 461.333333
561.000000 468.666667
566.000000 476.000000
571.000000 483.333333
576.000000 490.666667
581.333333 498.333333
587.000000 506.000000
593.000000 513.666667
599.000000 521.666667
605.333333 530.000000
611.666667 539.000000
618.000000 548.000000
624.000000 556.666667
630.333333 565.000000
637.000000 573.000000
644.000000 580.666667
651.000000 588.000000
657.666667 595.000000
664.000000 602.000000
669.666667 608.666667
675.333333 615.000000
681.000000 621.000000
687.000000 627.333333
693.000000 633.666667
698.666667 640.000000
704.000000 645.666667
708.666667 651.333333
713.000000 656.333333
716.666667 661.000000
720.000000 664.666667
723.000000 668.000000
726.000000 670.666667
729.333333 673.666667
733.000000 676.666667
736.666667 680.333333
740.333333 683.666667
743.666667 687.333333
747.333333 691.000000
750.666667 694.666667
754.000000 698.333333
757.000000 701.666667
759.666667 705.000000
762.000000 708.000000
764.000000 711.000000
765.666667 713.666667
767.000000 715.666667
768.000000 717.000000
768.666667 718.000000
769.333333 719.000000
769.666667 720.000000
