651.000000 452.000000
769.000000 450.666667
887.000000 449.333333
1005.000000 447.666667
1005.000000 445.666667
1005.000000 443.333333
1005.000000 440.666667
1005.000000 437.666667
1005.000000 433.666667
1005.333333 429.333333
1005.666667 424.666667
1006.000000 420.000000
1006.333333 415.333333
1006.666667 410.666667
1007.000000 406.333333
1007.333333 402.000000
1008.000000 397.666667
1009.000000 393.333333
1010.000000 388.333333
1011.000000 382.666667
1012.333333 376.333333
1014.000000 370.000000
1016.333333 364.000000
1019.000000 358.000000
1022.000000 352.333333
1025.333333 346.666667
1029.000000 341.333333
1033.000000 335.666667
1037.333333 330.000000
1041.666667 324.000000
1045.666667 318.333333
1049.333333 313.000000
1052.666667 308.000000
1056.333333 303.000000
1060.333333 298.333333
1065.000000 293.333333
1070.333333 288.333333
1076.000000 283.000000
1082.000000 278.000000
1087.666667 273.000000
1093.000000 268.000000
1098.000000 263.333333
1103.333333 258.666667
1109.333333 254.333333
1116.000000 250.000000
1123.000000 246.333333
1129.666667 243.000000
1136.000000 240.000000
1141.666667 237.000000
1147.333333 234.000000
1153.333333 231.000000
1160.000000 228.000000
1167.000000 225.000000
1174.000000 222.000000
1180.333333 219.333333
1186.000000 217.000000
1191.000000 215.000000
1196.000000 213.333333
1201.000000 211.666667
1206.333333 210.333333
1214.333333 209.000000
1228.666667 208.666667
1243.666667 209.000000
1256.000000 210.000000
1264.000000 211.000000
1272.333333 212.000000
1280.333333 213.000000
1286.333333 214.333333
1290.666667 215.666667
1295.000000 217.333333
1299.333333 219.000000
1304.333333 221.333333
1309.666667 223.666667
1315.333333 226.333333
1320.666667 228.666667
1326.000000 231.333333
1331.000000 233.666667
1335.666667 236.000000
1339.666667 238.000000
1343.000000 240.000000
1346.333333 242.333333
1349.666667 244.333333
1353.000000 246.666667
1356.000000 249.000000
1359.333333 252.000000
1362.666667 254.666667
1366.333333 257.333333
1369.666667 260.000000
1373.000000 263.000000
1376.000000 266.333333
1378.666667 270.000000
1381.333333 274.333333
1383.666667 278.333333
1385.666667 282.333333
1387.333333 286.000000
1388.666667 289.666667
1390.000000 293.333333
1391.000000 297.333333
1392.000000 302.000000
1393.000000 307.000000
1394.000000 312.000000
1395.000000 317.000000
1396.000000 322.333333
1397.000000 327.333333
1398.000000 332.333333
1399.000000 337.333333
1399.666667 342.666667
1400.333333 348.333333
1401.000000 354.000000
1402.000000 360.000000
1402.666667 366.000000
1403.000000 371.666667
1403.333333 377.000000
1403.666667 382.333333
1404.000000 387.666667
1404.000000 393.000000
1404.000000 398.000000
1404.000000 403.333333
1404.000000 408.666667
1403.666667 414.333333
1403.333333 419.666667
1403.000000 425.000000
1402.666667 430.000000
1402.333333 435.333333
1401.666667 441.000000
1401.000000 447.000000
1400.000000 453.000000
1399.000000 459.000000
1398.000000 465.000000
1396.666667 470.666667
1395.333333 476.333333
1394.000000 481.666667
1392.666667 487.666667
1391.333333 493.666667
1389.666667 500.333333
1388.333333 507.000000
1386.666667 513.666667
1385.000000 519.666667
1383.000000 525.666667
1380.666667 531.666667
1377.333333 538.333333
1373.000000 545.333333
1368.000000 552.666667
1363.333333 560.000000
1359.000000 566.666667
1355.000000 573.000000
1351.000000 579.333333
1347.000000 586.333333
1342.666667 593.666667
1338.000000 601.000000
1332.666667 608.000000
1326.666667 614.666667
1320.333333 621.000000
1314.000000 627.000000
1308.000000 633.666667
1302.333333 640.666667
1296.666667 648.333333
1290.666667 655.333333
1283.666667 662.333333
1276.666667 668.333333
1269.666667 674.333333
1263.666667 680.000000
1257.666667 686.000000
1251.666667 692.333333
1244.000000 699.000000
1235.666667 705.666667
1227.000000 712.000000
1219.333333 718.000000
1211.666667 723.666667
1204.333333 729.333333
1196.333333 735.333333
1188.000000 741.666667
1179.666667 747.666667
1172.000000 753.333333
1165.333333 758.666667
1158.666667 764.000000
1151.666667 769.000000
1143.666667 774.000000
1135.333333 779.000000
1127.333333 784.000000
1120.000000 789.000000
1113.000000 794.333333
1105.333333 800.000000
1097.000000 805.666667
1088.333333 811.000000
1080.333333 815.666667
1073.333333 820.000000
1067.000000 823.666667
1061.333333 827.333333
1055.666667 831.000000
1049.333333 835.000000
1042.333333 839.000000
1035.333333 843.000000
1029.333333 846.666667
1024.666667 850.000000
1021.000000 852.666667
1018.000000 855.000000
1015.666667 856.666667
1013.666667 858.000000
1012.666667 859.000000
1011.666667 860.000000
1011.000000 861.000000
1010.333333 861.333333
1010.333333 860.666667
1011.000000 859.000000
