686.333333 413.333333
685.000000 411.666667
684.000000 409.333333
683.000000 407.000000
682.000000 403.666667
681.333333 400.333333
681.333333 395.333333
681.666667 390.333333
682.333333 384.666667
682.666667 380.333333
683.000000 375.666667
683.333333 371.000000
684.000000 366.333333
684.666667 362.000000
685.333333 357.666667
686.333333 353.333333
687.666667 349.000000
689.000000 344.666667
690.333333 340.000000
692.000000 335.000000
694.000000 329.666667
696.333333 324.000000
698.666667 318.333333
701.333333 312.666667
704.000000 307.333333
706.666667 302.333333
709.000000 298.000000
711.000000 294.000000
713.000000 290.000000
715.333333 285.666667
717.666667 281.333333
720.000000 277.000000
722.000000 273.000000
724.333333 269.000000
727.000000 264.666667
730.000000 260.666667
733.333333 256.666667
737.666667 253.000000
742.666667 249.000000
747.666667 245.000000
752.333333 241.000000
756.666667 237.333333
761.666667 233.333333
766.666667 229.333333
772.333333 224.666667
778.000000 220.333333
784.333333 216.000000
791.000000 212.000000
797.666667 208.333333
804.000000 205.000000
810.000000 202.000000
816.333333 199.000000
823.000000 196.666667
829.666667 194.666667
836.000000 193.000000
842.000000 191.333333
847.666667 190.000000
853.000000 189.000000
857.666667 188.000000
862.333333 187.000000
867.000000 186.000000
881.000000 185.666667
894.666667 186.000000
910.333333 187.000000
919.666667 188.000000
929.666667 189.000000
937.666667 190.000000
943.000000 191.000000
949.666667 192.000000
956.333333 193.000000
963.000000 194.333333
967.666667 195.666667
972.333333 197.000000
977.000000 198.000000
982.000000 199.000000
986.666667 200.333333
991.000000 202.000000
995.000000 204.333333
998.666667 207.000000
1002.333333 210.333333
1005.666667 214.000000
1009.000000 218.000000
1012.000000 221.666667
1015.333333 225.333333
1018.666667 229.000000
1022.333333 233.000000
1025.666667 237.000000
1029.666667 241.000000
1033.333333 245.333333
1037.333333 250.333333
1040.666667 256.000000
1044.000000 262.000000
1046.666667 267.666667
1049.000000 273.000000
1050.666667 278.000000
1052.333333 282.666667
1053.666667 288.000000
1055.000000 293.666667
1056.333333 300.333333
1057.333333 307.000000
1058.333333 314.000000
1059.000000 320.666667
1059.666667 326.666667
1060.333333 332.666667
1060.666667 339.000000
1061.000000 346.000000
1061.000000 353.333333
1061.000000 361.000000
1060.333333 369.000000
1059.333333 377.000000
1057.666667 385.000000
1056.000000 393.333333
1054.000000 402.000000
1051.666667 410.666667
1049.000000 419.000000
1046.000000 427.000000
1042.666667 435.333333
1039.000000 443.333333
1034.666667 451.333333
1030.000000 459.000000
1025.333333 467.000000
1020.666667 474.666667
1016.000000 482.666667
1011.000000 490.666667
1005.666667 499.333333
1000.333333 507.666667
994.333333 516.000000
988.333333 524.000000
981.666667 532.333333
975.666667 541.000000
969.666667 550.000000
964.000000 558.666667
958.000000 566.666667
951.666667 574.666667
944.666667 582.666667
937.333333 591.333333
930.000000 599.666667
923.333333 608.000000
916.666667 615.666667
910.000000 623.333333
902.666667 631.000000
895.000000 639.000000
887.333333 647.333333
880.000000 655.666667
873.333333 663.666667
866.333333 671.666667
858.666667 680.000000
850.333333 689.333333
842.000000 699.000000
834.000000 708.666667
826.000000 718.333333
818.000000 728.000000
809.333333 738.000000
800.333333 747.666667
791.333333 757.000000
782.666667 765.666667
774.000000 774.000000
764.666667 782.000000
755.333333 790.000000
746.666667 797.666667
739.000000 804.666667
732.666667 810.666667
727.000000 816.000000
722.000000 820.666667
717.333333 824.666667
713.333333 828.000000
710.000000 830.666667
707.333333 832.666667
705.333333 834.000000
704.000000 835.000000
