743.666667 414.000000
720.666667 412.666667
720.333333 411.333333
720.000000 409.666667
720.000000 408.000000
720.000000 406.000000
720.000000 404.000000
720.000000 401.666667
720.333333 399.000000
720.666667 396.000000
721.333333 393.000000
721.666667 389.666667
722.333333 386.000000
723.000000 382.000000
723.666667 378.000000
724.333333 374.333333
724.666667 370.666667
725.333333 367.000000
726.000000 363.000000
727.000000 359.000000
728.333333 354.666667
730.000000 350.333333
732.666667 345.666667
736.000000 340.666667
740.333333 334.666667
744.666667 328.333333
749.333333 322.000000
753.666667 316.000000
757.666667 310.000000
761.333333 304.333333
765.000000 298.666667
769.000000 292.666667
773.666667 286.333333
779.000000 279.666667
785.000000 273.333333
791.333333 267.000000
797.666667 261.000000
803.666667 255.333333
809.666667 249.333333
816.333333 243.333333
823.666667 237.000000
831.333333 231.000000
839.000000 225.000000
846.333333 219.333333
853.000000 214.000000
860.000000 208.666667
867.666667 203.666667
876.333333 199.000000
884.666667 195.000000
892.666667 190.666667
900.000000 186.333333
907.666667 181.666667
916.000000 177.333333
925.000000 173.000000
933.666667 169.333333
942.000000 166.000000
950.333333 163.000000
959.000000 160.000000
968.000000 157.333333
976.666667 155.333333
984.666667 154.000000
992.000000 153.000000
999.000000 152.000000
1006.000000 151.000000
1019.000000 150.666667
1033.000000 151.000000
1046.000000 152.000000
1052.000000 153.000000
1055.666667 154.333333
1060.000000 156.000000
1064.666667 158.000000
1070.333333 160.333333
1076.000000 163.000000
1081.666667 166.000000
1086.666667 169.333333
1091.000000 173.000000
1095.000000 176.666667
1099.000000 180.333333
1102.666667 184.000000
1106.333333 187.666667
1110.000000 191.666667
1113.666667 195.666667
1117.333333 200.333333
1121.000000 204.666667
1125.000000 209.666667
1129.000000 214.333333
1132.666667 219.333333
1136.000000 223.666667
1139.000000 228.333333
1142.000000 232.666667
1144.666667 237.000000
1147.000000 241.333333
1148.666667 246.000000
1150.000000 251.000000
1151.000000 256.333333
1152.000000 262.000000
1153.000000 268.000000
1153.666667 273.666667
1154.000000 279.000000
1154.000000 284.000000
1154.000000 289.000000
1154.000000 294.000000
1154.000000 299.333333
1154.000000 305.000000
1153.666667 311.000000
1153.333333 317.000000
1153.000000 322.666667
1152.666667 328.000000
1152.333333 333.000000
1151.666667 338.000000
1151.333333 343.000000
1150.666667 348.333333
1150.000000 354.000000
1149.333333 359.666667
1148.666667 365.333333
1148.000000 371.000000
1147.000000 376.666667
1146.000000 382.000000
1145.333333 387.000000
1144.333333 392.333333
1143.333333 398.333333
1141.666667 404.666667
1139.666667 411.333333
1137.333333 417.333333
1135.000000 423.333333
1132.666667 429.000000
1130.000000 435.333333
1127.000000 441.666667
1124.000000 448.333333
1120.666667 455.333333
1117.333333 462.333333
1114.000000 469.333333
1111.000000 476.000000
1108.000000 483.333333
1105.000000 491.000000
1102.000000 499.000000
1098.333333 507.000000
1094.333333 514.666667
1089.666667 521.666667
1084.666667 528.333333
1079.333333 535.333333
1074.000000 542.666667
1069.000000 550.333333
1064.333333 558.000000
1060.000000 565.333333
1055.666667 572.333333
1050.666667 579.000000
1045.000000 586.000000
1038.666667 592.666667
1032.333333 599.666667
1026.000000 606.333333
1020.333333 613.333333
1015.000000 620.000000
1009.666667 626.666667
1003.666667 633.666667
996.333333 640.666667
988.666667 648.333333
981.333333 655.666667
975.000000 663.000000
968.666667 669.666667
961.666667 676.666667
953.666667 683.666667
945.000000 691.333333
936.666667 698.666667
929.000000 706.333333
921.666667 713.666667
913.666667 721.333333
904.666667 728.666667
895.333333 736.000000
886.666667 743.333333
878.666667 750.666667
870.000000 758.000000
860.000000 765.000000
849.666667 771.333333
840.333333 777.000000
832.666667 782.333333
825.666667 787.666667
820.000000 792.666667
815.333333 796.666667
811.333333 800.333333
807.666667 803.333333
804.333333 805.666667
802.000000 807.000000
800.333333 808.000000
800.000000 808.333333
800.666667 808.000000
802.000000 807.000000
803.000000 806.000000
804.333333 804.666667
805.666667 802.666667
