830.000000 340.333333
830.000000 338.666667
830.000000 337.333333
830.333333 335.666667
830.666667 334.000000
831.333333 332.000000
831.666667 329.666667
832.333333 327.333333
832.666667 324.666667
833.333333 322.333333
834.000000 319.666667
835.000000 317.000000
836.000000 313.666667
837.000000 310.333333
838.333333 306.666667
840.000000 303.333333
842.333333 299.666667
844.666667 296.000000
847.333333 292.000000
850.000000 288.000000
852.666667 284.000000
855.333333 279.666667
857.666667 275.333333
860.000000 271.000000
862.000000 267.000000
864.000000 263.333333
866.000000 259.666667
868.333333 256.333333
870.666667 253.333333
873.333333 250.666667
876.000000 248.000000
879.333333 245.000000
883.000000 242.000000
887.000000 239.000000
891.000000 236.000000
895.000000 233.000000
899.000000 229.666667
902.666667 226.333333
906.000000 222.666667
909.333333 219.333333
912.666667 216.000000
916.333333 212.666667
920.000000 209.333333
924.000000 206.333333
928.000000 203.666667
932.000000 201.333333
936.000000 199.000000
940.000000 197.333333
944.000000 195.666667
947.666667 194.000000
951.333333 192.333333
954.666667 190.666667
958.333333 189.333333
962.000000 187.666667
966.000000 186.000000
970.000000 184.333333
974.333333 182.666667
979.000000 181.333333
984.000000 180.000000
988.666667 179.000000
1000.666667 178.666667
1012.666667 179.000000
1024.666667 180.000000
1029.333333 181.000000
1034.000000 182.000000
1038.666667 183.000000
1043.000000 184.333333
1047.000000 186.000000
1050.666667 188.000000
1054.333333 190.000000
1058.000000 192.000000
1062.333333 194.333333
1067.000000 196.666667
1071.666667 199.666667
1076.333333 203.000000
1080.666667 207.000000
1085.000000 211.000000
1089.000000 215.000000
1093.000000 219.333333
1096.666667 223.666667
1099.666667 228.000000
1102.333333 232.000000
1104.666667 236.000000
1107.000000 239.666667
1109.333333 243.333333
1111.666667 247.000000
1114.333333 250.666667
1116.666667 254.666667
1119.000000 258.666667
1120.666667 263.000000
1122.333333 267.000000
1124.000000 271.333333
1125.666667 275.666667
1127.000000 280.000000
1127.666667 284.333333
1128.333333 289.000000
1128.666667 294.000000
1129.000000 299.000000
1129.000000 304.333333
1129.000000 309.666667
1128.666667 315.333333
1128.000000 320.333333
1126.666667 325.333333
1125.333333 329.666667
1123.666667 334.333333
1122.000000 339.000000
1120.000000 344.000000
1117.666667 349.000000
1115.000000 354.333333
1112.333333 360.000000
1109.666667 365.666667
1107.333333 371.000000
1104.666667 376.000000
1100.333333 383.333333
1095.333333 391.000000
1089.666667 399.333333
1085.000000 406.000000
1080.333333 412.666667
1075.666667 419.333333
1071.333333 425.666667
1066.666667 432.333333
1062.333333 439.000000
1058.000000 446.333333
1054.000000 453.666667
1050.000000 461.000000
1045.666667 467.666667
1041.333333 474.000000
1036.666667 480.666667
1032.000000 487.666667
1027.000000 495.333333
1022.333333 502.666667
1018.000000 510.333333
1014.000000 517.666667
1010.000000 525.666667
1005.666667 534.000000
1001.333333 542.666667
996.666667 551.333333
992.000000 559.666667
987.333333 568.000000
982.666667 576.000000
978.333333 584.000000
973.666667 592.000000
969.333333 600.000000
965.333333 608.000000
961.666667 615.666667
958.000000 623.333333
954.333333 631.000000
950.666667 639.000000
947.000000 646.666667
943.000000 654.000000
939.000000 661.000000
935.333333 667.333333
931.333333 673.333333
927.333333 679.000000
923.333333 685.000000
919.666667 691.000000
916.333333 697.000000
913.000000 702.666667
909.666667 708.333333
906.333333 713.333333
903.000000 718.333333
899.666667 722.666667
896.333333 727.000000
892.666667 731.333333
889.000000 735.666667
885.333333 740.000000
881.666667 744.333333
878.333333 749.000000
875.000000 754.000000
872.000000 758.666667
869.000000 763.000000
866.000000 767.000000
863.000000 771.000000
859.666667 775.000000
856.000000 779.333333
851.666667 784.000000
847.333333 789.000000
842.666667 793.666667
838.666667 798.000000
835.000000 801.666667
832.333333 805.000000
830.000000 807.666667
828.000000 810.333333
826.333333 812.666667
825.000000 815.000000
824.333333 817.000000
823.666667 818.666667
823.333333 820.000000
823.000000 821.000000
823.000000 822.000000
