860.000000 376.000000
860.333333 374.666667
860.666667 373.000000
861.333333 370.666667
862.000000 368.333333
862.666667 365.666667
863.000000 363.000000
863.333333 359.666667
864.000000 356.333333
864.666667 353.000000
865.333333 349.666667
866.000000 346.000000
867.333333 342.000000
869.000000 338.000000
871.000000 333.666667
873.333333 328.666667
876.333333 323.333333
880.000000 317.666667
884.000000 312.000000
887.666667 306.333333
892.333333 299.666667
897.000000 293.666667
902.666667 287.000000
907.333333 282.000000
912.666667 276.333333
918.000000 271.000000
924.000000 265.666667
930.000000 261.000000
936.000000 257.000000
941.333333 253.333333
946.333333 250.000000
952.666667 246.000000
959.000000 242.000000
965.666667 237.666667
970.666667 234.333333
976.000000 231.333333
981.333333 228.666667
986.333333 225.666667
991.333333 222.333333
995.666667 219.000000
1000.000000 216.000000
1004.333333 213.000000
1009.000000 210.000000
1014.000000 207.000000
1019.000000 204.000000
1024.000000 201.333333
1029.000000 199.333333
1034.000000 197.666667
1038.666667 196.333333
1043.000000 195.000000
1047.000000 194.000000
1052.333333 193.000000
1058.333333 192.000000
1068.666667 191.000000
1080.333333 190.666667
1094.000000 191.000000
1106.666667 192.000000
1117.666667 193.000000
1126.666667 194.333333
1132.666667 195.666667
1138.000000 197.000000
1143.000000 198.333333
1147.666667 200.000000
1152.333333 202.333333
1156.666667 204.666667
1161.000000 207.333333
1165.333333 210.000000
1169.666667 213.000000
1174.000000 216.333333
1178.000000 220.000000
1182.000000 224.000000
1185.333333 228.000000
1188.333333 232.000000
1190.666667 236.000000
1193.000000 240.000000
1195.000000 244.333333
1197.000000 249.000000
1198.666667 254.000000
1200.000000 259.000000
1201.000000 264.333333
1201.666667 269.333333
1202.333333 274.333333
1203.000000 278.666667
1203.666667 283.333333
1204.333333 288.000000
1204.666667 292.666667
1205.000000 297.333333
1205.000000 302.000000
1205.000000 307.333333
1205.000000 312.666667
1205.000000 318.000000
1205.000000 323.000000
1205.000000 328.000000
1204.666667 333.000000
1204.000000 337.666667
1203.000000 342.333333
1202.333333 347.333333
1201.333333 353.000000
1200.333333 358.666667
1198.666667 364.333333
1197.333333 369.666667
1195.666667 375.000000
1194.000000 380.333333
1191.666667 385.666667
1188.666667 391.000000
1185.333333 396.333333
1181.666667 402.000000
1178.000000 408.000000
1173.666667 413.666667
1169.333333 419.666667
1165.000000 425.666667
1159.333333 434.333333
1153.333333 443.000000
1147.000000 452.000000
1142.000000 458.666667
1136.666667 465.333333
1131.000000 471.666667
1124.666667 478.000000
1118.666667 484.000000
1112.666667 490.333333
1107.333333 496.666667
1101.666667 503.333333
1096.333333 509.666667
1090.666667 516.000000
1085.000000 522.000000
1079.000000 528.666667
1073.000000 535.666667
1067.000000 543.666667
1061.333333 551.666667
1056.000000 559.666667
1050.666667 567.333333
1044.666667 575.000000
1038.000000 583.333333
1031.000000 591.666667
1024.333333 600.000000
1017.666667 608.000000
1011.000000 615.666667
1003.666667 623.333333
996.000000 631.000000
988.000000 639.333333
980.333333 647.666667
973.000000 655.666667
966.333333 663.333333
959.333333 670.666667
952.333333 678.333333
944.666667 686.333333
937.333333 694.333333
930.333333 702.333333
924.000000 709.666667
918.333333 716.666667
913.000000 723.333333
907.666667 729.666667
902.333333 736.333333
897.000000 742.666667
892.000000 748.666667
887.000000 754.000000
882.333333 758.666667
878.333333 763.000000
875.000000 766.333333
872.333333 769.000000
870.000000 770.666667
868.333333 772.333333
866.666667 773.666667
