683.000000 362.000000
683.000000 360.000000
735.000000 357.666667
787.000000 355.333333
839.666667 352.333333
840.666667 349.333333
842.333333 345.666667
844.000000 342.333333
846.000000 338.666667
848.000000 335.000000
850.333333 331.000000
852.666667 326.666667
855.000000 322.333333
857.333333 317.666667
860.000000 313.333333
862.666667 309.333333
865.333333 305.333333
868.333333 301.333333
871.666667 297.000000
876.000000 292.333333
880.333333 287.333333
885.333333 282.333333
889.666667 277.666667
894.000000 273.000000
898.000000 268.000000
901.666667 263.333333
905.000000 259.000000
908.000000 255.000000
911.000000 251.333333
914.666667 248.000000
919.000000 245.000000
923.666667 242.000000
928.333333 238.666667
933.333333 234.666667
938.666667 230.333333
943.333333 226.000000
947.333333 222.333333
951.000000 219.000000
955.000000 215.666667
959.000000 212.333333
963.000000 209.000000
967.000000 206.000000
971.333333 203.000000
976.000000 200.333333
981.000000 198.000000
986.000000 195.666667
990.666667 193.666667
995.333333 191.666667
1001.333333 189.333333
1007.666667 187.000000
1014.000000 185.000000
1019.000000 183.666667
1024.333333 182.333333
1031.333333 181.000000
1038.333333 180.000000
1044.666667 179.000000
1049.000000 178.000000
1059.666667 177.666667
1070.333333 178.000000
1081.333333 179.000000
1086.000000 180.333333
1090.333333 181.666667
1094.666667 183.000000
1098.666667 184.333333
1103.000000 186.000000
1107.333333 188.000000
1112.000000 189.666667
1117.000000 191.333333
1121.666667 193.000000
1126.000000 195.333333
1130.000000 197.666667
1134.000000 200.333333
1138.000000 202.666667
1141.333333 205.333333
1144.666667 208.333333
1147.666667 212.000000
1150.666667 216.000000
1153.333333 220.000000
1156.000000 224.333333
1158.666667 228.666667
1161.333333 233.000000
1163.666667 237.333333
1166.333333 242.000000
1169.000000 247.000000
1172.000000 252.333333
1175.000000 258.000000
1178.000000 264.333333
1180.666667 270.666667
1183.000000 276.666667
1184.666667 282.666667
1186.000000 288.333333
1187.333333 295.000000
1188.333333 301.333333
1189.000000 308.666667
1189.000000 315.333333
1189.000000 322.333333
1188.666667 329.000000
1188.000000 335.666667
1186.666667 342.666667
1185.000000 349.333333
1183.000000 356.666667
1181.000000 363.333333
1178.666667 370.333333
1176.000000 376.666667
1173.000000 383.333333
1170.000000 389.666667
1166.666667 396.666667
1163.333333 403.666667
1160.000000 411.000000
1157.000000 417.666667
1154.000000 424.000000
1150.666667 430.000000
1147.333333 436.333333
1143.666667 442.666667
1140.000000 448.666667
1136.000000 454.333333
1132.000000 460.000000
1127.666667 465.666667
1123.333333 471.000000
1119.000000 476.000000
1115.000000 481.000000
1111.000000 486.666667
1107.000000 492.666667
1102.666667 499.000000
1098.333333 505.333333
1094.000000 511.666667
1089.666667 517.666667
1085.000000 523.333333
1080.000000 529.000000
1075.000000 535.000000
1070.000000 541.000000
1065.333333 547.000000
1061.000000 553.000000
1057.000000 559.000000
1053.000000 564.666667
1049.000000 570.333333
1045.000000 575.666667
1041.000000 581.000000
1037.000000 585.666667
1032.666667 590.666667
1028.333333 595.666667
1024.000000 600.666667
1020.333333 605.333333
1016.666667 610.000000
1013.333333 614.666667
1010.000000 619.000000
1006.666667 623.333333
1003.000000 627.666667
999.000000 632.333333
994.666667 637.000000
990.000000 642.000000
984.666667 647.333333
979.333333 652.666667
974.000000 658.333333
969.333333 663.666667
965.000000 668.666667
960.666667 673.000000
956.000000 677.333333
950.666667 681.666667
945.333333 686.333333
939.333333 691.000000
933.666667 696.000000
928.000000 701.333333
922.666667 707.000000
917.333333 712.666667
910.333333 720.000000
903.333333 727.000000
896.000000 734.333333
890.333333 740.000000
885.000000 745.666667
880.000000 751.333333
875.333333 757.000000
871.000000 762.666667
867.333333 767.666667
863.666667 772.333333
859.666667 777.000000
855.666667 781.666667
851.666667 786.000000
848.333333 789.666667
845.333333 793.000000
843.000000 795.666667
841.000000 797.666667
839.333333 799.333333
838.000000 800.666667
837.000000 802.000000
837.000000 802.333333
837.666667 802.000000
