836.000000 379.000000
835.000000 378.000000
834.000000 376.333333
833.333333 374.333333
833.000000 371.666667
833.000000 369.000000
833.333333 365.333333
834.000000 361.333333
835.000000 357.000000
836.666667 352.333333
838.666667 347.333333
841.333333 341.333333
844.333333 335.000000
848.000000 327.666667
851.666667 320.333333
855.000000 313.000000
858.000000 306.333333
861.000000 299.666667
864.000000 293.333333
867.333333 286.333333
871.333333 279.333333
875.333333 272.333333
880.000000 266.000000
884.666667 260.333333
890.000000 255.000000
895.000000 250.000000
900.666667 244.666667
907.000000 239.000000
914.333333 233.333333
921.666667 228.000000
929.333333 223.333333
936.666667 219.000000
943.333333 215.000000
949.666667 211.000000
955.666667 207.333333
962.666667 204.000000
969.666667 201.333333
977.333333 199.000000
984.666667 197.000000
991.666667 195.333333
998.000000 194.000000
1004.333333 193.000000
1026.000000 192.666667
1047.333333 193.000000
1068.000000 194.000000
1073.333333 195.333333
1078.666667 196.666667
1083.666667 198.000000
1088.333333 199.333333
1092.333333 201.000000
1096.333333 203.666667
1100.000000 207.000000
1104.000000 211.333333
1107.666667 215.666667
1111.000000 220.666667
1114.333333 225.666667
1118.000000 231.000000
1121.666667 236.000000
1125.333333 241.000000
1129.000000 246.666667
1132.666667 253.000000
1136.000000 260.000000
1139.000000 266.666667
1141.666667 273.000000
1144.000000 279.333333
1146.000000 285.666667
1147.666667 292.333333
1149.000000 299.000000
1150.000000 306.000000
1151.000000 313.000000
1152.000000 319.666667
1153.000000 326.333333
1153.666667 333.000000
1154.000000 340.000000
1154.000000 347.666667
1153.666667 355.666667
1153.333333 363.666667
1152.666667 371.333333
1152.000000 379.000000
1151.000000 387.000000
1149.666667 395.333333
1148.000000 404.000000
1145.666667 413.000000
1143.000000 421.333333
1140.000000 429.333333
1136.666667 437.000000
1133.000000 445.000000
1129.000000 453.000000
1125.000000 461.000000
1120.666667 468.666667
1116.333333 476.000000
1112.000000 483.333333
1107.666667 491.333333
1103.333333 500.000000
1098.333333 509.000000
1093.333333 517.666667
1088.000000 526.333333
1082.666667 535.000000
1077.333333 543.666667
1072.333333 552.000000
1067.666667 560.000000
1063.666667 567.333333
1059.666667 574.333333
1056.333333 580.666667
1052.666667 587.333333
1049.333333 594.000000
1045.666667 600.666667
1041.666667 607.333333
1037.333333 613.666667
1033.000000 620.000000
1028.666667 625.666667
1024.333333 631.333333
1020.000000 636.666667
1016.000000 642.000000
1012.333333 647.000000
1008.666667 652.000000
1005.333333 657.000000
1001.666667 661.666667
998.000000 666.000000
993.333333 670.333333
988.000000 674.666667
982.000000 679.000000
976.000000 683.333333
969.666667 687.666667
963.000000 692.333333
955.333333 697.000000
947.333333 702.000000
939.000000 707.000000
931.000000 711.666667
923.000000 716.333333
915.000000 720.666667
907.333333 724.666667
900.666667 727.666667
895.333333 730.000000
891.333333 732.000000
888.000000 733.666667
