928.333333 327.000000
927.000000 325.000000
926.333333 322.333333
926.333333 318.666667
926.666667 315.000000
927.333333 311.000000
928.333333 306.666667
929.666667 302.333333
931.333333 297.666667
933.000000 292.666667
935.333333 286.666667
937.666667 280.333333
940.333333 273.666667
942.666667 267.666667
945.666667 262.000000
948.333333 257.333333
951.333333 252.000000
953.666667 247.000000
956.000000 242.000000
958.000000 238.000000
960.000000 234.333333
962.000000 230.666667
963.666667 227.666667
965.333333 224.666667
967.000000 222.000000
969.000000 219.000000
971.333333 216.333333
974.333333 213.333333
977.666667 210.333333
981.333333 207.333333
984.666667 205.000000
988.333333 202.666667
992.000000 200.666667
995.666667 198.666667
999.000000 197.000000
1002.333333 195.333333
1006.000000 193.666667
1009.666667 192.000000
1013.666667 190.000000
1018.000000 188.333333
1023.000000 186.333333
1028.000000 184.333333
1033.000000 182.000000
1038.000000 179.666667
1042.666667 177.333333
1047.000000 175.000000
1051.000000 173.000000
1055.333333 170.666667
1060.333333 168.333333
1065.666667 166.333333
1071.000000 164.666667
1076.000000 163.000000
1081.333333 161.333333
1088.000000 160.000000
1097.666667 159.666667
1108.666667 160.000000
1120.333333 161.000000
1129.000000 162.000000
1136.000000 163.333333
1140.666667 164.666667
1144.666667 166.333333
1148.666667 168.000000
1152.333333 170.333333
1156.666667 172.666667
1160.666667 175.333333
1165.333333 178.000000
1169.666667 181.000000
1174.000000 184.000000
1178.333333 186.666667
1182.666667 189.333333
1186.666667 192.000000
1190.000000 194.666667
1194.000000 199.000000
1198.000000 204.000000
1202.000000 209.666667
1205.000000 214.333333
1208.000000 218.666667
1210.666667 223.333333
1213.333333 228.000000
1215.666667 232.666667
1218.000000 237.333333
1220.333333 242.000000
1222.666667 247.333333
1225.000000 252.666667
1227.000000 258.666667
1228.666667 264.666667
1230.000000 271.000000
1231.000000 276.666667
1232.000000 282.333333
1232.666667 288.000000
1233.000000 294.000000
1233.000000 300.000000
1233.000000 306.333333
1232.666667 312.666667
1232.000000 319.000000
1231.000000 324.666667
1230.000000 330.000000
1228.666667 335.333333
1227.000000 341.000000
1225.333333 347.000000
1223.666667 353.000000
1222.000000 358.666667
1220.333333 364.333333
1218.666667 369.666667
1216.666667 375.000000
1214.333333 380.000000
1212.000000 385.000000
1210.000000 390.333333
1207.666667 396.333333
1205.333333 403.000000
1202.666667 410.000000
1200.000000 417.000000
1196.666667 424.000000
1193.000000 431.000000
1188.666667 438.333333
1184.000000 446.000000
1179.333333 453.666667
1174.666667 461.000000
1170.333333 468.000000
1166.000000 474.666667
1162.000000 481.333333
1158.000000 488.000000
1154.000000 495.000000
1150.000000 502.333333
1145.666667 509.333333
1141.000000 516.333333
1136.000000 522.666667
1130.666667 529.666667
1125.333333 536.666667
1120.000000 544.333333
1115.333333 551.666667
1110.666667 559.000000
1106.333333 565.666667
1102.000000 572.000000
1098.000000 578.000000
1093.333333 584.000000
1088.000000 590.666667
1082.666667 597.333333
1077.333333 604.333333
1072.333333 611.000000
1067.333333 617.333333
1062.666667 623.666667
1058.000000 630.000000
1052.666667 637.000000
1047.333333 644.000000
1041.333333 651.000000
1035.666667 657.666667
1029.666667 663.666667
1024.333333 669.333333
1019.000000 674.666667
1014.333333 680.000000
1009.333333 685.666667
1004.333333 691.666667
999.000000 698.333333
993.666667 705.000000
988.000000 711.666667
982.333333 718.333333
976.666667 725.333333
971.000000 732.666667
965.333333 740.333333
960.333333 747.333333
956.000000 753.666667
952.666667 758.666667
950.000000 762.666667
948.333333 765.666667
947.000000 767.666667
946.000000 769.000000
945.333333 770.000000
945.000000 771.000000
945.000000 770.666667
