535.333333 388.666667
534.000000 385.666667
533.333333 381.666667
532.666667 376.666667
532.333333 371.000000
532.000000 364.666667
531.666667 358.000000
531.333333 351.000000
530.666667 344.000000
530.333333 336.666667
529.666667 329.000000
529.000000 321.333333
528.000000 314.000000
527.333333 307.333333
526.666667 301.000000
525.666667 295.333333
524.333333 290.000000
523.000000 285.000000
522.000000 280.333333
521.000000 276.000000
519.666667 272.000000
518.000000 267.666667
516.000000 263.333333
513.666667 258.666667
511.000000 254.000000
508.000000 249.333333
504.666667 244.666667
501.333333 240.333333
497.666667 235.666667
494.333333 230.666667
491.000000 225.333333
488.000000 220.000000
485.000000 215.333333
482.000000 211.000000
479.000000 207.000000
476.000000 203.000000
473.000000 199.333333
470.000000 196.000000
467.000000 193.000000
463.666667 190.333333
460.333333 188.000000
457.000000 185.666667
453.666667 183.333333
450.000000 181.333333
446.333333 179.666667
442.666667 178.333333
439.333333 177.000000
435.666667 175.666667
432.333333 174.333333
428.666667 173.000000
425.333333 172.000000
421.666667 171.000000
417.000000 170.000000
404.666667 169.666667
390.666667 170.000000
377.333333 171.000000
371.333333 172.000000
366.666667 173.000000
362.000000 174.000000
357.000000 175.333333
352.000000 176.666667
347.333333 178.333333
342.333333 180.000000
337.333333 182.000000
332.000000 184.000000
326.666667 186.000000
321.333333 188.333333
315.666667 190.666667
310.666667 193.333333
306.000000 195.666667
301.666667 198.000000
297.666667 200.333333
293.666667 203.000000
290.666667 206.000000
287.333333 209.333333
284.333333 213.000000
281.000000 217.000000
278.000000 221.000000
275.333333 225.000000
272.666667 229.333333
270.000000 233.666667
267.000000 238.333333
264.333333 243.000000
262.000000 248.333333
259.666667 254.000000
257.333333 260.333333
255.333333 266.666667
253.666667 273.000000
252.333333 279.000000
251.000000 285.000000
250.000000 291.000000
249.000000 296.666667
248.333333 302.000000
247.666667 307.000000
247.333333 312.000000
246.666667 316.666667
246.333333 321.000000
246.000000 325.000000
246.000000 329.000000
246.000000 333.000000
246.333333 337.333333
246.666667 342.000000
247.333333 347.333333
248.333333 353.000000
249.666667 359.333333
251.333333 365.666667
253.000000 372.333333
255.333333 378.666667
257.666667 385.333333
260.333333 391.666667
263.333333 398.333333
266.666667 405.000000
270.333333 412.000000
274.000000 419.000000
277.666667 426.333333
281.333333 434.000000
285.333333 442.000000
289.666667 450.000000
294.666667 458.333333
300.000000 467.000000
305.666667 476.000000
311.333333 485.000000
317.000000 494.333333
323.000000 503.666667
328.666667 513.000000
334.333333 522.000000
340.000000 531.333333
346.000000 540.666667
352.333333 550.000000
359.000000 559.000000
366.000000 568.333333
373.000000 577.666667
380.000000 587.333333
387.333333 596.666667
395.333333 606.333333
403.333333 615.666667
411.333333 625.333333
418.666667 634.333333
426.333333 643.000000
434.000000 651.333333
442.000000 660.000000
450.000000 669.333333
458.000000 679.000000
465.333333 689.000000
472.333333 699.000000
478.666667 708.666667
485.000000 718.333333
491.333333 727.666667
497.666667 737.000000
503.666667 745.666667
509.333333 754.000000
514.666667 761.333333
519.666667 768.000000
524.000000 774.000000
528.000000 779.666667
532.000000 785.000000
536.000000 789.666667
540.000000 794.000000
543.666667 797.666667
547.333333 801.333333
550.666667 804.666667
554.000000 807.666667
557.000000 810.000000
559.666667 812.000000
562.000000 814.000000
563.666667 815.666667
565.000000 817.000000
566.000000 818.000000
567.000000 819.000000
567.666667 820.000000
568.333333 821.000000
569.000000 822.000000
569.666667 823.000000
