869.000000 373.000000
868.333333 370.666667
868.000000 368.000000
868.000000 365.000000
868.000000 362.000000
868.333333 358.666667
868.666667 355.000000
869.000000 351.333333
869.333333 347.666667
870.000000 344.000000
871.000000 340.000000
872.333333 335.666667
874.000000 331.000000
876.000000 325.666667
878.666667 320.333333
881.666667 314.666667
885.000000 309.333333
888.000000 304.000000
891.333333 299.000000
894.666667 294.000000
898.000000 289.000000
901.000000 283.666667
904.333333 277.666667
907.666667 271.666667
911.000000 266.333333
913.666667 262.000000
916.666667 257.666667
919.666667 253.666667
923.333333 249.333333
927.333333 245.333333
932.000000 241.000000
936.666667 237.666667
941.000000 234.333333
945.000000 231.333333
949.000000 228.333333
952.666667 225.333333
956.333333 222.000000
960.000000 218.000000
964.000000 214.333333
968.333333 211.333333
973.000000 209.000000
977.666667 207.000000
982.000000 205.000000
986.333333 203.000000
990.666667 201.333333
995.000000 199.666667
999.000000 198.333333
1002.666667 197.000000
1006.333333 196.000000
1010.000000 194.666667
1014.333333 193.333333
1018.666667 192.000000
1025.000000 191.000000
1034.000000 190.666667
1044.000000 191.000000
1057.333333 192.000000
1068.000000 193.000000
1078.333333 194.000000
1084.000000 195.000000
1089.333333 196.000000
1094.333333 197.333333
1098.666667 198.666667
1103.333333 200.666667
1107.666667 202.666667
1112.333333 205.000000
1117.000000 207.666667
1122.000000 210.666667
1126.666667 214.333333
1131.333333 217.666667
1135.333333 221.666667
1139.333333 225.666667
1143.000000 229.666667
1146.666667 233.666667
1150.333333 237.666667
1153.666667 242.333333
1157.000000 247.000000
1160.000000 251.666667
1163.000000 256.666667
1165.666667 261.333333
1168.000000 266.333333
1170.000000 270.666667
1171.666667 275.000000
1173.333333 279.000000
1174.666667 282.666667
1176.000000 286.666667
1177.000000 291.000000
1177.666667 296.333333
1178.333333 302.333333
1178.666667 309.000000
1179.000000 315.666667
1179.000000 321.666667
1179.000000 327.333333
1179.333333 332.666667
1179.666667 338.000000
1180.000000 343.333333
1180.000000 348.666667
1180.000000 354.000000
1180.000000 359.000000
1179.666667 364.000000
1179.333333 369.000000
1179.000000 373.666667
1178.666667 378.333333
1178.333333 383.000000
1177.666667 388.333333
1177.333333 394.000000
1176.666667 400.333333
1176.000000 406.666667
1175.000000 413.000000
1173.666667 419.000000
1172.000000 424.666667
1170.333333 430.666667
1168.333333 436.333333
1166.000000 442.666667
1163.333333 448.666667
1160.666667 455.000000
1158.333333 461.000000
1156.000000 466.666667
1154.000000 472.000000
1152.000000 477.000000
1149.000000 483.333333
1146.000000 489.666667
1142.666667 496.000000
1140.000000 501.000000
1137.000000 506.333333
1133.666667 511.666667
1130.000000 517.000000
1125.666667 522.000000
1121.333333 527.000000
1116.666667 532.333333
1112.000000 538.000000
1107.000000 544.000000
1102.000000 550.000000
1096.666667 556.000000
1091.333333 561.666667
1085.666667 567.333333
1080.000000 572.666667
1074.000000 578.333333
1068.333333 584.000000
1062.666667 590.333333
1057.000000 597.000000
1050.666667 604.000000
1044.333333 610.666667
1037.666667 617.000000
1031.333333 623.000000
1024.666667 629.000000
1018.333333 635.333333
1011.333333 642.000000
1004.333333 649.000000
997.000000 655.666667
990.000000 662.000000
983.333333 667.666667
977.000000 673.000000
971.333333 678.000000
966.000000 683.000000
961.000000 688.000000
956.000000 693.000000
951.333333 698.000000
946.666667 703.000000
942.000000 708.000000
937.333333 712.666667
932.666667 717.333333
928.333333 721.333333
924.000000 725.333333
920.000000 728.666667
916.000000 732.333333
912.000000 736.333333
908.000000 740.666667
904.000000 744.666667
900.333333 748.333333
897.333333 751.333333
895.000000 754.000000
893.000000 756.000000
891.666667 757.666667
890.666667 759.000000
890.333333 760.000000
889.666667 761.000000
