707.666667 415.000000
708.333333 413.000000
708.666667 410.666667
709.000000 408.333333
709.000000 405.666667
709.333333 403.333333
709.666667 400.666667
710.000000 398.333333
710.000000 395.666667
710.333333 393.333333
710.666667 390.666667
711.000000 388.333333
711.333333 385.666667
711.666667 383.000000
712.000000 380.000000
712.000000 377.000000
712.000000 373.666667
712.000000 370.000000
712.000000 366.000000
712.000000 362.000000
712.000000 358.000000
712.000000 354.333333
712.000000 350.666667
712.000000 347.000000
712.000000 343.000000
712.000000 339.000000
711.666667 335.000000
711.333333 331.000000
710.666667 327.000000
710.333333 323.333333
710.000000 319.666667
709.666667 316.000000
709.000000 312.000000
708.000000 308.000000
707.000000 304.000000
706.000000 300.000000
704.666667 296.333333
703.333333 292.333333
701.666667 288.333333
700.333333 284.333333
698.666667 280.666667
697.000000 276.666667
695.000000 272.333333
693.333333 268.333333
691.666667 264.666667
690.000000 261.000000
688.000000 257.333333
686.000000 254.000000
684.000000 251.000000
682.000000 248.000000
680.000000 245.000000
678.000000 242.333333
676.000000 239.666667
674.000000 237.000000
671.666667 234.000000
669.333333 231.000000
667.000000 228.000000
664.666667 225.000000
661.666667 222.000000
658.000000 219.000000
654.333333 216.000000
650.666667 213.333333
647.000000 211.000000
643.000000 208.666667
639.000000 206.333333
635.333333 204.333333
631.666667 202.666667
628.000000 201.333333
624.000000 199.666667
619.666667 198.000000
615.000000 196.333333
610.000000 195.000000
605.000000 194.000000
600.000000 193.000000
595.000000 192.000000
588.666667 191.000000
581.333333 190.000000
567.333333 189.666667
553.000000 190.333333
539.333333 191.666667
532.333333 193.333333
526.666667 195.000000
521.000000 197.000000
515.000000 199.000000
509.333333 201.333333
503.666667 203.666667
498.333333 206.333333
493.000000 208.666667
488.333333 211.000000
483.666667 213.333333
479.333333 215.666667
475.000000 218.333333
471.000000 220.666667
467.333333 223.333333
463.333333 225.666667
459.333333 228.333333
455.333333 231.000000
451.666667 234.000000
448.000000 237.333333
444.333333 241.000000
440.666667 245.000000
437.666667 249.000000
434.666667 252.666667
432.333333 256.666667
430.000000 261.000000
428.333333 265.666667
427.000000 270.000000
426.000000 274.000000
425.000000 278.000000
424.333333 282.000000
423.666667 286.000000
423.333333 290.000000
422.666667 294.000000
422.333333 298.333333
422.000000 302.666667
421.666667 307.333333
421.333333 311.666667
421.000000 316.333333
420.666667 320.666667
420.666667 325.000000
420.666667 329.000000
421.000000 333.000000
421.000000 337.333333
421.000000 341.666667
421.333333 346.000000
421.666667 350.000000
422.333333 354.000000
423.000000 358.333333
424.000000 362.666667
425.000000 367.333333
426.333333 372.000000
427.666667 376.666667
429.333333 381.333333
431.000000 386.333333
433.333333 391.666667
435.666667 397.666667
438.000000 403.666667
440.333333 409.666667
443.000000 415.333333
446.000000 420.666667
449.000000 426.000000
452.000000 431.000000
455.333333 436.333333
458.666667 442.000000
462.333333 448.000000
466.000000 454.000000
469.666667 460.333333
473.333333 466.333333
476.666667 472.666667
480.000000 478.666667
483.000000 484.666667
485.666667 490.333333
488.333333 496.000000
491.000000 502.000000
494.000000 507.666667
496.666667 513.333333
499.333333 518.666667
502.333333 524.333333
505.666667 530.333333
509.333333 536.666667
512.666667 543.333333
516.333333 549.666667
520.000000 556.333333
523.666667 562.666667
527.333333 569.000000
531.000000 575.333333
535.333333 581.666667
540.000000 588.333333
545.000000 595.000000
550.000000 602.000000
555.000000 609.000000
560.000000 615.666667
565.000000 622.333333
570.000000 629.000000
575.000000 636.333333
580.000000 643.666667
585.000000 651.000000
589.666667 658.000000
594.333333 664.333333
598.666667 670.333333
603.000000 675.333333
606.666667 680.333333
610.333333 684.666667
613.666667 689.333333
617.000000 694.333333
620.000000 699.666667
623.000000 705.000000
626.000000 710.000000
628.666667 715.000000
631.333333 719.666667
633.666667 723.666667
636.000000 727.333333
638.333333 730.333333
640.666667 733.333333
643.000000 736.000000
645.333333 739.000000
648.000000 742.000000
651.000000 745.000000
654.333333 748.333333
657.666667 752.000000
661.000000 755.666667
664.000000 759.333333
667.000000 762.666667
670.000000 766.000000
672.666667 769.000000
675.333333 772.000000
678.000000 775.000000
681.000000 777.666667
684.000000 780.333333
687.000000 782.666667
690.000000 785.000000
693.000000 787.333333
696.000000 789.666667
699.000000 792.333333
702.000000 794.666667
704.666667 797.333333
707.333333 799.666667
709.666667 802.333333
712.000000 804.666667
714.000000 807.333333
716.000000 809.333333
717.666667 811.333333
719.000000 813.000000
720.000000 814.666667
721.000000 816.000000
721.666667 817.000000
722.333333 818.000000
723.000000 819.000000
724.333333 819.333333
725.333333 818.666667
